C5[0,-1,0,0,1,0,0,0,0]*(-2*s*a4-a4*t)
C5[0,0,0,0,1,0,0,0,-1]*(s*a4)
C5[-1,0,0,1,0,0,0,0,0]*(t*a3)
C5[-1,0,0,0,0,1,0,0,0]*(-2*s*a5)
C5[0,-1,0,0,0,1,0,0,0]*(-2*s*a5)
C5[0,0,0,0,0,1,0,-1,0]*(s*a5)
C5[0,0,0,0,0,1,0,0,-1]*(s*a5)
C5[0,0,0,0,0,1,0,0,0]*(s*m1^2*a5)
C5[-1,0,0,0,0,0,0,1,0]*(-a7*t)
C5[0,0,0,0,0,0,0,0,0]*(-t*a6-t*a3+a7*t+a8*t)
C5[0,-1,0,0,0,0,0,0,1]*(-a8*t)
C5[0,0,0,-1,0,1,0,0,0]*(s*a5)
C5[0,0,0,0,0,1,-1,0,0]*(s*a5)
C5[0,0,0,0,1,0,-1,0,0]*(s*a4+a4*t)
C5[0,0,0,1,0,0,0,0,0]*(-m1^2*t*a3)
C5[0,-1,0,0,0,0,1,0,0]*(t*a6)

C5[0,-1,0,0,1,0,0,0,0]*(-3*s*a4-2*a4*t)
C5[0,0,0,0,1,0,0,0,-1]*(s*a4)
C5[0,0,0,0,1,0,0,0,0]*(m2^2*s*a4+m2^2*a4*t)
C5[-1,0,0,0,0,1,0,0,0]*(-2*s*a5)
C5[0,-1,0,0,0,1,0,0,0]*(-2*s*a5)
C5[0,0,0,0,0,1,0,-1,0]*(2*s*a5)
C5[0,0,0,0,0,1,0,0,-1]*(2*s*a5)
C5[0,0,0,0,0,1,0,0,0]*(-s^2*a5)
C5[-1,0,0,0,0,0,0,1,0]*(a7*s)
C5[0,0,0,0,0,0,0,0,0]*(-t*a6+s*a5+s*a4-a7*s+a4*t-s*a8)
C5[0,-1,0,0,0,0,0,0,1]*(s*a8)
C5[0,-1,0,0,0,0,1,0,0]*(2*t*a6-s*a6)
C5[0,0,0,0,0,0,1,0,0]*(-m2^2*t*a6)
C5[0,0,0,1,0,0,-1,0,0]*(t*a3)
C5[0,0,0,0,1,0,-1,0,0]*(s*a4+a4*t)
C5[0,0,0,0,-1,0,1,0,0]*(-t*a6)
C5[0,0,0,0,0,0,1,0,-1]*(s*a6)
C5[0,0,0,1,0,-1,0,0,0]*(-t*a3)
C5[0,0,0,1,-1,0,0,0,0]*(t*a3)
C5[0,0,-1,0,0,1,0,0,0]*(-s*a5)
C5[0,0,-1,1,0,0,0,0,0]*(t*a3)
C5[0,0,0,1,0,0,0,0,0]*(m2^2*t*a3+s*t*a3)
C5[0,0,0,1,0,0,0,-1,0]*(s*a3)
C5[-1,0,0,1,0,0,0,0,0]*(-s*a3)
C5[0,-1,0,1,0,0,0,0,0]*(-2*t*a3)

C5[0,-1,0,0,1,0,0,0,0]*(3*s*a4+a4*t)
C5[0,0,0,0,0,0,0,0,0]*(t*a6-s*a5-s*a4+t*a3-a7*t+s*a6-a8*t+s*a3)
C5[0,0,0,0,1,0,-1,0,0]*(-s*a4-a4*t)
C5[0,0,0,0,1,0,0,0,-1]*(-s*a4)
C5[0,0,0,0,1,0,0,0,0]*(-m2^2*s*a4)
C5[0,0,0,0,0,1,0,-1,0]*(-s*a5)
C5[0,0,-1,0,0,1,0,0,0]*(s*a5)
C5[0,-1,0,0,0,0,0,0,1]*(s*a8+3*a8*t)
C5[0,0,0,0,0,0,0,0,1]*(-m2^2*a8*t)
C5[-1,0,0,1,0,0,0,0,0]*(-t*a3-s*a3)
C5[0,-1,0,0,0,0,1,0,0]*(-t*a6-s*a6)
C5[0,0,0,0,0,0,-1,0,1]*(-s*a8-a8*t)
C5[0,0,0,0,0,1,0,0,-1]*(-s*a5)
C5[0,0,0,-1,0,0,0,1,0]*(-a7*s)
C5[0,0,0,0,0,0,0,1,0]*(a7*s*t-a7*s*m1^2+m2^2*a7*t)
C5[0,0,0,0,-1,0,0,0,1]*(-a8*t)
C5[0,0,0,-1,0,1,0,0,0]*(s*a5)
C5[0,0,0,0,0,1,-1,0,0]*(s*a5)
C5[0,0,0,0,0,1,0,0,0]*(s*m1^2*a5+s^2*a5)
C5[-1,0,0,0,0,0,0,1,0]*(a7*s+a7*t)
C5[0,-1,0,0,0,0,0,1,0]*(-2*a7*t)
C5[0,0,-1,0,0,0,0,1,0]*(a7*t)
C5[0,0,0,0,-1,0,0,1,0]*(a7*t)
C5[0,0,0,0,0,-1,0,1,0]*(-a7*t)
C5[0,0,0,0,0,0,-1,1,0]*(a7*t)
C5[0,0,0,1,0,0,0,0,0]*(m1^2*t*a3+s*m1^2*a3)

