C5[1,1,1,0,0,0,0,0,0]  #  7
C5[0,0,1,1,0,0,0,0,0]  # 12
C5[0,0,1,0,1,0,0,0,0]  # 20
C5[1,0,1,0,1,0,0,0,0]  # 21
C5[1,1,-3,1,1,0,0,0,0] # 27
C5[0,0,1,1,1,0,0,0,0]  # 28
C5[0,0,1,1,2,0,0,0,0]  # 28
C5[0,0,1,2,1,0,0,0,0]  # 28
C5[1,0,1,1,1,0,0,0,0]  # 29
C5[1,0,1,1,2,0,0,0,0]  # 29
C5[1,1,1,1,1,0,0,0,0]  # 31
C5[1,1,1,1,2,0,0,0,0]  # 31
C5[1,1,0,0,0,1,0,0,0]  # 35
C5[1,1,0,0,0,2,0,0,0]  # 35
C5[1,1,1,0,0,1,0,0,0]  # 39
C5[1,1,0,1,0,1,0,0,0]  # 43
C5[1,1,0,1,0,2,0,0,0]  # 43
C5[0,0,1,1,0,1,0,0,0]  # 44
C5[0,1,1,1,0,1,0,0,0]  # 46
C5[0,1,1,1,0,2,0,0,0]  # 46
C5[0,1,1,2,0,1,0,0,0]  # 46
C5[1,1,1,1,0,1,0,0,0]  # 47
C5[1,1,1,1,0,2,0,0,0]  # 47
C5[1,1,1,2,0,1,0,0,0]  # 47
C5[1,1,0,0,1,1,0,0,0]  # 51
C5[1,1,0,0,1,2,0,0,0]  # 51
C5[0,0,1,0,1,1,0,0,0]  # 52
C5[1,0,1,0,1,1,0,0,0]  # 53
C5[1,0,1,0,1,2,0,0,0]  # 53
C5[1,0,1,0,2,1,0,0,0]  # 53
C5[1,1,1,0,1,1,0,0,0]  # 55
C5[1,1,1,0,1,2,0,0,0]  # 55
C5[1,1,1,0,2,1,0,0,0]  # 55
C5[0,0,0,1,1,1,0,0,0]  # 56
C5[1,1,0,1,1,1,0,0,0]  # 59
C5[1,1,0,1,1,2,0,0,0]  # 59
C5[1,1,0,1,2,1,0,0,0]  # 59
C5[0,0,1,1,1,1,0,0,0]  # 60
C5[1,0,1,1,1,1,0,0,0]  # 61
C5[1,0,1,1,1,2,0,0,0]  # 61
C5[1,0,1,1,2,1,0,0,0]  # 61
C5[1,0,1,2,1,1,0,0,0]  # 61
C5[0,1,1,1,1,1,0,0,0]  # 62
C5[0,1,1,1,1,2,0,0,0]  # 62
C5[0,1,1,1,2,1,0,0,0]  # 62
C5[0,1,1,2,1,1,0,0,0]  # 62
C5[1,1,1,1,1,1,0,0,0]  # 63
C5[1,1,1,1,1,2,0,0,0]  # 63
C5[1,2,1,1,1,1,0,0,0]  # 63
