B51[-1, 0, 1, 1, 1, 1, 0]
B51[-1, 1, 1, 0, 1, 1, 0]
B51[-1, 1, 1, 1, 1, 0, 0]
B51[-1, 1, 1, 1, 1, 1, 0]
B51[0, 0, 0, 1, 1, 1, 0]
B51[0, 0, 1, 0, 1, 1, 0]
B51[0, 0, 1, 1, 0, 1, 0]
B51[0, 0, 1, 1, 1, 1, -1]
B51[0, 0, 1, 1, 1, 1, 0]
B51[0, 1, 0, 0, 1, 1, 0]
B51[0, 1, 1, -1, 1, 1, 0]
B51[0, 1, 1, 0, 0, 1, 0]
B51[0, 1, 1, 0, 1, 0, 0]
B51[0, 1, 1, 0, 1, 1, -1]
B51[0, 1, 1, 0, 1, 1, 0]
B51[0, 1, 1, 1, 0, 0, 0]
B51[0, 1, 1, 1, 0, 1, 0]
B51[0, 1, 1, 1, 1, 0, 0]
B51[0, 1, 1, 1, 1, 1, -1]
B51[0, 1, 1, 1, 1, 1, 0]
B51[1, -1, 0, 1, 1, 1, 0]
B51[1, 0, -1, 1, 1, 1, 0]
B51[1, 0, 0, 0, 1, 1, 0]
B51[1, 0, 0, 1, 0, 1, 0]
B51[1, 0, 0, 1, 1, 0, 0]
B51[1, 0, 0, 1, 1, 1, -1]
B51[1, 0, 0, 1, 1, 1, 0]
B51[1, 1, -1, 0, 1, 1, 0]
B51[1, 1, -1, 1, 1, 0, 0]
B51[1, 1, -1, 1, 1, 1, 0]
B51[1, 1, 0, 0, 0, 1, 0]
B51[1, 1, 0, 0, 1, 1, -1]
B51[1, 1, 0, 0, 1, 1, 0]
B51[1, 1, 0, 1, 0, 0, 0]
B51[1, 1, 0, 1, 0, 1, 0]
B51[1, 1, 0, 1, 1, 0, 0]
B51[1, 1, 0, 1, 1, 1, -1]
B51[1, 1, 0, 1, 1, 1, 0]
B51[-1, 0, 1, 1, 1, 1, 0]
B51[-1, 1, 1, 0, 1, 1, 0]
B51[-1, 1, 1, 1, 1, 0, 0]
B51[-1, 1, 1, 1, 1, 1, 0]
B51[0, 0, 0, 1, 1, 1, 0]
B51[0, 0, 1, 0, 1, 1, 0]
B51[0, 0, 1, 1, 0, 1, 0]
B51[0, 0, 1, 1, 1, 1, -1]
B51[0, 0, 1, 1, 1, 1, 0]
B51[0, 1, 0, 0, 1, 1, 0]
B51[0, 1, 1, -1, 1, 1, 0]
B51[0, 1, 1, 0, 0, 1, 0]
B51[0, 1, 1, 0, 1, 0, 0]
B51[0, 1, 1, 0, 1, 1, -1]
B51[0, 1, 1, 0, 1, 1, 0]
B51[0, 1, 1, 1, 0, 0, 0]
B51[0, 1, 1, 1, 0, 1, 0]
B51[0, 1, 1, 1, 1, 0, 0]
B51[0, 1, 1, 1, 1, 1, -1]
B51[0, 1, 1, 1, 1, 1, 0]
B51[1, -1, 0, 1, 1, 1, 0]
B51[1, 0, -1, 1, 1, 1, 0]
B51[1, 0, 0, 0, 1, 1, 0]
B51[1, 0, 0, 1, 0, 1, 0]
B51[1, 0, 0, 1, 1, 0, 0]
B51[1, 0, 0, 1, 1, 1, -1]
B51[1, 0, 0, 1, 1, 1, 0]
B51[1, 1, -1, 0, 1, 1, 0]
B51[1, 1, -1, 1, 1, 0, 0]
B51[1, 1, -1, 1, 1, 1, 0]
B51[1, 1, 0, 0, 0, 1, 0]
B51[1, 1, 0, 0, 1, 1, -1]
B51[1, 1, 0, 0, 1, 1, 0]
B51[1, 1, 0, 1, 0, 0, 0]
B51[1, 1, 0, 1, 0, 1, 0]
B51[1, 1, 0, 1, 1, 0, 0]
B51[1, 1, 0, 1, 1, 1, -1]
B51[1, 1, 0, 1, 1, 1, 0]
B51[0, -1, 0, 2, 1, 1, 0]
B51[0, -1, 1, 1, 1, 1, 0]
B51[0, -1, 1, 2, 0, 1, 0]
B51[0, -1, 1, 2, 1, 1, 0]
B51[0, 0, 0, 2, 1, 0, 0]
B51[0, 0, 0, 2, 1, 1, 0]
B51[0, 0, 1, 1, 1, 0, 0]
B51[0, 0, 1, 2, 0, 0, 0]
B51[0, 0, 1, 2, 0, 1, 0]
B51[0, 0, 1, 2, 1, 0, 0]
B51[0, 0, 1, 2, 1, 1, 0]
B51[0, 1, 0, 1, 1, 0, 0]
B51[0, 1, 0, 1, 1, 1, 0]
B51[0, -1, 0, 2, 1, 1, 0]
B51[0, -1, 1, 1, 1, 1, 0]
B51[0, -1, 1, 2, 0, 1, 0]
B51[0, -1, 1, 2, 1, 1, 0]
B51[0, 0, 0, 2, 1, 0, 0]
B51[0, 0, 0, 2, 1, 1, 0]
B51[0, 0, 1, 1, 1, 0, 0]
B51[0, 0, 1, 2, 0, 0, 0]
B51[0, 0, 1, 2, 0, 1, 0]
B51[0, 0, 1, 2, 1, 0, 0]
B51[0, 0, 1, 2, 1, 1, 0]
B51[0, 1, 0, 1, 1, 0, 0]
B51[0, 1, 0, 1, 1, 1, 0]
B51[0, 2, 0, -1, 1, 1, 0]
B51[0, 2, 0, 0, 1, 0, 0]
B51[0, 2, 0, 0, 1, 1, 0]
B51[1, 1, 0, -1, 1, 1, 0]
B51[1, 1, 0, 0, 1, 0, 0]
B51[1, 2, 0, -1, 0, 1, 0]
B51[1, 2, 0, -1, 1, 1, 0]
B51[1, 2, 0, 0, 0, 0, 0]
B51[1, 2, 0, 0, 0, 1, 0]
B51[1, 2, 0, 0, 1, 0, 0]
B51[1, 2, 0, 0, 1, 1, 0]
B51[0, 2, 0, -1, 1, 1, 0]
B51[0, 2, 0, 0, 1, 0, 0]
B51[0, 2, 0, 0, 1, 1, 0]
B51[1, 1, 0, -1, 1, 1, 0]
B51[1, 1, 0, 0, 1, 0, 0]
B51[1, 2, 0, -1, 0, 1, 0]
B51[1, 2, 0, -1, 1, 1, 0]
B51[1, 2, 0, 0, 0, 0, 0]
B51[1, 2, 0, 0, 0, 1, 0]
B51[1, 2, 0, 0, 1, 0, 0]
B51[1, 2, 0, 0, 1, 1, 0]