511 10329345525867666171 1 9
2 8 6 4 1 5 3 7 0 

510 11845737498517768535 1 8
2 5 3 7 8 6 4 1 

509 5796404627984872574 1 8
2 8 6 4 5 3 7 0 

507 2676196206116968268 1 8
7 5 3 0 6 4 8 1 

503 14145254633007199876 1 8
2 5 7 0 8 6 4 1 

495 8294316064418859196 1 8
2 8 6 1 5 3 7 0 

479 4213924454953062995 1 8
2 3 7 0 8 6 4 1 

447 13396091502026802382 1 8
2 8 4 1 5 3 7 0 

383 2670901856648151722 1 8
2 5 3 0 8 6 4 1 

255 5545594958648369429 1 8
2 6 4 1 5 7 3 0 

508 937798239301398565 1 7
2 8 6 4 5 3 7 

506 11034756489710368908 1 7
7 5 3 6 4 8 1 

505 282187477379841185 1 7
6 4 8 7 5 3 0 

502 8632510552150679211 1 7
2 5 7 8 6 4 1 

501 4892380696989733376 1 7
2 5 7 0 8 6 4 

499 16603545533721733194 1 7
5 7 0 6 4 8 1 

494 3270246282635977057 1 7
2 8 6 1 5 3 7 

493 15379305694365788163 1 7
2 8 6 5 3 7 0 

491 16403512698696681238 2 7
6 8 1 7 5 3 0 
8 6 1 7 5 3 0 

487 3722498972770672607 1 7
2 5 7 0 8 6 1 

478 11627568132739488579 1 7
2 3 7 8 6 4 1 

477 4623070130004108477 1 7
2 3 7 0 8 6 4 

475 8508522125851145552 1 7
3 7 0 6 4 8 1 

471 4784619079778969110 1 7
2 0 7 6 4 8 1 

463 10168962555233817534 1 7
2 3 7 0 8 6 1 

446 10747174510844080124 1 7
2 8 4 1 5 3 7 

445 629397409759989788 1 7
2 8 4 5 3 7 0 

443 18406004595229133262 1 7
8 4 1 7 5 3 0 

439 13733548833244336859 1 7
2 5 7 0 8 4 1 

431 5477173996327862488 1 7
2 8 1 5 3 7 0 

415 16798500507695483948 1 7
2 3 7 0 8 4 1 

382 10718258967069450767 1 7
2 5 3 8 6 4 1 

381 14463942435165550499 1 7
2 8 6 4 5 3 0 

379 1810081588500440476 1 7
0 3 5 6 4 8 1 

375 134114987156655419 1 7
2 5 0 8 6 4 1 

367 3360037973816702501 1 7
2 8 6 1 5 3 0 

351 4902041219524339845 1 7
2 3 0 8 6 4 1 

319 9310243381028045613 1 7
2 8 4 1 5 3 0 

254 3038095235800716434 1 7
2 5 7 3 6 4 1 

253 328300981113694650 1 7
2 6 4 5 7 3 0 

251 12838942999404718495 1 7
6 4 1 7 5 3 0 

247 12249746436488147345 1 7
2 5 7 0 6 4 1 

239 9876620898518439665 1 7
2 6 1 5 7 3 0 

223 42433713832800952 1 7
2 6 4 1 3 7 0 

191 17528383621303119069 1 7
2 4 1 7 5 3 0 

127 5320737026919693320 1 7
2 6 4 1 3 5 0 

504 10073302817426747880 1 6
7 5 3 6 4 8 

500 10019999740974649635 1 6
2 5 7 8 6 4 

498 15417601901298003561 2 6
5 7 6 4 8 1 
7 5 6 4 8 1 

497 7080818738723996002 1 6
5 7 0 6 4 8 

492 14909717501206729385 1 6
2 8 6 5 3 7 

490 449885103899986947 2 6
7 5 3 6 8 1 
7 5 3 8 6 1 

489 18421066867695196398 2 6
6 8 7 5 3 0 
8 6 7 5 3 0 

486 5169675813194670515 1 6
2 5 7 8 6 1 

485 9843966749237925354 1 6
2 8 6 5 7 0 

483 6298003067889298166 2 6
5 7 0 6 8 1 
5 7 0 8 6 1 

476 6141475193094930593 1 6
2 3 7 8 6 4 

474 18071195342968735024 2 6
3 7 6 4 8 1 
7 3 6 4 8 1 

473 15769879210533890756 1 6
6 4 8 3 7 0 

470 14971677682134895756 1 6
2 7 6 4 8 1 

469 599164402304207696 1 6
2 0 7 6 4 8 

467 3438098703201744797 1 6
0 7 6 4 8 1 

462 9684443334296301883 1 6
2 3 7 8 6 1 

461 12459320971701025500 1 6
2 8 6 3 7 0 

459 8144022439400433969 2 6
3 7 0 6 8 1 
3 7 0 8 6 1 

455 5495135004561552702 1 6
2 0 7 8 6 1 

444 5194073857394476776 1 6
2 8 4 5 3 7 

442 59304015841698091 1 6
7 5 3 8 4 1 

441 17630838918473480292 1 6
8 4 7 5 3 0 

438 1097975895662082761 1 6
2 5 7 8 4 1 

437 4143234465711067718 1 6
2 8 4 5 7 0 

435 13903140344603211329 1 6
5 7 0 8 4 1 

430 8551182878532940559 1 6
2 8 1 5 3 7 

429 14771357570388851525 2 6
2 8 5 3 7 0 
8 2 5 3 7 0 

427 8547843650050035655 1 6
8 1 7 5 3 0 

423 16195810104796969192 1 6
2 8 1 5 7 0 

414 7105780418208894176 1 6
2 3 7 8 4 1 

413 11674323376249113436 1 6
2 8 4 3 7 0 

411 473030015192588653 1 6
3 7 0 8 4 1 

407 14883410814571861453 1 6
2 0 7 8 4 1 

399 12694537923753722335 1 6
2 8 1 3 7 0 

380 13190515250873888557 1 6
2 5 3 8 6 4 

377 10085081116906011857 1 6
6 4 8 0 3 5 

374 4686928695500268148 1 6
2 5 8 6 4 1 

373 13909312103980333552 1 6
2 5 0 8 6 4 

371 3954319197920206469 1 6
0 5 6 4 8 1 

366 9654995607108207575 1 6
2 5 3 8 6 1 

365 4584373168660767921 1 6
2 8 6 5 3 0 

363 6491332880759958445 2 6
0 3 5 6 8 1 
0 3 5 8 6 1 

359 3365042047907552851 1 6
2 5 0 8 6 1 

350 12738219845134920965 1 6
2 3 8 6 4 1 

349 16065561028632936269 1 6
2 3 0 8 6 4 

347 16672548328932372026 1 6
0 3 6 4 8 1 

343 5159059869184895142 2 6
0 2 6 4 8 1 
2 0 6 4 8 1 

335 2749051239790036537 1 6
2 3 0 8 6 1 

318 11802716057823237257 1 6
2 5 3 8 4 1 

317 8271627829109909203 1 6
2 8 4 5 3 0 

315 12533778069614625903 1 6
0 3 5 8 4 1 

311 15360588966717630462 1 6
2 5 0 8 4 1 

303 5984454631720885909 1 6
2 8 1 5 3 0 

287 3759724773395084189 1 6
2 3 0 8 4 1 

252 16587479982573393171 1 6
2 6 4 5 7 3 

250 8825373379807480421 1 6
7 5 3 6 4 1 

249 718752615057270307 1 6
6 4 7 5 3 0 

246 8736746102165548820 1 6
2 5 7 6 4 1 

245 17323412333143288741 1 6
2 6 4 5 7 0 

243 1780416925396531782 1 6
5 7 0 6 4 1 

238 16290236454594283280 1 6
2 6 1 5 7 3 

237 13727824645666262299 2 6
2 6 5 7 3 0 
6 2 5 7 3 0 

235 8547843650050035655 1 6
6 1 7 5 3 0 

231 16715666662788202456 1 6
2 6 1 5 7 0 

222 8801306844837287204 1 6
2 3 7 6 4 1 

221 16969325898189221742 1 6
2 6 4 3 7 0 

219 16557937086399847287 1 6
6 4 1 3 7 0 

215 4927603597899094872 1 6
2 0 7 6 4 1 

207 3158518413984718774 1 6
2 6 1 3 7 0 

190 18196373843775606897 1 6
2 4 1 7 5 3 

189 6211787257727817687 1 6
2 4 7 5 3 0 

183 7538972579672164934 1 6
2 4 1 7 5 0 

175 7226413730902785741 1 6
2 1 7 5 3 0 

159 5844668497636717312 1 6
2 4 1 3 7 0 

126 6432615741347678560 1 6
2 3 5 6 4 1 

125 10774812493158052426 1 6
2 6 4 3 5 0 

393 1484450339792493863 1 4
8 3 7 0 

326 10860076843852798359 2 4
2 6 8 1 
2 8 6 1 

69 16899220099295720182 6 3
0 2 6 
0 6 2 
2 0 6 
2 6 0 
6 2 0 
6 0 2 

305 6232004418686804539 1 4
8 4 0 5 

297 4156405825754967253 1 4
8 0 3 5 

294 18000413253914348329 1 4
2 5 8 1 

37 2659959533909106645 1 3
2 0 5 

281 17884265797541935240 1 4
0 3 8 4 

278 15636413045704874657 1 4
2 8 4 1 

21 6444251155480666546 2 3
0 2 4 
2 0 4 

270 3056301045727862011 1 4
2 3 8 1 

13 13769302477316009606 1 3
2 0 3 

390 2792607591167944641 1 4
2 7 8 1 

133 14010307498612504635 1 3
2 0 7 

263 12078798609895731154 2 4
0 2 8 1 
2 0 8 1 

225 12539454785143378336 1 4
6 5 7 0 

482 1477543528085591532 4 5
5 7 6 8 1 
5 7 8 6 1 
7 5 6 8 1 
7 5 8 6 1 

209 1684819772233141183 1 4
6 4 0 7 

201 1484450339792493863 1 4
6 3 7 0 

458 673247618664280923 4 5
3 7 6 8 1 
3 7 8 6 1 
7 3 6 8 1 
7 3 8 6 1 

116 9303050285421146352 1 4
2 5 6 4 

240 9723736411383747383 2 4
5 7 6 4 
7 5 6 4 

113 13726121591062485309 1 4
6 4 0 5 

108 4142023793093332779 2 4
2 6 3 5 
6 2 3 5 

232 2931947151464851467 1 4
6 7 5 3 

105 4156405825754967253 1 4
6 0 3 5 

356 15461421929508261738 1 4
2 5 8 6 

99 17662104217910587531 1 4
0 5 6 1 

102 16151118532691468165 1 4
2 5 6 1 

228 12991546710050137130 2 4
2 6 5 7 
6 2 5 7 

101 17583464821694138436 2 4
2 6 5 0 
6 2 5 0 

358 4189440650721620867 1 5
2 5 8 6 1 

353 3355230440208910222 2 4
0 5 6 8 
0 5 8 6 

226 17311778486525314283 2 4
5 7 6 1 
7 5 6 1 

92 9622488316494106784 1 4
2 3 6 4 

216 14897816228007037477 2 4
6 4 3 7 
6 4 7 3 

89 9521849198636178037 1 4
6 4 0 3 

340 17187079884005544147 1 4
2 6 4 8 

83 15357411066711731656 1 4
0 6 4 1 

86 15357411066711731656 1 4
2 6 4 1 

212 18151664352810306421 1 4
2 7 6 4 

85 2720077146824643418 2 4
0 2 6 4 
2 0 6 4 

342 12471774939447732296 1 5
2 6 4 8 1 

337 17187079884005544147 1 4
0 6 4 8 

332 6827896747465539569 1 4
2 3 8 6 

75 7691026657509574261 1 4
0 3 6 1 

78 18020077330409564667 1 4
2 3 6 1 

193 14010307498612504635 1 3
6 0 7 

329 17440696314126068752 2 4
0 3 6 8 
0 3 8 6 

202 16902903883615254335 2 4
3 7 6 1 
7 3 6 1 

300 4518110902915883697 2 4
2 8 5 3 
8 2 5 3 

46 18437756207345352484 1 4
2 1 3 5 

284 5072816984509960367 1 4
2 3 8 4 

30 4758502745303961853 2 4
2 3 1 4 
2 3 4 1 

81 9754041589670124603 1 3
0 6 4 

396 17210169431030205641 2 4
2 8 3 7 
8 2 3 7 

269 7171314266881702395 2 4
2 8 3 0 
8 2 3 0 

142 17766990530147504865 1 4
2 1 3 7 

15 18331217007943352277 1 4
2 1 0 3 

84 9754041589670124603 1 3
2 6 4 

341 11901830163278213767 2 5
0 2 6 4 8 
2 0 6 4 8 

76 10033016718840575478 2 3
2 6 3 
6 2 3 

333 717084753954818853 1 5
2 3 0 8 6 

323 10860076843852798359 2 4
0 6 8 1 
0 8 6 1 

196 1366854594928391670 2 3
2 6 7 
6 2 7 

453 17336376068166265710 1 5
2 0 7 8 6 

100 1615016361592681047 2 3
2 6 5 
6 2 5 

357 17471558901583861378 1 5
2 5 0 8 6 

394 16902903883615254335 2 4
3 7 8 1 
7 3 8 1 

267 7691026657509574261 1 4
0 3 8 1 

140 3966080501065617047 2 3
2 3 7 
2 7 3 

397 11964333527231276599 2 5
2 8 3 7 0 
8 2 3 7 0 

52 9088449180653665572 2 3
2 4 5 
2 5 4 

309 8609411992827065357 1 5
2 8 4 5 0 

195 2161107194227524025 2 4
0 7 6 1 
6 1 0 7 

452 10464034221199361455 1 4
2 7 8 6 

68 3317937057822786809 2 2
2 6 
6 2 

325 3346777953189800373 4 4
0 2 6 8 
0 2 8 6 
2 0 6 8 
2 0 8 6 

257 3317937057822786809 2 2
0 8 
8 0 

275 15636413045704874657 1 4
0 8 4 1 

148 14064351846204553758 2 3
2 4 7 
2 7 4 

405 14252192862077210706 1 5
2 8 4 0 7 

65 3317937057822786809 2 2
0 6 
6 0 

387 2161107194227524025 2 4
0 7 8 1 
8 1 0 7 

260 3317937057822786809 2 2
2 8 
8 2 

28 763617045302799263 2 3
2 3 4 
2 4 3 

285 2396173937787620947 1 5
2 8 4 3 0 

291 17662104217910587531 1 4
0 5 8 1 

164 16981945271998222996 2 3
2 5 7 
2 7 5 

421 7417952353968573403 2 5
2 8 5 7 0 
8 2 5 7 0 

273 13356378456357793011 1 3
0 8 4 

73 13769302477316009606 1 3
6 0 3 

200 3966080501065617047 2 3
6 3 7 
6 7 3 

457 17674647725842832996 2 5
6 8 3 7 0 
8 6 3 7 0 

5 3317937057822786809 2 2
0 2 
2 0 

262 14010307498612504635 1 3
2 8 1 

259 14010307498612504635 1 3
0 8 1 

277 16077465293971563018 2 4
0 2 8 4 
2 0 8 4 

150 18215342563137594383 1 4
2 7 4 1 

23 16459181616723609068 4 4
0 2 1 4 
0 2 4 1 
2 0 1 4 
2 0 4 1 

97 2659959533909106645 1 3
6 0 5 

224 16981945271998222996 2 3
6 5 7 
6 7 5 

481 923613110327518896 2 5
6 8 5 7 0 
8 6 5 7 0 

389 12078798609895731154 2 4
2 8 0 7 
8 2 0 7 

135 2792607591167944641 1 4
2 1 0 7 

392 3966080501065617047 2 3
8 7 3 
8 3 7 

67 14010307498612504635 1 3
0 6 1 

324 16894721505499484063 2 3
2 6 8 
2 8 6 

321 16894721505499484063 2 3
0 6 8 
0 8 6 

265 13769302477316009606 1 3
8 0 3 

197 4104024305335192341 2 4
2 6 0 7 
6 2 0 7 

454 17083736011168338140 1 5
2 7 8 6 1 

70 14010307498612504635 1 3
2 6 1 

327 16346002010069179336 4 5
0 2 6 8 1 
0 2 8 6 1 
2 0 6 8 1 
2 0 8 6 1 

156 15038075991663776679 1 4
2 4 3 7 

29 18331217007943352277 1 4
2 4 0 3 

286 2869118274596075185 1 5
2 3 8 4 1 

141 1484450339792493863 1 4
2 3 7 0 

398 6632623789153107751 1 5
2 3 7 8 1 

14 763617045302799263 2 3
2 1 3 
2 3 1 

271 5644897795933317842 1 5
2 8 1 3 0 

268 6558845006103732112 2 3
2 8 3 
8 2 3 

149 11710327984391026175 1 4
2 4 0 7 

406 1384251509188687984 1 5
2 7 8 4 1 

276 13356378456357793011 1 3
2 8 4 

180 9609956603450210287 1 4
2 4 7 5 

53 10836908451559898688 1 4
2 4 0 5 

310 9268374544980211286 1 5
2 5 8 4 1 

165 12539454785143378336 1 4
2 5 7 0 

422 17934931525301971968 1 5
2 5 7 8 1 

38 13347356362912303770 2 3
2 1 5 
2 5 1 

295 635336566733577911 1 5
2 8 1 5 0 

292 18037381306295574281 2 3
2 8 5 
8 2 5 

385 14010307498612504635 1 3
8 0 7 

134 7421063749755421276 2 3
2 1 7 
2 7 1 

391 1600987224659650888 2 5
2 0 7 8 1 
2 8 1 0 7 

261 16899220099295720182 6 3
0 2 8 
0 8 2 
2 0 8 
2 8 0 
8 2 0 
8 0 2 

7 6444251155480666546 2 3
0 2 1 
2 0 1 

388 6444251155480666546 2 3
2 8 7 
8 2 7 

289 2659959533909106645 1 3
8 0 5 

416 16981945271998222996 2 3
8 7 5 
8 5 7 

293 4898448508276809537 2 4
2 8 5 0 
8 2 5 0 

166 6264785382421601452 1 4
2 1 5 7 

39 7555322961293918747 1 4
2 1 0 5 

172 2931947151464851467 1 4
2 7 5 3 

45 4156405825754967253 1 4
2 0 3 5 

302 862029083697299355 1 5
2 8 1 5 3 

308 10302719791951474556 1 4
2 5 8 4 

54 15059742699897772531 1 4
2 5 1 4 

60 13563914441336401180 1 4
2 4 3 5 

198 7751628280907400959 1 4
2 7 6 1 

71 12078798609895731154 2 4
0 2 6 1 
2 0 6 1 

204 8905945276246563794 2 4
2 6 3 7 
6 2 3 7 

77 6071623180973001638 2 4
2 6 3 0 
6 2 3 0 

334 4133195898011330218 1 5
2 3 8 6 1 

401 572104211457509664 1 4
8 4 0 7 

404 3463225067994625407 1 4
2 7 8 4 

408 12459656936064550761 2 4
3 7 8 4 
7 3 8 4 

151 16287958464856640208 1 5
2 0 7 4 1 

417 12539454785143378336 1 4
8 5 7 0 

418 17311778486525314283 2 4
5 7 8 1 
7 5 8 1 

420 610921673411933452 2 4
2 8 5 7 
8 2 5 7 

424 2931947151464851467 1 4
8 7 5 3 

167 16763988891906904710 1 5
2 1 5 7 0 

432 13023101909066941792 2 4
5 7 8 4 
7 5 8 4 

449 3682839918557654140 2 4
0 7 6 8 
0 7 8 6 

456 8141897363635742324 4 4
3 7 6 8 
3 7 8 6 
7 3 6 8 
7 3 8 6 

199 2247865613195653237 1 5
2 0 7 6 1 

480 9133287330231906098 4 4
5 7 6 8 
5 7 8 6 
7 5 6 8 
7 5 8 6 

31 1850711152220776317 2 5
2 0 3 1 4 
2 0 3 4 1 

47 18302179261339461942 1 5
2 1 0 3 5 

55 1803092658711192520 1 5
2 0 5 1 4 

61 2753951525726047094 1 5
2 4 0 3 5 

62 14426659458137208406 1 5
2 3 5 1 4 

79 1130126792264216285 1 5
2 6 1 3 0 

87 12633995420285042985 2 5
0 2 6 4 1 
2 0 6 4 1 

91 3651721059630484089 1 5
0 3 6 4 1 

348 6450430103679268525 1 5
2 3 8 6 4 

93 3178679164694887035 1 5
2 6 4 3 0 

94 9641138094378282806 1 5
2 3 6 4 1 

103 17156332421151791453 1 5
2 6 1 5 0 

107 18317054820549170459 1 5
6 1 0 3 5 

364 478802469623263498 1 5
2 8 6 5 3 

109 7491173398787883001 2 5
2 6 3 5 0 
6 2 3 5 0 

110 6537773728467514340 1 5
2 6 1 3 5 

115 6032594027050866458 1 5
0 5 6 4 1 

372 17903218074254315042 1 5
2 5 8 6 4 

117 9065555788121404765 1 5
2 6 4 5 0 

118 16413286859760935812 1 5
2 5 6 4 1 

121 7618443132400733019 1 5
6 4 0 3 5 

124 14764664872955908566 1 5
2 6 4 3 5 

143 10861235653095430929 1 5
2 1 3 7 0 

157 17636505354084751173 1 5
2 4 3 7 0 

158 17158793083391277530 1 5
2 3 7 4 1 

173 2566249891570914600 1 5
2 7 5 3 0 

174 11588051117397766171 1 5
2 1 7 5 3 

181 7120555247496235921 1 5
2 4 7 5 0 

182 5396179644177573504 1 5
2 7 5 4 1 

188 9701299661197521139 1 5
2 4 7 5 3 

203 15339283883302942472 1 5
6 1 3 7 0 

460 2085555784631845630 1 5
2 3 7 8 6 

205 17264151621495045860 2 5
2 6 3 7 0 
6 2 3 7 0 

206 6765428916075778406 1 5
2 3 7 6 1 

211 17328280182567535240 1 5
0 7 6 4 1 

468 14314575467956918167 1 5
2 7 6 4 8 

213 653584197122022738 1 5
2 6 4 0 7 

214 18134544711623396387 1 5
2 7 6 4 1 

217 3459570841968251506 1 5
6 4 3 7 0 

218 7635843925332884065 2 5
3 7 6 4 1 
7 3 6 4 1 

220 11927322688898020833 1 5
2 6 4 3 7 

227 12402077955648556841 1 5
6 1 5 7 0 

484 2519647228225628402 1 5
2 5 7 8 6 

229 1383267317548636562 2 5
2 6 5 7 0 
6 2 5 7 0 

230 14180016613874932880 1 5
2 5 7 6 1 

233 2566249891570914600 1 5
6 7 5 3 0 

234 1611195887525199175 1 5
6 1 7 5 3 

236 3543813245110928090 2 5
2 6 5 7 3 
6 2 5 7 3 

241 7800178700541874320 1 5
6 4 5 7 0 

242 114752005508780904 2 5
5 7 6 4 1 
7 5 6 4 1 

244 7339373612179285573 1 5
2 5 7 6 4 

248 16541495219485202877 1 5
6 4 7 5 3 

279 632303797448406635 2 5
0 2 8 4 1 
2 0 8 4 1 

283 4621073231494206174 1 5
0 3 8 4 1 

299 18317054820549170459 1 5
8 1 0 3 5 

301 16340418429341418035 2 5
2 8 5 3 0 
8 2 5 3 0 

307 13860222077593067684 1 5
0 5 8 4 1 

313 10105845769760282560 1 5
8 4 0 3 5 

316 10262461242660722322 1 5
2 8 4 5 3 

331 18135282826306638283 2 5
0 3 6 8 1 
0 3 8 6 1 

339 12471774939447732296 1 5
0 6 4 8 1 

345 3282138138327319192 1 5
0 3 6 4 8 

355 1752946662907423854 2 5
0 5 6 8 1 
0 5 8 6 1 

361 17914854127359208516 2 5
6 8 0 3 5 
8 6 0 3 5 

369 4711439846905210906 1 5
0 5 6 4 8 

395 15339283883302942472 1 5
8 1 3 7 0 

403 14321003041346742278 1 5
0 7 8 4 1 

409 18242538323853600564 1 5
8 4 3 7 0 

410 15460975670255227639 2 5
3 7 8 4 1 
7 3 8 4 1 

412 6827894996152282761 1 5
2 3 7 8 4 

419 12402077955648556841 1 5
8 1 5 7 0 

425 2566249891570914600 1 5
8 7 5 3 0 

426 1611195887525199175 1 5
8 1 7 5 3 

428 11686391640077838126 2 5
2 8 5 3 7 
8 2 5 3 7 

433 10698666397513092216 1 5
8 4 5 7 0 

434 5832721005554840473 2 5
5 7 8 4 1 
7 5 8 4 1 

436 7032160635751191356 1 5
2 5 7 8 4 

440 1912804008120956106 1 5
8 4 7 5 3 

451 12890591987041409525 2 5
0 7 6 8 1 
0 7 8 6 1 

465 15356581977215739757 1 5
0 7 6 4 8 

472 13348574981886132194 2 5
3 7 6 4 8 
7 3 6 4 8 

488 4845141388346174664 2 5
6 8 7 5 3 
8 6 7 5 3 

496 13462592395805272504 2 5
5 7 6 4 8 
7 5 6 4 8 

63 3638565235773437615 1 6
2 1 4 0 3 5 

95 4398820345794412846 1 6
2 3 0 6 4 1 

111 10143717038043254976 1 6
2 6 1 3 5 0 

119 10047804138016149555 1 6
2 5 0 6 4 1 

123 13664407174256530468 1 6
6 4 1 0 3 5 

