A1[0,0,0,0,0,0,0,0,0]*(-a6+d-a4-2*a1-a8-a2)
A1[-1,0,1,0,0,0,0,0,0]*(a2)
A1[0,-1,1,0,0,0,0,0,0]*(-a2)
A1[0,0,0,0,0,0,0,0,1]*(mm^2*a8-m1^2*a8)
A1[0,-1,0,0,1,0,0,0,0]*(-a4)
A1[0,-1,0,0,0,0,0,0,1]*(-a8)
A1[0,-1,0,0,0,0,1,0,0]*(-a6)
A1[0,0,0,0,0,0,1,0,0]*(-a6*m1^2+mm^2*a6)

A1[0,0,0,0,0,0,0,0,0]*(-a3-2*a0+d-a7-a5-a2)
A1[1,0,0,0,0,0,0,0,0]*(-2*a0*m1^2)
A1[-1,0,1,0,0,0,0,0,0]*(-a2)
A1[0,-1,1,0,0,0,0,0,0]*(a2)
A1[0,0,0,0,0,0,0,1,0]*(-a7*m1^2+mm^2*a7)
A1[0,0,1,0,0,0,0,0,0]*(-2*m1^2*a2)
A1[-1,0,0,1,0,0,0,0,0]*(-a3)
A1[-1,0,0,0,0,0,0,1,0]*(-a7)
A1[0,0,0,1,0,0,0,0,0]*(-a3*m1^2)
A1[-1,0,0,0,0,1,0,0,0]*(-a5)
A1[0,0,0,0,0,1,0,0,0]*(s*a5-m1^2*a5)

A1[0,0,0,0,0,0,0,0,0]*(a4-a1)
A1[0,1,0,0,-1,0,0,0,0]*(a1)
A1[-1,0,1,0,0,0,0,0,0]*(-a2)
A1[0,-1,1,0,0,0,0,0,0]*(-a2)
A1[0,0,1,-1,0,0,0,0,0]*(a2)
A1[0,0,1,0,-1,0,0,0,0]*(a2)
A1[0,0,1,0,0,0,0,0,0]*(-m1^2*a2)
A1[0,-1,0,0,1,0,0,0,0]*(-a4)
A1[0,0,0,0,0,0,0,0,1]*(-mm^2*a8+a8*t)
A1[0,-1,0,0,0,0,1,0,0]*(-a6)
A1[0,0,0,0,-1,0,1,0,0]*(a6)
A1[0,0,0,0,0,0,1,0,0]*(a6*t-mm^2*a6+a6*s)
A1[0,-1,0,0,0,0,0,0,1]*(-a8)
A1[0,0,0,0,-1,0,0,0,1]*(a8)

A1[0,0,0,0,0,0,0,0,0]*(a3-a0)
A1[1,0,0,-1,0,0,0,0,0]*(a0)
A1[1,0,0,0,0,0,0,0,0]*(-a0*m1^2)
A1[-1,0,1,0,0,0,0,0,0]*(-a2)
A1[0,-1,1,0,0,0,0,0,0]*(-a2)
A1[0,0,1,-1,0,0,0,0,0]*(a2)
A1[0,0,1,0,-1,0,0,0,0]*(a2)
A1[0,0,1,0,0,0,0,0,0]*(-m1^2*a2)
A1[-1,0,0,1,0,0,0,0,0]*(-a3)
A1[0,0,0,0,0,0,0,1,0]*(-a7*m1^2-a7*t+mm^2*a7)
A1[0,0,0,1,0,0,0,0,0]*(-a3*m1^2)
A1[-1,0,0,0,0,1,0,0,0]*(-a5)
A1[0,0,0,-1,0,1,0,0,0]*(a5)
A1[0,0,0,0,0,1,0,0,0]*(s*a5-m1^2*a5)
A1[-1,0,0,0,0,0,0,1,0]*(-a7)
A1[0,0,0,-1,0,0,0,1,0]*(a7)

A1[1,0,0,-1,0,0,0,0,0]*(-a0)
A1[1,0,0,0,0,-1,0,0,0]*(a0)
A1[1,0,0,0,0,0,0,0,0]*(-s*a0)
A1[0,-1,1,0,0,0,0,0,0]*(a2)
A1[0,0,1,-1,0,0,0,0,0]*(-a2)
A1[0,0,1,0,-1,0,0,0,0]*(-a2)
A1[0,0,1,0,0,-1,0,0,0]*(a2)
A1[0,0,1,0,0,0,-1,0,0]*(a2)
A1[0,0,1,0,0,0,0,0,-1]*(-a2)
A1[0,0,1,0,0,0,0,0,0]*(-s*a2)
A1[0,0,0,0,0,0,0,0,0]*(-a3+a5)
A1[0,0,0,1,0,-1,0,0,0]*(a3)
A1[0,0,0,-1,0,1,0,0,0]*(-a5)
A1[0,0,0,0,0,0,0,1,0]*(a7*t-mm^2*a7)
A1[0,0,0,-1,0,0,0,1,0]*(-a7)
A1[0,0,0,0,0,-1,0,1,0]*(a7)

A1[0,0,0,0,0,0,0,0,0]*(-a0+a7)
A1[1,0,0,0,0,0,0,-1,0]*(a0)
A1[1,0,0,0,0,0,0,0,0]*(-mm^2*a0-a0*m1^2)
A1[-1,0,1,0,0,0,0,0,0]*(-a2)
A1[0,-1,1,0,0,0,0,0,0]*(a2)
A1[0,0,1,0,0,0,0,-1,0]*(a2)
A1[0,0,1,0,0,0,0,0,-1]*(-a2)
A1[0,0,1,0,0,0,0,0,0]*(-2*m1^2*a2)
A1[-1,0,0,1,0,0,0,0,0]*(-a3)
A1[0,0,0,1,0,0,0,-1,0]*(a3)
A1[0,0,0,1,0,0,0,0,0]*(-a3*m1^2-a3*t)
A1[-1,0,0,0,0,1,0,0,0]*(-a5)
A1[0,0,0,0,0,1,0,-1,0]*(a5)
A1[0,0,0,0,0,1,0,0,0]*(-mm^2*a5+s*a5-m1^2*a5)
A1[-1,0,0,0,0,0,0,1,0]*(-a7)
A1[0,0,0,0,0,0,0,1,0]*(-a7*m1^2+mm^2*a7)

A1[0,0,0,0,0,0,0,0,0]*(a1-a8)
A1[0,1,0,0,0,0,0,0,-1]*(-a1)
A1[0,1,0,0,0,0,0,0,0]*(mm^2*a1-m1^2*a1)
A1[-1,0,1,0,0,0,0,0,0]*(-a2)
A1[0,-1,1,0,0,0,0,0,0]*(a2)
A1[0,0,1,0,0,0,0,-1,0]*(a2)
A1[0,0,1,0,0,0,0,0,-1]*(-a2)
A1[0,0,1,0,0,0,0,0,0]*(-2*m1^2*a2)
A1[0,-1,0,0,1,0,0,0,0]*(a4)
A1[0,0,0,0,1,0,0,0,-1]*(-a4)
A1[0,0,0,0,1,0,0,0,0]*(-m1^2*a4+2*mm^2*a4-a4*t)
A1[0,-1,0,0,0,0,1,0,0]*(a6)
A1[0,0,0,0,0,0,1,0,-1]*(-a6)
A1[0,0,0,0,0,0,1,0,0]*(-a6*m1^2-mm^2*a6+a6*s)
A1[0,-1,0,0,0,0,0,0,1]*(a8)
A1[0,0,0,0,0,0,0,0,1]*(-mm^2*a8-m1^2*a8)

A1[0,0,0,0,0,0,0,0,0]*(a0-a2)
A1[1,-1,0,0,0,0,0,0,0]*(a0)
A1[1,0,-1,0,0,0,0,0,0]*(-a0)
A1[-1,0,1,0,0,0,0,0,0]*(a2)
A1[0,-1,1,0,0,0,0,0,0]*(-a2)
A1[0,0,0,0,0,0,0,1,0]*(a7*m1^2-mm^2*a7)
A1[-1,0,0,1,0,0,0,0,0]*(a3)
A1[0,-1,0,1,0,0,0,0,0]*(2*a3)
A1[0,0,-1,1,0,0,0,0,0]*(-a3)
A1[0,0,0,1,-1,0,0,0,0]*(-a3)
A1[-1,0,0,0,0,1,0,0,0]*(a5)
A1[0,-1,0,0,0,1,0,0,0]*(a5)
A1[0,0,-1,0,0,1,0,0,0]*(-a5)
A1[0,0,0,0,0,1,-1,0,0]*(-a5)
A1[0,0,0,0,0,1,0,0,-1]*(a5)
A1[-1,0,0,0,0,0,0,1,0]*(a7)
A1[0,0,-1,0,0,0,0,1,0]*(-a7)
A1[0,0,0,0,0,0,0,1,-1]*(a7)

A1[-1,1,0,0,0,0,0,0,0]*(a1)
A1[0,0,0,0,0,0,0,0,0]*(a1-a2)
A1[0,1,-1,0,0,0,0,0,0]*(-a1)
A1[-1,0,1,0,0,0,0,0,0]*(-a2)
A1[0,-1,1,0,0,0,0,0,0]*(a2)
A1[0,0,0,0,0,0,0,0,1]*(-mm^2*a8-m1^2*a8)
A1[0,0,1,0,0,0,0,0,0]*(-2*m1^2*a2)
A1[-1,0,0,0,1,0,0,0,0]*(2*a4)
A1[0,-1,0,0,1,0,0,0,0]*(a4)
A1[0,0,-1,0,1,0,0,0,0]*(-a4)
A1[0,0,0,-1,1,0,0,0,0]*(-a4)
A1[0,0,0,0,1,0,0,0,0]*(m1^2*a4)
A1[-1,0,0,0,0,0,1,0,0]*(a6)
A1[0,-1,0,0,0,0,1,0,0]*(a6)
A1[0,0,-1,0,0,0,1,0,0]*(-a6)
A1[0,0,0,0,0,-1,1,0,0]*(-a6)
A1[0,0,0,0,0,0,1,-1,0]*(a6)
A1[0,0,0,0,0,0,1,0,0]*(-mm^2*a6+a6*s)
A1[0,-1,0,0,0,0,0,0,1]*(a8)
A1[0,0,-1,0,0,0,0,0,1]*(-a8)
A1[0,0,0,0,0,0,0,-1,1]*(a8)

A1[0,0,0,0,0,0,0,0,0]*(a6-a4+a1-a8)
A1[0,1,0,0,-1,0,0,0,0]*(-a1)
A1[0,1,0,0,0,0,-1,0,0]*(a1)
A1[0,1,0,0,0,0,0,0,-1]*(-a1)
A1[0,-1,1,0,0,0,0,0,0]*(a2)
A1[0,0,1,-1,0,0,0,0,0]*(-a2)
A1[0,0,1,0,-1,0,0,0,0]*(-a2)
A1[0,0,1,0,0,-1,0,0,0]*(a2)
A1[0,0,1,0,0,0,-1,0,0]*(a2)
A1[0,0,1,0,0,0,0,0,-1]*(-a2)
A1[0,0,1,0,0,0,0,0,0]*(-s*a2)
A1[0,-1,0,0,1,0,0,0,0]*(a4)
A1[0,0,0,0,0,0,0,0,1]*(mm^2*a8-s*a8-a8*t)
A1[0,0,0,0,1,0,-1,0,0]*(a4)
A1[0,0,0,0,1,0,0,0,-1]*(-a4)
A1[0,0,0,0,1,0,0,0,0]*(s*a4)
A1[0,-1,0,0,0,0,1,0,0]*(a6)
A1[0,0,0,0,-1,0,1,0,0]*(-a6)
A1[0,0,0,0,0,0,-1,0,1]*(a8)
A1[0,0,0,0,0,0,1,0,-1]*(-a6)
A1[0,0,0,0,0,0,1,0,0]*(-a6*t+mm^2*a6)
A1[0,-1,0,0,0,0,0,0,1]*(a8)
A1[0,0,0,0,-1,0,0,0,1]*(-a8)

