A1[-1,0,0,1,0,0,0,0,0]*(a3*s)
A1[0,0,0,0,0,0,0,0,0]*(mm^2*a8+a6*t+s*a5-mm^2*a6-a3*s-a8*t-s*a4+a6*s)
A1[0,0,0,1,0,0,0,0,0]*(a3*s*m1^2)
A1[0,-1,0,0,1,0,0,0,0]*(s*a4)
A1[0,0,0,0,-1,0,0,0,1]*(s*a8)
A1[-1,0,0,0,0,1,0,0,0]*(s*a5)
A1[0,0,0,-1,0,1,0,0,0]*(-2*s*a5)
A1[0,0,0,0,0,1,0,0,0]*(s*m1^2*a5-s^2*a5)
A1[0,-1,0,0,0,0,1,0,0]*(a6*s)
A1[0,0,0,0,-1,0,1,0,0]*(-a6*s)
A1[0,0,0,0,0,0,0,1,0]*(a7*m1^2*t-mm^2*a7*m1^2+s*a7*m1^2+s*a7*t-mm^2*s*a7)
A1[0,-1,0,0,0,0,0,0,1]*(-s*a8)
A1[0,0,0,0,0,0,-1,0,1]*(-mm^2*a8+a8*t)
A1[0,0,0,0,0,-1,0,1,0]*(-a7*t+mm^2*a7)
A1[0,0,0,-1,0,0,0,1,0]*(-s*a7)
A1[-1,0,0,0,0,0,0,1,0]*(a7*t+s*a7-mm^2*a7)
A1[0,0,0,0,0,0,1,0,-1]*(-a6*t+mm^2*a6-a6*s)

A1[-1,0,0,1,0,0,0,0,0]*(-a3*t+mm^2*a3)
A1[0,0,0,0,0,0,0,0,0]*(mm^2*a8+a3*t-a7*t-mm^2*a3-mm^2*a4+a4*t-a8*t+mm^2*a7)
A1[0,0,0,1,0,0,0,0,0]*(-a3*m1^2*t+mm^2*a3*m1^2)
A1[0,-1,0,0,1,0,0,0,0]*(mm^2*a4-a4*t)
A1[0,0,0,0,0,0,0,0,1]*(mm^2*a8*t-m1^2*a8*t+mm^2*m1^2*a8-mm^4*a8)
A1[0,0,0,0,0,0,0,1,0]*(a7*m1^2*t+mm^2*a7*t-mm^4*a7+mm^2*a7*m1^2)
A1[0,0,0,-1,0,1,0,0,0]*(-s*a5)
A1[0,0,0,0,0,1,0,0,0]*(-mm^2*s*a5)
A1[0,-1,0,0,0,0,1,0,0]*(a6*t-3*mm^2*a6+2*a6*s)
A1[0,0,0,0,-1,0,1,0,0]*(2*mm^2*a6-a6*s)
A1[0,0,0,0,0,0,1,0,0]*(mm^2*a6*t+mm^2*a6*m1^2-a6*s*m1^2-a6*m1^2*t+mm^2*a6*s-mm^4*a6)
A1[0,0,0,0,-1,0,0,0,1]*(2*mm^2*a8)
A1[-1,0,0,0,0,0,0,1,0]*(a7*t+mm^2*a7)
A1[0,-1,0,0,0,0,0,0,1]*(-3*mm^2*a8+a8*t)
A1[0,0,0,0,0,0,1,0,-1]*(-a6*t+mm^2*a6-a6*s)
A1[0,0,0,0,0,1,0,-1,0]*(s*a5)
A1[0,0,0,-1,0,0,0,1,0]*(-2*mm^2*a7)

A1[0,0,0,0,0,0,0,0,0]*(-3*mm^2*a8-s*a5+2*mm^2*a6-a3*t+s*a8+a7*t+mm^2*a3+s*a7+mm^2*a4-a4*t+a8*t-a6*s-mm^2*a7)
A1[0,0,0,1,0,-1,0,0,0]*(a3*t-mm^2*a3)
A1[-1,0,0,1,0,0,0,0,0]*(-a3*s)
A1[0,0,0,1,0,0,0,-1,0]*(a3*s)
A1[0,0,0,1,0,0,0,0,0]*(-a3*s*m1^2-a3*s*t)
A1[0,-1,0,0,1,0,0,0,0]*(-mm^2*a4+a4*t+s*a4)
A1[0,0,0,0,0,0,0,0,1]*(-mm^2*s*a8+s*m1^2*a8-mm^2*a8*t+m1^2*a8*t-mm^2*m1^2*a8+mm^4*a8)
A1[0,0,0,0,1,0,-1,0,0]*(-mm^2*a4+a4*t)
A1[0,0,0,0,1,0,0,0,-1]*(mm^2*a4-a4*t-s*a4)
A1[0,0,0,0,1,0,0,0,0]*(-s*m1^2*a4+mm^2*s*a4)
A1[0,0,0,0,0,0,0,1,0]*(-a7*m1^2*t-mm^2*a7*t+mm^4*a7+mm^2*a7*m1^2-s*a7*m1^2+mm^2*s*a7)
A1[0,0,0,-1,0,0,0,1,0]*(2*mm^2*a7)
A1[0,0,0,0,0,-1,0,1,0]*(-2*mm^2*a7)
A1[0,0,0,-1,0,1,0,0,0]*(s*a5)
A1[0,-1,0,0,0,0,0,0,1]*(3*mm^2*a8-s*a8-a8*t)
A1[-1,0,0,0,0,1,0,0,0]*(-s*a5)
A1[0,0,0,0,0,1,0,-1,0]*(s*a5)
A1[0,0,0,0,0,1,0,0,0]*(-s*m1^2*a5-mm^2*s*a5+s^2*a5)
A1[0,-1,0,0,0,0,1,0,0]*(-a6*t+3*mm^2*a6-a6*s)
A1[0,0,0,0,-1,0,1,0,0]*(-2*mm^2*a6+a6*s)
A1[-1,0,0,0,0,0,0,1,0]*(-a7*t-s*a7+mm^2*a7)
A1[0,0,0,0,0,0,1,0,-1]*(a6*t-3*mm^2*a6+a6*s)
A1[0,0,0,0,0,0,1,0,0]*(-mm^2*a6*t-mm^2*a6*m1^2+a6*m1^2*t+mm^4*a6)
A1[0,0,0,0,-1,0,0,0,1]*(-2*mm^2*a8)
A1[0,0,0,0,0,0,-1,0,1]*(2*mm^2*a8)

