1
0 21
0 7
1 0 0 0 0 0 0 0 0 0 
0 0 0 1 0 0 0 0 0 0 
0 0 1 0 0 0 0 0 0 0 
0 0 0 1 0 0 0 0 0 0 
0 1 0 0 0 0 0 0 0 0 
0 0 0 1 0 0 0 0 0 0 
0 0 0 1 0 0 0 0 0 0 
0 0 0 1 0 0 0 0 0 0 
0 0 0 1 0 0 0 0 0 0 

1
0 28
0 14
1 0 0 0 0 0 0 0 0 0 
1 0 0 0 0 0 0 0 0 0 
0 0 1 0 0 0 0 0 0 0 
0 1 0 0 0 0 0 0 0 0 
0 0 0 1 0 0 0 0 0 0 
1 0 0 0 0 0 0 0 0 0 
1 0 0 0 0 0 0 0 0 0 
1 0 0 0 0 0 0 0 0 0 
1 0 0 0 0 0 0 0 0 0 

1
0 29
0 15
1 0 0 0 0 0 0 0 0 0 
0 0 0 0 1 0 0 0 0 0 
0 0 1 0 0 0 0 0 0 0 
0 0 0 1 0 0 0 0 0 0 
0 1 0 0 0 0 0 0 0 0 
0 0 0 0 1 0 0 0 0 0 
0 0 0 0 1 0 0 0 0 0 
0 0 0 0 1 0 0 0 0 0 
0 0 0 0 1 0 0 0 0 0 

0
0 65
0 5
1 0 0 0 0 0 0 0 0 0 
0 1 1 0 0 -1 -1 1 0 s+mm^2 
2 0 2 0 0 -2 -1 2 0 2*s+2*m1^2 
0 0 0 1 0 0 0 0 0 0 
-1 0 1 1 1 -1 -1 1 0 2*mm^2-m1^2-t 
0 0 0 0 0 1 0 0 0 0 
0 0 1 0 0 0 0 0 0 0 
0 0 0 0 0 0 0 1 0 0 
1 0 1 0 0 -1 -1 0 1 2*s+m1^2 

0
0 68
0 5
0 2 0 0 0 0 -1 0 0 2*mm^2-2*m1^2 
0 1 1 0 0 -1 -1 1 0 s+mm^2 
1 0 0 0 0 0 0 0 0 0 
0 3 0 0 -1 0 -1 0 0 s+mm^2-m1^2+t 
-1 0 1 1 1 -1 -1 1 0 2*mm^2-m1^2-t 
0 2 0 0 0 0 -2 0 1 2*s+2*mm^2-m1^2 
0 0 1 0 0 0 0 0 0 0 
0 1 0 0 0 0 -1 0 1 s 
1 0 1 0 0 -1 -1 0 1 2*s+m1^2 

0
0 70
0 67
2 2 -1 0 0 0 0 0 0 0 
0 1 0 0 0 0 0 0 0 0 
1 0 0 0 0 0 0 0 0 0 
1 3 -1 1 -1 0 0 0 0 0 
0 0 0 0 1 0 0 0 0 0 
1 2 -1 0 0 1 -1 0 1 0 
0 0 0 0 0 0 1 0 0 0 
1 1 -1 0 0 0 0 1 1 -mm^2+m1^2 
0 0 0 0 0 0 0 0 1 0 

0
0 73
0 13
1 0 0 0 0 0 0 0 0 0 
0 1 1 0 0 -1 -1 1 0 s+mm^2 
2 0 2 0 0 -2 -1 2 0 2*s+2*m1^2 
0 0 0 1 0 0 0 0 0 0 
-1 0 1 1 1 -1 -1 1 0 2*mm^2-m1^2-t 
0 0 0 0 0 1 0 0 0 0 
0 0 1 0 0 0 0 0 0 0 
0 0 0 0 0 0 0 1 0 0 
1 0 1 0 0 -1 -1 0 1 2*s+m1^2 

0
0 84
0 81
2 2 -1 0 0 0 0 0 0 0 
0 1 0 0 0 0 0 0 0 0 
1 0 0 0 0 0 0 0 0 0 
1 3 -1 1 -1 0 0 0 0 0 
0 0 0 0 1 0 0 0 0 0 
1 2 -1 0 0 1 -1 0 1 0 
0 0 0 0 0 0 1 0 0 0 
1 1 -1 0 0 0 0 1 1 -mm^2+m1^2 
0 0 0 0 0 0 0 0 1 0 

0
0 86
0 83
2 2 -1 0 0 0 0 0 0 0 
0 1 0 0 0 0 0 0 0 0 
1 0 0 0 0 0 0 0 0 0 
1 3 -1 1 -1 0 0 0 0 0 
0 0 0 0 1 0 0 0 0 0 
1 2 -1 0 0 1 -1 0 1 0 
0 0 0 0 0 0 1 0 0 0 
1 1 -1 0 0 0 0 1 1 -mm^2+m1^2 
0 0 0 0 0 0 0 0 1 0 

0
0 97
0 37
1 0 0 0 0 0 0 0 0 0 
0 1 1 0 0 -1 -1 1 0 s+mm^2 
2 0 2 0 0 -2 -1 2 0 2*s+2*m1^2 
0 0 0 1 0 0 0 0 0 0 
-1 0 1 1 1 -1 -1 1 0 2*mm^2-m1^2-t 
0 0 0 0 0 1 0 0 0 0 
0 0 1 0 0 0 0 0 0 0 
0 0 0 0 0 0 0 1 0 0 
1 0 1 0 0 -1 -1 0 1 2*s+m1^2 

0
0 105
0 45
1 0 0 0 0 0 0 0 0 0 
0 1 1 0 0 -1 -1 1 0 s+mm^2 
2 0 2 0 0 -2 -1 2 0 2*s+2*m1^2 
0 0 0 1 0 0 0 0 0 0 
-1 0 1 1 1 -1 -1 1 0 2*mm^2-m1^2-t 
0 0 0 0 0 1 0 0 0 0 
0 0 1 0 0 0 0 0 0 0 
0 0 0 0 0 0 0 1 0 0 
1 0 1 0 0 -1 -1 0 1 2*s+m1^2 

1
0 133
0 67
0 0 0 0 0 0 1 0 0 0 
0 0 1 0 0 0 0 0 0 0 
1 0 0 0 0 0 0 0 0 0 
0 0 1 0 0 0 0 0 0 0 
0 0 1 0 0 0 0 0 0 0 
0 0 1 0 0 0 0 0 0 0 
0 0 1 0 0 0 0 0 0 0 
0 1 0 0 0 0 0 0 0 0 
0 0 1 0 0 0 0 0 0 0 

1
0 193
0 67
0 0 0 0 0 0 1 0 0 0 
0 0 1 0 0 0 0 0 0 0 
0 0 1 0 0 0 0 0 0 0 
0 0 1 0 0 0 0 0 0 0 
0 0 1 0 0 0 0 0 0 0 
0 0 1 0 0 0 0 0 0 0 
1 0 0 0 0 0 0 0 0 0 
0 1 0 0 0 0 0 0 0 0 
0 0 1 0 0 0 0 0 0 0 

0
0 200
0 140
1 0 0 0 0 0 0 0 0 0 
0 1 1 0 0 -1 -1 1 0 s+mm^2 
2 0 2 0 0 -2 -1 2 0 2*s+2*m1^2 
0 0 0 1 0 0 0 0 0 0 
-1 0 1 1 1 -1 -1 1 0 2*mm^2-m1^2-t 
0 0 0 0 0 1 0 0 0 0 
0 0 1 0 0 0 0 0 0 0 
0 0 0 0 0 0 0 1 0 0 
1 0 1 0 0 -1 -1 0 1 2*s+m1^2 

0
0 201
0 141
1 0 0 0 0 0 0 0 0 0 
0 1 1 0 0 -1 -1 1 0 s+mm^2 
2 0 2 0 0 -2 -1 2 0 2*s+2*m1^2 
0 0 0 1 0 0 0 0 0 0 
-1 0 1 1 1 -1 -1 1 0 2*mm^2-m1^2-t 
0 0 0 0 0 1 0 0 0 0 
0 0 1 0 0 0 0 0 0 0 
0 0 0 0 0 0 0 1 0 0 
1 0 1 0 0 -1 -1 0 1 2*s+m1^2 

0
0 224
0 164
1 0 0 0 0 0 0 0 0 0 
0 1 1 0 0 -1 -1 1 0 s+mm^2 
2 0 2 0 0 -2 -1 2 0 2*s+2*m1^2 
0 0 0 1 0 0 0 0 0 0 
-1 0 1 1 1 -1 -1 1 0 2*mm^2-m1^2-t 
0 0 0 0 0 1 0 0 0 0 
0 0 1 0 0 0 0 0 0 0 
0 0 0 0 0 0 0 1 0 0 
1 0 1 0 0 -1 -1 0 1 2*s+m1^2 

0
0 225
0 165
1 0 0 0 0 0 0 0 0 0 
0 1 1 0 0 -1 -1 1 0 s+mm^2 
2 0 2 0 0 -2 -1 2 0 2*s+2*m1^2 
0 0 0 1 0 0 0 0 0 0 
-1 0 1 1 1 -1 -1 1 0 2*mm^2-m1^2-t 
0 0 0 0 0 1 0 0 0 0 
0 0 1 0 0 0 0 0 0 0 
0 0 0 0 0 0 0 1 0 0 
1 0 1 0 0 -1 -1 0 1 2*s+m1^2 

0
0 232
0 172
1 0 0 0 0 0 0 0 0 0 
0 1 1 0 0 -1 -1 1 0 s+mm^2 
2 0 2 0 0 -2 -1 2 0 2*s+2*m1^2 
0 0 0 1 0 0 0 0 0 0 
-1 0 1 1 1 -1 -1 1 0 2*mm^2-m1^2-t 
0 0 0 0 0 1 0 0 0 0 
0 0 1 0 0 0 0 0 0 0 
0 0 0 0 0 0 0 1 0 0 
1 0 1 0 0 -1 -1 0 1 2*s+m1^2 

0
0 233
0 173
1 0 0 0 0 0 0 0 0 0 
0 1 1 0 0 -1 -1 1 0 s+mm^2 
2 0 2 0 0 -2 -1 2 0 2*s+2*m1^2 
0 0 0 1 0 0 0 0 0 0 
-1 0 1 1 1 -1 -1 1 0 2*mm^2-m1^2-t 
0 0 0 0 0 1 0 0 0 0 
0 0 1 0 0 0 0 0 0 0 
0 0 0 0 0 0 0 1 0 0 
1 0 1 0 0 -1 -1 0 1 2*s+m1^2 

0
0 257
0 5
1 0 0 0 0 0 0 0 0 0 
-1 1 1 0 0 0 0 1 -1 mm^2-m1^2 
0 0 2 0 0 0 0 2 -1 0 
0 0 0 1 0 0 0 0 0 0 
-2 0 1 1 1 0 0 1 -1 2*mm^2-2*m1^2-t 
0 0 0 0 0 1 0 0 0 0 
-1 0 1 0 0 1 1 0 -1 -m1^2 
0 0 0 0 0 0 0 1 0 0 
0 0 1 0 0 0 0 0 0 0 

1
0 259
0 67
1 0 0 0 0 0 0 0 0 0 
0 1 0 0 0 0 0 0 0 0 
0 0 1 0 0 0 0 0 0 0 
0 0 1 0 0 0 0 0 0 0 
0 0 1 0 0 0 0 0 0 0 
0 0 1 0 0 0 0 0 0 0 
0 0 1 0 0 0 0 0 0 0 
0 0 1 0 0 0 0 0 0 0 
0 0 0 0 0 0 1 0 0 0 

0
0 260
0 5
0 2 0 0 0 0 0 0 -1 2*mm^2-2*m1^2 
-1 1 1 0 0 0 0 1 -1 mm^2-m1^2 
1 0 0 0 0 0 0 0 0 0 
0 3 0 0 -1 0 0 0 -1 mm^2-m1^2+t 
-2 0 1 1 1 0 0 1 -1 2*mm^2-2*m1^2-t 
0 2 0 0 0 0 -1 0 0 2*mm^2-m1^2 
-1 0 1 0 0 1 1 0 -1 -m1^2 
0 1 0 0 0 0 0 0 0 0 
0 0 1 0 0 0 0 0 0 0 

1
0 261
0 69
1 0 0 0 0 0 0 0 0 0 
0 1 0 0 0 0 0 0 0 0 
0 0 1 0 0 0 0 0 0 0 
0 1 0 0 0 0 0 0 0 0 
0 1 0 0 0 0 0 0 0 0 
0 1 0 0 0 0 0 0 0 0 
0 1 0 0 0 0 0 0 0 0 
0 1 0 0 0 0 0 0 0 0 
0 0 0 0 0 0 1 0 0 0 

1
0 262
0 67
0 0 1 0 0 0 0 0 0 0 
0 1 0 0 0 0 0 0 0 0 
1 0 0 0 0 0 0 0 0 0 
0 0 1 0 0 0 0 0 0 0 
0 0 1 0 0 0 0 0 0 0 
0 0 1 0 0 0 0 0 0 0 
0 0 1 0 0 0 0 0 0 0 
0 0 1 0 0 0 0 0 0 0 
0 0 0 0 0 0 1 0 0 0 

1
0 263
0 71
1 0 0 0 0 0 0 0 0 0 
0 1 0 0 0 0 0 0 0 0 
0 0 1 0 0 0 0 0 0 0 
0 0 0 1 0 0 0 0 0 0 
0 0 0 1 0 0 0 0 0 0 
0 0 0 1 0 0 0 0 0 0 
0 0 0 1 0 0 0 0 0 0 
0 0 0 1 0 0 0 0 0 0 
0 0 0 0 0 0 1 0 0 0 

0
0 265
0 13
1 0 0 0 0 0 0 0 0 0 
-1 1 1 0 0 0 0 1 -1 mm^2-m1^2 
0 0 2 0 0 0 0 2 -1 0 
0 0 0 1 0 0 0 0 0 0 
-2 0 1 1 1 0 0 1 -1 2*mm^2-2*m1^2-t 
0 0 0 0 0 1 0 0 0 0 
-1 0 1 0 0 1 1 0 -1 -m1^2 
0 0 0 0 0 0 0 1 0 0 
0 0 1 0 0 0 0 0 0 0 

1
0 267
0 75
1 0 0 0 0 0 0 0 0 0 
0 1 0 0 0 0 0 0 0 0 
0 0 1 0 0 0 0 0 0 0 
0 0 0 1 0 0 0 0 0 0 
0 0 1 0 0 0 0 0 0 0 
0 0 1 0 0 0 0 0 0 0 
0 0 1 0 0 0 0 0 0 0 
0 0 1 0 0 0 0 0 0 0 
0 0 0 0 0 0 1 0 0 0 

0
0 276
0 273
2 2 -1 0 0 0 0 0 0 0 
0 1 0 0 0 0 0 0 0 0 
1 0 0 0 0 0 0 0 0 0 
1 3 -1 1 -1 0 0 0 0 0 
0 0 0 0 1 0 0 0 0 0 
1 2 -1 0 0 1 -1 0 1 0 
0 0 0 0 0 0 1 0 0 0 
1 1 -1 0 0 0 0 1 1 -mm^2+m1^2 
0 0 0 0 0 0 0 0 1 0 

0
0 278
0 275
2 2 -1 0 0 0 0 0 0 0 
0 1 0 0 0 0 0 0 0 0 
1 0 0 0 0 0 0 0 0 0 
1 3 -1 1 -1 0 0 0 0 0 
0 0 0 0 1 0 0 0 0 0 
1 2 -1 0 0 1 -1 0 1 0 
0 0 0 0 0 0 1 0 0 0 
1 1 -1 0 0 0 0 1 1 -mm^2+m1^2 
0 0 0 0 0 0 0 0 1 0 

0
0 289
0 37
1 0 0 0 0 0 0 0 0 0 
-1 1 1 0 0 0 0 1 -1 mm^2-m1^2 
0 0 2 0 0 0 0 2 -1 0 
0 0 0 1 0 0 0 0 0 0 
-2 0 1 1 1 0 0 1 -1 2*mm^2-2*m1^2-t 
0 0 0 0 0 1 0 0 0 0 
-1 0 1 0 0 1 1 0 -1 -m1^2 
0 0 0 0 0 0 0 1 0 0 
0 0 1 0 0 0 0 0 0 0 

1
0 291
0 99
1 0 0 0 0 0 0 0 0 0 
0 1 0 0 0 0 0 0 0 0 
0 0 1 0 0 0 0 0 0 0 
0 0 1 0 0 0 0 0 0 0 
0 0 1 0 0 0 0 0 0 0 
0 0 0 0 0 1 0 0 0 0 
0 0 1 0 0 0 0 0 0 0 
0 0 1 0 0 0 0 0 0 0 
0 0 0 0 0 0 1 0 0 0 

0
0 297
0 45
1 0 0 0 0 0 0 0 0 0 
-1 1 1 0 0 0 0 1 -1 mm^2-m1^2 
0 0 2 0 0 0 0 2 -1 0 
0 0 0 1 0 0 0 0 0 0 
-2 0 1 1 1 0 0 1 -1 2*mm^2-2*m1^2-t 
0 0 0 0 0 1 0 0 0 0 
-1 0 1 0 0 1 1 0 -1 -m1^2 
0 0 0 0 0 0 0 1 0 0 
0 0 1 0 0 0 0 0 0 0 

1
0 299
0 107
1 0 0 0 0 0 0 0 0 0 
0 1 0 0 0 0 0 0 0 0 
0 0 1 0 0 0 0 0 0 0 
0 0 0 1 0 0 0 0 0 0 
0 0 1 0 0 0 0 0 0 0 
0 0 0 0 0 1 0 0 0 0 
0 0 1 0 0 0 0 0 0 0 
0 0 1 0 0 0 0 0 0 0 
0 0 0 0 0 0 1 0 0 0 

0
0 324
0 321
2 2 -1 0 0 0 0 0 0 0 
0 1 0 0 0 0 0 0 0 0 
1 0 0 0 0 0 0 0 0 0 
1 3 -1 1 -1 0 0 0 0 0 
0 0 0 0 1 0 0 0 0 0 
1 2 -1 0 0 1 -1 0 1 0 
0 0 0 0 0 0 1 0 0 0 
1 1 -1 0 0 0 0 1 1 -mm^2+m1^2 
0 0 0 0 0 0 0 0 1 0 

0
0 326
0 323
2 2 -1 0 0 0 0 0 0 0 
0 1 0 0 0 0 0 0 0 0 
1 0 0 0 0 0 0 0 0 0 
1 3 -1 1 -1 0 0 0 0 0 
0 0 0 0 1 0 0 0 0 0 
1 2 -1 0 0 1 -1 0 1 0 
0 0 0 0 0 0 1 0 0 0 
1 1 -1 0 0 0 0 1 1 -mm^2+m1^2 
0 0 0 0 0 0 0 0 1 0 

0
0 340
0 337
2 2 -1 0 0 0 0 0 0 0 
0 1 0 0 0 0 0 0 0 0 
1 0 0 0 0 0 0 0 0 0 
1 3 -1 1 -1 0 0 0 0 0 
0 0 0 0 1 0 0 0 0 0 
1 2 -1 0 0 1 -1 0 1 0 
0 0 0 0 0 0 1 0 0 0 
1 1 -1 0 0 0 0 1 1 -mm^2+m1^2 
0 0 0 0 0 0 0 0 1 0 

0
0 342
0 339
2 2 -1 0 0 0 0 0 0 0 
0 1 0 0 0 0 0 0 0 0 
1 0 0 0 0 0 0 0 0 0 
1 3 -1 1 -1 0 0 0 0 0 
0 0 0 0 1 0 0 0 0 0 
1 2 -1 0 0 1 -1 0 1 0 
0 0 0 0 0 0 1 0 0 0 
1 1 -1 0 0 0 0 1 1 -mm^2+m1^2 
0 0 0 0 0 0 0 0 1 0 

1
0 385
0 67
0 0 0 0 0 0 1 0 0 0 
0 0 1 0 0 0 0 0 0 0 
0 0 1 0 0 0 0 0 0 0 
0 0 1 0 0 0 0 0 0 0 
0 0 1 0 0 0 0 0 0 0 
0 0 1 0 0 0 0 0 0 0 
0 0 1 0 0 0 0 0 0 0 
0 1 0 0 0 0 0 0 0 0 
1 0 0 0 0 0 0 0 0 0 

1
0 387
0 195
1 0 0 0 0 0 0 0 0 0 
0 1 0 0 0 0 0 0 0 0 
0 0 1 0 0 0 0 0 0 0 
0 0 1 0 0 0 0 0 0 0 
0 0 1 0 0 0 0 0 0 0 
0 0 1 0 0 0 0 0 0 0 
0 0 1 0 0 0 0 0 0 0 
0 0 0 0 0 0 0 1 0 0 
0 0 0 0 0 0 1 0 0 0 

0
0 388
0 7
0 2 0 0 0 0 0 0 -1 2*mm^2-2*m1^2 
-1 1 1 0 0 0 0 1 -1 mm^2-m1^2 
1 0 0 0 0 0 0 0 0 0 
0 3 0 0 -1 0 0 0 -1 mm^2-m1^2+t 
-2 0 1 1 1 0 0 1 -1 2*mm^2-2*m1^2-t 
0 2 0 0 0 0 -1 0 0 2*mm^2-m1^2 
-1 0 1 0 0 1 1 0 -1 -m1^2 
0 1 0 0 0 0 0 0 0 0 
0 0 1 0 0 0 0 0 0 0 

1
0 389
0 71
0 0 0 0 0 0 1 0 0 0 
0 0 0 1 0 0 0 0 0 0 
1 0 0 0 0 0 0 0 0 0 
0 0 0 1 0 0 0 0 0 0 
0 0 0 1 0 0 0 0 0 0 
0 0 0 1 0 0 0 0 0 0 
0 0 0 1 0 0 0 0 0 0 
0 1 0 0 0 0 0 0 0 0 
0 0 1 0 0 0 0 0 0 0 

0
0 390
0 135
0 0 0 0 0 0 0 0 1 0 
0 0 0 0 0 0 0 1 0 0 
0 0 1 0 0 0 0 0 0 0 
0 -1 0 0 1 0 0 0 1 -mm^2+m1^2+t 
-1 0 0 1 0 0 0 1 0 mm^2-m1^2-t 
0 0 0 0 0 0 1 0 0 m1^2 
0 0 0 0 0 1 0 0 0 -m1^2 
0 1 0 0 0 0 0 0 0 0 
1 0 0 0 0 0 0 0 0 0 

0
0 392
0 140
-1 0 0 1 0 0 0 1 0 mm^2-2*m1^2-t 
-1 1 1 0 0 0 0 1 -1 mm^2-m1^2 
0 2 0 0 -1 0 0 0 0 -m1^2 
0 0 0 0 0 0 0 1 0 0 
-2 0 1 1 1 0 0 1 -1 2*mm^2-2*m1^2-t 
0 0 0 1 0 -1 0 1 0 mm^2-t 
-1 0 1 0 0 1 1 0 -1 -m1^2 
0 0 0 1 0 0 0 0 0 0 
0 0 1 0 0 0 0 0 0 0 

0
0 393
0 141
1 0 0 0 0 0 0 0 0 0 
-1 1 1 0 0 0 0 1 -1 mm^2-m1^2 
0 0 2 0 0 0 0 2 -1 0 
0 0 0 1 0 0 0 0 0 0 
-2 0 1 1 1 0 0 1 -1 2*mm^2-2*m1^2-t 
0 0 0 0 0 1 0 0 0 0 
-1 0 1 0 0 1 1 0 -1 -m1^2 
0 0 0 0 0 0 0 1 0 0 
0 0 1 0 0 0 0 0 0 0 

1
0 394
0 202
1 0 0 0 0 0 0 0 0 0 
0 1 0 0 0 0 0 0 0 0 
1 0 0 0 0 0 0 0 0 0 
0 0 0 1 0 0 0 0 0 0 
1 0 0 0 0 0 0 0 0 0 
1 0 0 0 0 0 0 0 0 0 
1 0 0 0 0 0 0 0 0 0 
0 0 0 0 0 0 0 1 0 0 
0 0 0 0 0 0 1 0 0 0 

1
0 395
0 203
1 0 0 0 0 0 0 0 0 0 
0 1 0 0 0 0 0 0 0 0 
0 0 1 0 0 0 0 0 0 0 
0 0 0 1 0 0 0 0 0 0 
0 0 1 0 0 0 0 0 0 0 
0 0 1 0 0 0 0 0 0 0 
0 0 1 0 0 0 0 0 0 0 
0 0 0 0 0 0 0 1 0 0 
0 0 0 0 0 0 1 0 0 0 

0
0 416
0 164
-1 0 0 0 0 1 0 1 0 s-2*m1^2 
-1 1 1 0 0 0 0 1 -1 mm^2-m1^2 
0 1 0 0 0 0 -1 0 1 s-m1^2 
0 0 0 -1 0 1 0 1 0 -mm^2+t 
-2 0 1 1 1 0 0 1 -1 2*mm^2-2*m1^2-t 
0 0 0 0 0 0 0 1 0 0 
-1 0 1 0 0 1 1 0 -1 -m1^2 
0 0 0 0 0 1 0 0 0 0 
0 0 1 0 0 0 0 0 0 0 

0
0 417
0 165
1 0 0 0 0 0 0 0 0 0 
-1 1 1 0 0 0 0 1 -1 mm^2-m1^2 
0 0 2 0 0 0 0 2 -1 0 
0 0 0 1 0 0 0 0 0 0 
-2 0 1 1 1 0 0 1 -1 2*mm^2-2*m1^2-t 
0 0 0 0 0 1 0 0 0 0 
-1 0 1 0 0 1 1 0 -1 -m1^2 
0 0 0 0 0 0 0 1 0 0 
0 0 1 0 0 0 0 0 0 0 

1
0 418
0 226
1 0 0 0 0 0 0 0 0 0 
0 1 0 0 0 0 0 0 0 0 
1 0 0 0 0 0 0 0 0 0 
1 0 0 0 0 0 0 0 0 0 
1 0 0 0 0 0 0 0 0 0 
0 0 0 0 0 1 0 0 0 0 
1 0 0 0 0 0 0 0 0 0 
0 0 0 0 0 0 0 1 0 0 
0 0 0 0 0 0 1 0 0 0 

1
0 419
0 227
1 0 0 0 0 0 0 0 0 0 
0 1 0 0 0 0 0 0 0 0 
0 0 1 0 0 0 0 0 0 0 
0 0 1 0 0 0 0 0 0 0 
0 0 1 0 0 0 0 0 0 0 
0 0 0 0 0 1 0 0 0 0 
0 0 1 0 0 0 0 0 0 0 
0 0 0 0 0 0 0 1 0 0 
0 0 0 0 0 0 1 0 0 0 

0
0 424
0 172
1 0 0 0 0 0 0 0 0 0 
-1 1 1 0 0 0 0 1 -1 mm^2-m1^2 
0 0 2 0 0 0 0 2 -1 0 
0 0 0 1 0 0 0 0 0 0 
-2 0 1 1 1 0 0 1 -1 2*mm^2-2*m1^2-t 
0 0 0 0 0 1 0 0 0 0 
-1 0 1 0 0 1 1 0 -1 -m1^2 
0 0 0 0 0 0 0 1 0 0 
0 0 1 0 0 0 0 0 0 0 

0
0 425
0 173
1 0 0 0 0 0 0 0 0 0 
-1 1 1 0 0 0 0 1 -1 mm^2-m1^2 
0 0 2 0 0 0 0 2 -1 0 
0 0 0 1 0 0 0 0 0 0 
-2 0 1 1 1 0 0 1 -1 2*mm^2-2*m1^2-t 
0 0 0 0 0 1 0 0 0 0 
-1 0 1 0 0 1 1 0 -1 -m1^2 
0 0 0 0 0 0 0 1 0 0 
0 0 1 0 0 0 0 0 0 0 

1
0 426
0 234
1 0 0 0 0 0 0 0 0 0 
0 1 0 0 0 0 0 0 0 0 
1 0 0 0 0 0 0 0 0 0 
0 0 0 1 0 0 0 0 0 0 
1 0 0 0 0 0 0 0 0 0 
0 0 0 0 0 1 0 0 0 0 
1 0 0 0 0 0 0 0 0 0 
0 0 0 0 0 0 0 1 0 0 
0 0 0 0 0 0 1 0 0 0 

1
0 427
0 235
1 0 0 0 0 0 0 0 0 0 
0 1 0 0 0 0 0 0 0 0 
0 0 1 0 0 0 0 0 0 0 
0 0 0 1 0 0 0 0 0 0 
0 0 1 0 0 0 0 0 0 0 
0 0 0 0 0 1 0 0 0 0 
0 0 1 0 0 0 0 0 0 0 
0 0 0 0 0 0 0 1 0 0 
0 0 0 0 0 0 1 0 0 0 

