C2[0, 0, 0, 1, 1, 1, 0, 0, 0]
C2[0, 0, 1, 1, 1, 0, 0, 0, 0]
C2[0, 1, 0, 0, 1, 1, 0, 0, 0]
C2[0, 1, 0, 1, 0, 1, 0, 0, 0]
C2[0, 1, 0, 1, 1, 0, 0, 0, 0]
C2[0, 1, 0, 1, 1, 1, -1, 0, 0]
C2[0, 1, 0, 1, 1, 1, 0, 0, -1]
C2[0, 1, 0, 1, 1, 1, 0, 0, 0]
C2[0, 1, 1, 0, 1, 0, 0, 0, 0]
C2[0, 1, 1, 1, 0, 0, 0, 0, 0]
C2[0, 1, 1, 1, 1, -1, 0, 0, 0]
C2[0, 1, 1, 1, 1, 0, -1, 0, 0]
C2[0, 1, 1, 1, 1, 0, 0, 0, -1]
C2[0, 1, 1, 1, 1, 0, 0, 0, 0]
C2[1, -1, 0, 1, 1, 1, 0, 0, 0]
C2[1, -1, 1, 1, 1, 0, 0, 0, 0]
C2[1, 0, -1, 1, 1, 1, 0, 0, 0]
C2[1, 0, 0, 0, 1, 1, 0, 0, 0]
C2[1, 0, 0, 1, 0, 1, 0, 0, 0]
C2[1, 0, 0, 1, 1, 0, 0, 0, 0]
C2[1, 0, 0, 1, 1, 1, -1, 0, 0]
C2[1, 0, 0, 1, 1, 1, 0, -1, 0]
C2[1, 0, 0, 1, 1, 1, 0, 0, -1]
C2[1, 0, 0, 1, 1, 1, 0, 0, 0]
C2[1, 0, 1, 0, 1, 0, 0, 0, 0]
C2[1, 0, 1, 1, 0, 0, 0, 0, 0]
C2[1, 0, 1, 1, 1, -1, 0, 0, 0]
C2[1, 0, 1, 1, 1, 0, -1, 0, 0]
C2[1, 0, 1, 1, 1, 0, 0, -1, 0]
C2[1, 0, 1, 1, 1, 0, 0, 0, -1]
C2[1, 0, 1, 1, 1, 0, 0, 0, 0]
C2[1, 1, -1, 0, 1, 1, 0, 0, 0]
C2[1, 1, -1, 1, 0, 1, 0, 0, 0]
C2[1, 1, -1, 1, 1, 0, 0, 0, 0]
C2[1, 1, -1, 1, 1, 1, -1, 0, 0]
C2[1, 1, -1, 1, 1, 1, 0, 0, -1]
C2[1, 1, -1, 1, 1, 1, 0, 0, 0]
C2[1, 1, 0, -1, 1, 1, 0, 0, 0]
C2[1, 1, 0, 0, 0, 1, 0, 0, 0]
C2[1, 1, 0, 0, 1, 0, 0, 0, 0]
C2[1, 1, 0, 0, 1, 1, -1, 0, 0]
C2[1, 1, 0, 0, 1, 1, 0, -1, 0]
C2[1, 1, 0, 0, 1, 1, 0, 0, -1]
C2[1, 1, 0, 0, 1, 1, 0, 0, 0]
C2[1, 1, 0, 1, -1, 1, 0, 0, 0]
C2[1, 1, 0, 1, 0, 0, 0, 0, 0]
C2[1, 1, 0, 1, 0, 1, -1, 0, 0]
C2[1, 1, 0, 1, 0, 1, 0, -1, 0]
C2[1, 1, 0, 1, 0, 1, 0, 0, -1]
C2[1, 1, 0, 1, 0, 1, 0, 0, 0]
C2[1, 1, 0, 1, 1, -1, 0, 0, 0]
C2[1, 1, 0, 1, 1, 0, -1, 0, 0]
C2[1, 1, 0, 1, 1, 0, 0, -1, 0]
C2[1, 1, 0, 1, 1, 0, 0, 0, -1]
C2[1, 1, 0, 1, 1, 0, 0, 0, 0]
C2[1, 1, 0, 1, 1, 1, -2, 0, 0]
C2[1, 1, 0, 1, 1, 1, -1, -1, 0]
C2[1, 1, 0, 1, 1, 1, -1, 0, -1]
C2[1, 1, 0, 1, 1, 1, -1, 0, 0]
C2[1, 1, 0, 1, 1, 1, 0, -1, -1]
C2[1, 1, 0, 1, 1, 1, 0, -1, 0]
C2[1, 1, 0, 1, 1, 1, 0, 0, -2]
C2[1, 1, 0, 1, 1, 1, 0, 0, -1]
C2[1, 1, 0, 1, 1, 1, 0, 0, 0]
C2[1, 1, 1, -1, 1, 0, 0, 0, 0]
C2[1, 1, 1, 0, 0, 0, 0, 0, 0]
C2[1, 1, 1, 0, 1, -1, 0, 0, 0]
C2[1, 1, 1, 0, 1, 0, -1, 0, 0]
C2[1, 1, 1, 0, 1, 0, 0, -1, 0]
C2[1, 1, 1, 0, 1, 0, 0, 0, -1]
C2[1, 1, 1, 0, 1, 0, 0, 0, 0]
C2[1, 1, 1, 1, 0, -1, 0, 0, 0]
C2[1, 1, 1, 1, 0, 0, -1, 0, 0]
C2[1, 1, 1, 1, 0, 0, 0, -1, 0]
C2[1, 1, 1, 1, 0, 0, 0, 0, -1]
C2[1, 1, 1, 1, 0, 0, 0, 0, 0]
C2[1, 1, 1, 1, 1, -2, 0, 0, 0]
C2[1, 1, 1, 1, 1, -1, -1, 0, 0]
C2[1, 1, 1, 1, 1, -1, 0, -1, 0]
C2[1, 1, 1, 1, 1, -1, 0, 0, -1]
C2[1, 1, 1, 1, 1, -1, 0, 0, 0]
C2[1, 1, 1, 1, 1, 0, -2, 0, 0]
C2[1, 1, 1, 1, 1, 0, -1, -1, 0]
C2[1, 1, 1, 1, 1, 0, -1, 0, -1]
C2[1, 1, 1, 1, 1, 0, -1, 0, 0]
C2[1, 1, 1, 1, 1, 0, 0, -1, -1]
C2[1, 1, 1, 1, 1, 0, 0, -1, 0]
C2[1, 1, 1, 1, 1, 0, 0, 0, -2]
C2[1, 1, 1, 1, 1, 0, 0, 0, -1]
C2[1, 1, 1, 1, 1, 0, 0, 0, 0]