A21[-2, 1, 1, 0]
A21[-1, 0, 1, 0]
A21[-1, 1, 0, 0]
A21[-1, 1, 1, -1]
A21[-1, 1, 1, 0]
A21[0, -1, 1, 0]
A21[0, 0, 0, 0]
A21[0, 0, 1, -1]
A21[0, 0, 1, 0]
A21[0, 1, -1, 0]
A21[0, 1, 0, -1]
A21[0, 1, 0, 0]
A21[0, 1, 1, -2]
A21[0, 1, 1, -1]
A21[0, 1, 1, 0]
A21[-2, 1, 1, 0]
A21[-1, 0, 1, 0]
A21[-1, 1, 0, 0]
A21[-1, 1, 1, -1]
A21[-1, 1, 1, 0]
A21[-1, 1, 1, 1]
A21[0, -1, 1, 0]
A21[0, 0, 0, 0]
A21[0, 0, 1, -1]
A21[0, 0, 1, 0]
A21[0, 0, 1, 1]
A21[0, 1, -1, 0]
A21[0, 1, 0, -1]
A21[0, 1, 0, 0]
A21[0, 1, 0, 1]
A21[0, 1, 1, -2]
A21[0, 1, 1, -1]
A21[0, 1, 1, 0]
A21[0, 1, 1, 1]
A21[1, -1, 1, 1]
A21[1, 0, 0, 1]
A21[1, 0, 1, 0]
A21[1, 0, 1, 1]
A21[1, 1, -1, 1]
A21[1, 1, 0, 0]
A21[1, 1, 0, 1]
A21[1, 1, 1, -1]
A21[1, 1, 1, 0]
A21[1, 1, 1, 1]
A21[-2, 0, 1, 0]
A21[-2, 1, 0, 0]
A21[-2, 1, 1, 0]
A21[-1, -1, 1, 0]
A21[-1, 0, 0, 0]
A21[-1, 0, 1, -1]
A21[-1, 0, 1, 0]
A21[-1, 1, -1, 0]
A21[-1, 1, 0, -1]
A21[-1, 1, 0, 0]
A21[-1, 1, 1, -1]
A21[-1, 1, 1, 0]
A21[0, -2, 1, 0]
A21[0, -1, 0, 0]
A21[0, -1, 1, -1]
A21[0, -1, 1, 0]
A21[0, 0, -1, 0]
A21[0, 0, 0, -1]
A21[0, 0, 0, 0]
A21[0, 0, 1, -2]
A21[0, 0, 1, -1]
A21[0, 0, 1, 0]
A21[0, 1, -2, 0]
A21[0, 1, -1, -1]
A21[0, 1, -1, 0]
A21[0, 1, 0, -2]
A21[0, 1, 0, -1]
A21[0, 1, 0, 0]
A21[0, 1, 1, -2]
A21[0, 1, 1, -1]
A21[0, 1, 1, 0]
A21[-2, 0, 1, 0]
A21[-2, 1, 0, 0]
A21[-2, 1, 1, 0]
A21[-1, -1, 1, 0]
A21[-1, 0, 0, 0]
A21[-1, 0, 1, -1]
A21[-1, 0, 1, 0]
A21[-1, 1, -1, 0]
A21[-1, 1, 0, -1]
A21[-1, 1, 0, 0]
A21[-1, 1, 1, -1]
A21[-1, 1, 1, 0]
A21[0, -2, 1, 0]
A21[0, -1, 0, 0]
A21[0, -1, 1, -1]
A21[0, -1, 1, 0]
A21[0, 0, -1, 0]
A21[0, 0, 0, -1]
A21[0, 0, 0, 0]
A21[0, 0, 1, -2]
A21[0, 0, 1, -1]
A21[0, 0, 1, 0]
A21[0, 1, -2, 0]
A21[0, 1, -1, -1]
A21[0, 1, -1, 0]
A21[0, 1, 0, -2]
A21[0, 1, 0, -1]
A21[0, 1, 0, 0]
A21[0, 1, 1, -2]
A21[0, 1, 1, -1]
A21[0, 1, 1, 0]
A21[1, -1, 1, 0]
A21[1, 0, 0, 0]
A21[1, 0, 1, -1]
A21[1, 0, 1, 0]
A21[1, 1, -1, 0]
A21[1, 1, 0, -1]
A21[1, 1, 0, 0]
A21[1, 1, 1, -2]
A21[1, 1, 1, -1]
A21[1, 1, 1, 0]
A21[-2, 1, 1, 1]
A21[-1, 0, 1, 1]
A21[-1, 1, 0, 1]
A21[-1, 1, 1, 1]
A21[0, -1, 1, 1]
A21[0, 0, 0, 1]
A21[0, 0, 1, 1]
A21[0, 1, -1, 1]
A21[0, 1, 0, 1]
A21[0, 1, 1, 1]
A21[0, 1, 0, 0]
A21[-2, 1, 1, 0]
A21[-1, 0, 1, 0]
A21[-1, 1, 0, 0]
A21[-1, 1, 1, -1]
A21[-1, 1, 1, 0]
A21[0, -1, 1, 0]
A21[0, 0, 0, 0]
A21[0, 0, 1, -1]
A21[0, 0, 1, 0]
A21[0, 1, -1, 0]
A21[0, 1, 0, -1]
A21[0, 1, 0, 0]
A21[0, 1, 1, -2]
A21[0, 1, 1, -1]
A21[0, 1, 1, 0]
A21[-2, -1, 1, 0]
A21[-2, 0, 0, 0]
A21[-2, 1, -1, 0]
A21[-1, -2, 1, 0]
A21[-1, -1, 0, 0]
A21[-1, -1, 1, -1]
A21[-1, 0, -1, 0]
A21[-1, 0, 0, -1]
A21[-1, 1, -2, 0]
A21[-1, 1, -1, -1]
A21[0, -3, 1, 0]
A21[0, -2, 0, 0]
A21[0, -2, 1, -1]
A21[0, -1, -1, 0]
A21[0, -1, 0, -1]
A21[0, -1, 1, -2]
A21[0, 0, -2, 0]
A21[0, 0, -1, -1]
A21[0, 0, 0, -2]
A21[0, 1, -3, 0]
A21[0, 1, -2, -1]
A21[0, 1, -1, -2]
A21[-2, -1, 1, 0]
A21[-2, 0, 0, 0]
A21[-2, 1, -1, 0]
A21[-1, -2, 1, 0]
A21[-1, -1, 0, 0]
A21[-1, -1, 1, -1]
A21[-1, 0, -1, 0]
A21[-1, 0, 0, -1]
A21[-1, 1, -2, 0]
A21[-1, 1, -1, -1]
A21[0, -3, 1, 0]
A21[0, -2, 0, 0]
A21[0, -2, 1, -1]
A21[0, -1, -1, 0]
A21[0, -1, 0, -1]
A21[0, -1, 1, -2]
A21[0, 0, -2, 0]
A21[0, 0, -1, -1]
A21[0, 0, 0, -2]
A21[0, 1, -3, 0]
A21[0, 1, -2, -1]
A21[0, 1, -1, -2]