D41[0, 0, 1, 0, 1, 1, 0, 0, 0]
D41[0, 1, 1, -1, 1, 1, 0, 0, 0]
D41[0, 1, 1, 0, 1, 0, 0, 0, 0]
D41[0, 1, 1, 0, 1, 1, 0, 0, -1]
D41[0, 1, 1, 0, 1, 1, 0, 0, 0]
D41[1, 0, 0, 0, 1, 1, 0, 0, 0]
D41[1, 0, 1, 0, 1, 1, -1, 0, 0]
D41[1, 0, 1, 0, 1, 1, 0, -1, 0]
D41[1, 0, 1, 0, 1, 1, 0, 0, 0]
D41[1, 1, 0, -1, 1, 1, 0, 0, 0]
D41[1, 1, 0, 0, 1, 0, 0, 0, 0]
D41[1, 1, 0, 0, 1, 1, 0, 0, -1]
D41[1, 1, 1, -1, 1, 1, -1, 0, 0]
D41[1, 1, 1, -1, 1, 1, 0, -1, 0]
D41[1, 1, 1, -1, 1, 1, 0, 0, 0]
D41[1, 1, 1, 0, 1, 0, -1, 0, 0]
D41[1, 1, 1, 0, 1, 0, 0, -1, 0]
D41[1, 1, 1, 0, 1, 0, 0, 0, 0]
D41[1, 1, 1, 0, 1, 1, -1, 0, -1]
D41[1, 1, 1, 0, 1, 1, -1, 0, 0]
D41[1, 1, 1, 0, 1, 1, 0, -1, 0]
D41[1, 1, 1, 0, 1, 1, 0, 0, -1]
D41[1, 1, 1, 0, 1, 1, 0, 0, 0]
D41[-1, 1, 1, 0, 1, 1, 0, 0, 0]
D41[-1, 1, 1, 1, 1, 0, 0, 0, 0]
D41[0, 0, 1, 1, 1, 0, 0, 0, 0]
D41[0, 1, 0, 0, 1, 1, 0, 0, 0]
D41[0, 1, 0, 1, 1, 0, 0, 0, 0]
D41[0, 1, 1, 0, 0, 1, 0, 0, 0]
D41[0, 1, 1, 0, 1, 1, -1, 0, 0]
D41[0, 1, 1, 0, 1, 1, 0, -1, 0]
D41[0, 1, 1, 1, 0, 0, 0, 0, 0]
D41[0, 1, 1, 1, 1, -1, 0, 0, 0]
D41[0, 1, 1, 1, 1, 0, -1, 0, 0]
D41[0, 1, 1, 1, 1, 0, 0, -1, 0]
D41[0, 1, 1, 1, 1, 0, 0, 0, -1]
D41[0, 1, 1, 1, 1, 0, 0, 0, 0]
D41[1, -1, 1, 0, 1, 1, 0, 0, 0]
D41[1, -1, 1, 1, 1, 0, 0, 0, 0]
D41[1, 0, 0, 1, 1, 0, 0, 0, 0]
D41[1, 0, 1, -1, 1, 1, 0, 0, 0]
D41[1, 0, 1, 0, 0, 1, 0, 0, 0]
D41[1, 0, 1, 0, 1, 0, 0, 0, 0]
D41[1, 0, 1, 0, 1, 1, 0, 0, -1]
D41[1, 0, 1, 1, 0, 0, 0, 0, 0]
D41[1, 0, 1, 1, 1, -1, 0, 0, 0]
D41[1, 0, 1, 1, 1, 0, -1, 0, 0]
D41[1, 0, 1, 1, 1, 0, 0, -1, 0]
D41[1, 0, 1, 1, 1, 0, 0, 0, -1]
D41[1, 0, 1, 1, 1, 0, 0, 0, 0]
D41[1, 1, 0, 0, 0, 1, 0, 0, 0]
D41[1, 1, 0, 0, 1, 1, 0, 0, 0]
D41[1, 1, 0, 1, 0, 0, 0, 0, 0]
D41[1, 1, 0, 1, 1, -1, 0, 0, 0]
D41[1, 1, 0, 1, 1, 0, 0, 0, -1]
D41[1, 1, 0, 1, 1, 0, 0, 0, 0]
D41[1, 1, 1, -1, 0, 1, 0, 0, 0]
D41[1, 1, 1, 0, 0, 0, 0, 0, 0]
D41[1, 1, 1, 0, 0, 1, -1, 0, 0]
D41[1, 1, 1, 0, 0, 1, 0, -1, 0]
D41[1, 1, 1, 0, 0, 1, 0, 0, -1]
D41[1, 1, 1, 0, 0, 1, 0, 0, 0]
D41[1, 1, 1, 1, 0, -1, 0, 0, 0]
D41[1, 1, 1, 1, 0, 0, -1, 0, 0]
D41[1, 1, 1, 1, 0, 0, 0, -1, 0]
D41[1, 1, 1, 1, 0, 0, 0, 0, -1]
D41[1, 1, 1, 1, 0, 0, 0, 0, 0]
D41[1, 1, 1, 1, 1, -1, 0, 0, 0]
D41[1, 1, 1, 1, 1, 0, -1, 0, 0]
D41[1, 1, 1, 1, 1, 0, 0, -1, 0]
D41[1, 1, 1, 1, 1, 0, 0, 0, -1]
D41[1, 1, 1, 1, 1, 0, 0, 0, 0]
D41[0, 2, 0, -1, 1, 1, 0, 0, 0]
D41[0, 2, 0, 0, 1, 0, 0, 0, 0]
D41[0, 2, 0, 0, 1, 1, 0, 0, -1]
D41[0, 2, 0, 0, 1, 1, 0, 0, 0]
D41[0, 2, 0, 1, 1, -1, 0, 0, 0]
D41[0, 2, 0, 1, 1, 0, 0, 0, -1]
D41[0, 2, 0, 1, 1, 0, 0, 0, 0]
D41[1, 1, -1, 0, 1, 1, 0, 0, 0]
D41[1, 1, -1, 1, 1, 0, 0, 0, 0]
D41[1, 1, 0, 0, 1, 1, -1, 0, 0]
D41[1, 1, 0, 0, 1, 1, 0, -1, 0]
D41[1, 1, 0, 1, 1, 0, -1, 0, 0]
D41[1, 1, 0, 1, 1, 0, 0, -1, 0]
D41[1, 2, 0, -1, 0, 1, 0, 0, 0]
D41[1, 2, 0, -1, 1, 1, 0, 0, 0]
D41[1, 2, 0, 0, 0, 0, 0, 0, 0]
D41[1, 2, 0, 0, 0, 1, 0, 0, -1]
D41[1, 2, 0, 0, 0, 1, 0, 0, 0]
D41[1, 2, 0, 0, 1, 0, 0, 0, 0]
D41[1, 2, 0, 0, 1, 1, 0, 0, -1]
D41[1, 2, 0, 0, 1, 1, 0, 0, 0]
D41[1, 2, 0, 1, 0, -1, 0, 0, 0]
D41[1, 2, 0, 1, 0, 0, 0, 0, -1]
D41[1, 2, 0, 1, 0, 0, 0, 0, 0]
D41[1, 2, 0, 1, 1, -1, 0, 0, 0]
D41[1, 2, 0, 1, 1, 0, 0, 0, -1]
D41[1, 2, 0, 1, 1, 0, 0, 0, 0]