B2[1,1,0,0,1,0,0,0,0]    # 19
B3[0,0,1,1,1,0,0,0,0]    # 28
B3[0,0,1,1,2,0,0,0,0]    # 28
B3[0,0,1,2,1,0,0,0,0]    # 28
B4[1,0,0,0,1,0,0,0,0]    # 17
B4[1,0,1,1,1,0,0,0,0]    # 29
B4[1,0,1,1,2,0,0,0,0]    # 29
B5[0,1,1,1,1,0,0,0,0]    # 30
B6[0,1,0,1,1,0,0,0,0]    # 26
B6[1,1,0,1,1,0,0,0,0]    # 27
B6[1,1,0,1,2,0,0,0,0]    # 27
B6[1,1,0,2,1,0,0,0,0]    # 27
B6[2,1,0,1,1,0,0,0,0]    # 27
B7[1,1,1,1,1,0,0,0,0]    # 31
B7[1,1,1,1,2,0,0,0,0]    # 31
B7[1,1,1,2,1,0,0,0,0]    # 31
B8[1,1,0,0,0,0,0,0,0]    #  3
B8[1,1,0,0,1,0,0,0,0]    # 19
B8bis[1,1,0,1,0,0,0,0,0] # 11
B8bis[1,1,0,1,1,0,0,0,0] # 27
B8bis[1,1,0,1,2,0,0,0,0] # 27
B8bis[1,1,0,2,1,0,0,0,0] # 27
B8bis[2,1,0,1,1,0,0,0,0] # 27
B8bis[1,0,1,1,1,0,0,0,0] # 29
B8bis[1,0,1,1,2,0,0,0,0] # 29
B8bis[1,1,1,1,1,0,0,0,0] # 31
B8bis[1,1,1,1,2,0,0,0,0] # 31
B8bis[1,1,1,2,1,0,0,0,0] # 31
B10[0,1,0,0,1,1,0,0,0]   # 50
B10[0,1,0,0,1,2,0,0,0]   # 50
B10[0,1,0,0,2,1,0,0,0]   # 50
B10[0,1,0,0,1,3,0,0,0]   # 50
B10[1,1,0,0,1,1,0,0,0]   # 51
B10[0,0,0,1,1,1,0,0,0]   # 56
B10[0,1,0,1,1,1,0,0,0]   # 58
B10[1,1,0,1,1,1,0,0,0]   # 59
B10[1,1,0,1,1,2,0,0,0]   # 59
B10[1,1,0,1,2,1,0,0,0]   # 59
B10[1,1,0,2,1,1,0,0,0]   # 59
C5[1,1,0,1,1,0,0,0,0]    # 27
C5[1,0,1,1,1,0,0,0,0]    # 29
C5[1,1,1,1,1,0,0,0,0]    # 31
C5[1,1,1,1,2,0,0,0,0]    # 31
C5[1,1,0,1,1,1,0,0,0]    # 59
C5[1,1,0,1,1,2,0,0,0]    # 59
C5[1,1,0,1,2,1,0,0,0]    # 59
C5[1,0,1,1,1,1,0,0,0]    # 61
C5[1,0,1,1,1,2,0,0,0]    # 61
C5[1,0,1,1,2,1,0,0,0]    # 61
C5[1,0,1,2,1,1,0,0,0]    # 61
C5[1,1,1,1,1,1,0,0,0]    # 63
C5[1,1,1,1,1,2,0,0,0]    # 63
C5[1,2,1,1,1,1,0,0,0]    # 63
