511 5780714355037434514 1 9
4 6 8 5 1 0 2 3 7 

510 4843839758931745322 1 8
6 4 5 1 8 2 3 7 

509 9602699275603683173 1 8
4 6 8 5 0 2 3 7 

507 11781207625476358979 1 8
4 6 0 3 7 8 1 5 

503 1395075673303490621 1 8
4 6 0 2 7 8 5 1 

495 13731992952796890805 1 8
6 5 1 8 2 0 3 7 

479 8108613233765112847 1 8
4 6 8 1 0 3 7 2 

447 14295085367266448783 1 8
4 8 1 5 0 3 7 2 

383 13871334196669977953 1 8
4 6 0 2 3 8 5 1 

255 7488212405896052712 1 8
6 4 5 1 2 0 3 7 

508 7431311379696705744 1 7
6 4 5 8 2 3 7 

506 4362017695693797300 1 7
4 6 3 7 1 5 8 

505 13498101307163128403 1 7
4 6 8 5 0 3 7 

502 11477603557869847364 1 7
6 4 2 7 5 1 8 

501 11777686448170744073 1 7
4 6 8 5 0 2 7 

499 209900417591743063 1 7
4 6 0 7 8 1 5 

494 6973552574079844062 1 7
6 5 1 8 2 3 7 

493 11518518824483293114 1 7
6 5 8 2 0 3 7 

491 11212368602730416739 1 7
6 1 8 5 0 3 7 

487 7883309705761043770 1 7
6 5 1 8 2 0 7 

478 18175036365601288718 1 7
4 6 1 8 3 7 2 

477 2503809087573570493 1 7
8 4 6 0 3 7 2 

475 17924648016700801596 1 7
4 6 8 1 0 3 7 

471 13663590571482414072 1 7
4 6 8 1 0 7 2 

463 8760077745092891652 1 7
6 1 8 0 3 7 2 

446 13965384083555169590 1 7
4 1 5 8 3 7 2 

445 2049105083332204150 1 7
4 8 5 0 3 7 2 

443 4800420071105572992 1 7
4 0 3 7 8 1 5 

439 7298205714056618751 1 7
4 0 7 2 8 1 5 

431 3211116784661204936 4 7
1 5 8 3 0 7 2 
1 5 8 0 3 7 2 
1 8 5 3 0 7 2 
1 8 5 0 3 7 2 

415 17823387892242972671 1 7
4 8 1 0 3 7 2 

382 15871458246805729390 1 7
6 4 2 3 5 1 8 

381 16587050023600767772 1 7
4 6 8 5 0 2 3 

379 14027892261095964241 1 7
4 6 0 3 8 1 5 

375 15507510542300885957 1 7
4 6 0 2 8 5 1 

367 7549166651259404371 1 7
6 5 1 8 2 0 3 

351 8212679566580763129 1 7
4 6 8 1 0 3 2 

319 12277631396737840743 1 7
4 0 3 2 8 1 5 

254 3959932969597342375 1 7
6 4 5 1 2 3 7 

253 7385180956716625812 1 7
5 6 4 2 0 3 7 

251 2467002959706331115 1 7
4 6 1 5 0 3 7 

247 11104489429835040694 1 7
6 4 5 1 2 0 7 

239 9916847584968594065 1 7
6 5 1 2 0 3 7 

223 12519914352799979878 1 7
1 4 6 0 3 7 2 

191 1806688033137286929 1 7
4 1 5 3 0 7 2 

127 2223691343804509210 1 7
6 4 5 1 2 0 3 

504 3980699347938896858 1 6
4 6 3 7 5 8 

500 11524521341607092311 1 6
6 4 2 7 5 8 

498 3972832554053580756 1 6
7 4 6 1 5 8 

497 13007694565764317210 1 6
4 6 0 7 8 5 

492 5775787060196648827 1 6
6 5 8 2 3 7 

490 12868987379973856137 1 6
6 3 7 1 8 5 

489 12097361928590560105 1 6
6 8 5 0 3 7 

486 9236091548635937096 1 6
6 2 7 5 1 8 

485 12253508761094892678 1 6
6 5 8 2 0 7 

483 9602896586566657467 1 6
6 0 7 1 8 5 

476 18282554074205773438 1 6
8 4 6 3 7 2 

474 9085427217933480240 1 6
4 6 1 8 3 7 

473 5314841595911120816 1 6
8 4 6 0 3 7 

470 9183839700829072034 1 6
4 6 1 8 7 2 

469 8107737072149343286 1 6
8 4 6 0 7 2 

467 15163032841091079402 1 6
4 6 0 7 8 1 

462 9043722796354373035 1 6
6 1 8 3 7 2 

461 1137999801389991087 2 6
6 8 0 3 7 2 
8 6 0 3 7 2 

459 7908369255612730677 1 6
6 1 8 0 3 7 

455 1640111753872355994 1 6
6 1 8 0 7 2 

444 15057149728237102971 1 6
4 5 8 3 7 2 

442 15877093994512537918 1 6
4 3 7 1 5 8 

441 13404844631804540334 1 6
4 8 5 0 3 7 

438 17278102914998725537 1 6
4 2 7 1 5 8 

437 13688934681816183243 1 6
4 8 5 0 7 2 

435 13503877981444470091 1 6
4 0 7 8 1 5 

430 10211104159543043324 2 6
1 5 8 3 7 2 
1 8 5 3 7 2 

429 16396913712987498874 4 6
5 8 3 0 7 2 
5 8 0 3 7 2 
8 5 3 0 7 2 
8 5 0 3 7 2 

427 118411499038425767 4 6
1 5 8 0 3 7 
1 5 8 3 0 7 
1 8 5 3 0 7 
1 8 5 0 3 7 

423 10211104159543043324 2 6
1 5 8 0 7 2 
1 8 5 0 7 2 

414 501941099751480546 1 6
4 1 8 3 7 2 

413 31932790502937501 1 6
4 8 0 3 7 2 

411 13433828701344618485 1 6
4 8 1 0 3 7 

407 30234263678740649 1 6
4 8 1 0 7 2 

399 1809909644869568934 2 6
1 8 3 0 7 2 
1 8 0 3 7 2 

380 12360309825468086451 1 6
6 4 5 8 2 3 

378 13614907894401678184 1 6
3 4 6 1 5 8 

377 7082513934257432852 1 6
4 6 0 3 8 5 

374 12384452233076941361 1 6
2 6 4 5 1 8 

373 7527959938842875348 1 6
4 6 0 2 8 5 

371 2277377319467362481 1 6
0 4 6 8 1 5 

366 16474983498335197648 1 6
6 2 3 5 1 8 

365 16342528682501607279 1 6
6 5 8 2 0 3 

363 12360324507856598045 2 6
6 0 3 1 5 8 
6 0 3 1 8 5 

359 6807453642868169027 1 6
6 2 0 5 1 8 

350 13208186679641228301 1 6
4 6 1 8 3 2 

349 485459699283254181 1 6
8 4 6 0 3 2 

347 6229247606554664342 1 6
4 6 0 3 8 1 

343 1300471327055284119 1 6
4 6 0 2 8 1 

335 13446584676200926093 1 6
6 1 8 0 3 2 

318 7954457091287449542 1 6
4 3 2 1 5 8 

317 12034315470013683928 1 6
4 8 5 0 3 2 

315 1047332605308678910 1 6
4 0 3 8 1 5 

311 6457572955313095467 1 6
4 0 2 8 1 5 

303 4387869182220081533 4 6
1 5 8 3 0 2 
1 5 8 0 3 2 
1 8 5 3 0 2 
1 8 5 0 3 2 

287 17685911280601928236 1 6
4 8 1 0 3 2 

252 4328095521835100524 1 6
5 6 4 2 3 7 

250 3746689150348853036 1 6
4 6 1 5 3 7 

249 12943821635920697338 1 6
5 4 6 0 3 7 

246 13609501933508966184 1 6
6 4 5 1 2 7 

245 10834630502439162109 1 6
5 6 4 2 0 7 

243 1123010167625893189 1 6
4 6 0 7 1 5 

238 9962174546450273117 1 6
6 5 1 2 3 7 

237 11381015743295933469 2 6
5 6 2 0 3 7 
6 5 2 0 3 7 

235 8294241891499111559 1 6
6 1 5 0 3 7 

231 8131061694326976221 1 6
6 5 1 2 0 7 

222 4315694871532445745 1 6
1 4 6 3 7 2 

221 11659888367287350983 1 6
4 6 0 3 7 2 

219 9239434107360373241 1 6
1 4 6 0 3 7 

215 17951301855045421594 1 6
1 4 6 0 7 2 

207 4167430437011121244 1 6
1 6 0 3 7 2 

190 17290868435440595382 1 6
4 1 5 3 7 2 

189 3765326421833072005 1 6
4 5 3 0 7 2 

187 12497938703497218214 1 6
4 1 5 3 0 7 

183 559777819620344081 1 6
4 1 5 0 7 2 

175 1809909644869568934 2 6
1 5 3 0 7 2 
1 5 0 3 7 2 

159 2184601475078090846 4 6
1 4 3 0 7 2 
1 4 0 3 7 2 
4 1 3 0 7 2 
4 1 0 3 7 2 

126 18126398768674146831 1 6
6 4 5 1 2 3 

125 17481471485655243082 1 6
5 6 4 2 0 3 

123 9121065372185121342 1 6
4 6 1 5 0 3 

119 11590404240992801794 1 6
6 4 5 1 2 0 

111 15510981095739790462 1 6
6 5 1 2 0 3 

95 9080152110444525797 1 6
1 4 6 0 3 2 

63 1635662116635561679 1 6
4 1 5 3 0 2 

496 658088342508920702 1 5
7 4 6 5 8 

488 2567170475728111983 1 5
6 3 7 8 5 

484 3729265914482023283 1 5
6 2 7 5 8 

482 16122851045471617715 2 5
6 7 1 8 5 
7 6 1 8 5 

481 11433656239820871769 1 5
6 0 7 8 5 

472 7655406862486100445 1 5
8 4 6 3 7 

468 17797345125212117711 1 5
8 4 6 2 7 

466 2434298474299407034 1 5
7 4 6 1 8 

465 16839163145537324857 1 5
8 4 6 0 7 

460 2452351500365720343 2 5
6 8 3 7 2 
8 6 3 7 2 

458 18294478929308873032 1 5
6 1 8 3 7 

457 16292958736705306858 2 5
6 8 0 3 7 
8 6 0 3 7 

454 11030496166551785081 1 5
6 1 8 7 2 

453 7822786094324476490 2 5
6 8 0 7 2 
8 6 0 7 2 

451 6225182211789390756 2 5
6 1 8 0 7 
6 0 7 1 8 

440 7721292195139821204 1 5
4 3 7 5 8 

436 12470318457544863826 1 5
4 2 7 5 8 

434 641526223922184393 1 5
4 7 1 5 8 

433 11710575151581301087 1 5
4 0 7 8 5 

428 6490263364124046662 2 5
5 8 3 7 2 
8 5 3 7 2 

426 9982224114109760533 2 5
3 7 1 5 8 
3 7 1 8 5 

425 1639115739927092964 4 5
5 8 0 3 7 
5 8 3 0 7 
8 5 3 0 7 
8 5 0 3 7 

422 6434388457960329499 4 5
2 7 1 5 8 
2 7 1 8 5 
7 2 1 5 8 
7 2 1 8 5 

421 6490263364124046662 2 5
5 8 0 7 2 
8 5 0 7 2 

419 9982224114109760533 2 5
0 7 1 5 8 
0 7 1 8 5 

412 16362267720451306279 1 5
4 8 3 7 2 

410 14546956208166680136 2 5
4 3 7 1 8 
4 1 8 3 7 

409 14533010407512104056 1 5
4 8 0 3 7 

406 10792691615857669362 1 5
4 1 8 2 7 

405 11424883366944182430 1 5
4 8 0 7 2 

403 17232618960310042293 1 5
4 0 7 8 1 

398 9471614923670044467 1 5
1 8 3 7 2 

291 10123547069048875246 2 4
0 1 5 8 
0 1 8 5 

270 17390774532299030590 1 4
1 8 3 2 

267 11800644415024977684 2 4
1 8 3 0 
1 8 0 3 

10 3269317066256507370 2 2
1 3 
3 1 

263 17390774532299030590 1 4
1 8 0 2 

225 3269247151389912925 2 4
5 6 0 7 
6 5 0 7 

195 17305088081069376764 1 4
1 6 0 7 

452 17847950899473964408 2 4
6 8 7 2 
8 6 7 2 

163 14493883698360477330 2 4
0 7 1 5 
1 5 0 7 

420 1260260565842033989 4 4
2 7 5 8 
2 7 8 5 
7 2 5 8 
7 2 8 5 

135 17824419152750840397 1 4
1 0 7 2 

120 6803298006664734892 1 4
3 5 4 6 

116 17491672540484931617 1 4
5 2 6 4 

114 16421302207615988771 1 4
4 6 1 5 

240 17285000170134011363 1 4
5 7 4 6 

113 9767653549945078451 1 4
0 5 4 6 

370 7791265815369563717 1 5
4 6 1 5 8 

108 5037066049187053102 2 4
5 6 2 3 
6 5 2 3 

106 6275613679823459503 1 4
3 6 1 5 

232 328913810388165174 2 4
5 6 3 7 
6 5 3 7 

105 3999714894956762018 2 4
5 6 0 3 
6 5 0 3 

362 5720304004575160426 2 5
3 6 1 5 8 
3 6 1 8 5 

102 15423130396003211694 2 4
2 6 5 1 
6 2 5 1 

228 13456120368216513065 2 4
5 6 2 7 
6 5 2 7 

101 4175425717503204127 2 4
5 6 2 0 
6 5 2 0 

358 14057123652669483462 2 5
2 6 5 1 8 
6 2 5 1 8 

226 3269247151389912925 2 4
6 7 1 5 
7 6 1 5 

99 17305088081069376764 1 4
0 6 1 5 

356 3747958174322126237 2 4
2 6 5 8 
6 2 5 8 

92 15996259474245642333 1 4
4 6 3 2 

90 1488531863717872672 1 4
1 3 4 6 

216 11573544234912618226 1 4
4 6 3 7 

89 11980335294401245527 1 4
4 6 0 3 

346 4891649767356511445 1 5
3 4 6 1 8 

86 11464866134491611739 1 4
1 2 4 6 

212 8246472672720160396 1 4
4 6 2 7 

85 11888175953347986021 1 4
4 6 0 2 

342 4348987458198824600 1 5
2 4 6 1 8 

210 11802188348440955505 1 4
1 7 4 6 

83 2081680784190116392 2 4
0 1 4 6 
1 0 4 6 

340 1895713360400039308 1 4
8 2 4 6 

78 13299203370726186861 1 4
1 6 3 2 

202 16360688165734675714 1 4
1 6 3 7 

75 947853181833727644 1 4
1 6 0 3 

332 7188168623266680195 2 4
6 8 3 2 
8 6 3 2 

198 14626959652022130946 1 4
1 6 7 2 

71 18907988883471469 1 4
1 6 0 2 

328 13859739506501047863 2 3
3 6 8 
3 8 6 

60 10773915142654016140 1 4
4 5 3 2 

58 9324645346038679715 2 4
3 4 1 5 
4 3 1 5 

184 3246060562728258717 1 4
4 5 3 7 

57 3720991354629099334 1 4
4 5 3 0 

314 431224537979334378 2 5
3 4 1 5 8 
4 3 1 5 8 

54 17305088081069376764 1 4
4 2 1 5 

180 14626959652022130946 1 4
4 5 2 7 

53 14312523145810074169 1 4
4 5 0 2 

310 12047621523125962752 2 5
4 2 1 5 8 
4 2 1 8 5 

178 18073464279733100874 1 4
4 7 1 5 

51 6453679628054225236 2 4
0 4 1 5 
4 0 1 5 

308 8009449736992031641 2 4
4 2 5 8 
4 2 8 5 

46 17390774532299030590 1 4
1 5 3 2 

170 14493883698360477330 2 4
1 5 3 7 
3 7 1 5 

43 11800644415024977684 2 4
1 5 3 0 
1 5 0 3 

300 3835889317994267247 2 4
3 2 5 8 
3 2 8 5 

166 9204103741906141920 2 4
1 5 2 7 
1 5 7 2 

39 17390774532299030590 1 4
1 5 0 2 

296 5092426695453579787 2 3
3 5 8 
3 8 5 

284 734652896526164522 1 4
4 8 3 2 

27 5289453083476354333 4 4
1 4 3 0 
1 4 0 3 
4 1 3 0 
4 1 0 3 

30 11714487308727088195 2 4
1 4 3 2 
4 1 3 2 

156 17824419152750840397 1 4
4 3 7 2 

29 5791202589742025722 2 4
4 3 0 2 
4 0 3 2 

286 3288083691797578897 1 5
4 1 8 3 2 

88 1121193822618706557 1 3
3 4 6 

345 5056268389204960158 1 5
8 4 6 0 3 

142 17824419152750840397 1 4
1 3 7 2 

15 5791202589742025722 2 4
1 0 3 2 
1 3 0 2 

324 13523468837158341558 6 3
2 6 8 
2 8 6 
6 2 8 
6 8 2 
8 6 2 
8 2 6 

67 5290535264585245079 2 3
0 1 6 
1 0 6 

70 3086876153604257404 2 3
1 2 6 
1 6 2 

327 13828825359480693310 1 5
6 1 8 0 2 

56 7986559898124802328 2 3
3 4 5 
4 3 5 

313 13121479814724456745 1 5
4 0 3 8 5 

52 10164275991930780276 2 3
4 2 5 
4 5 2 

309 3284257288947185292 1 5
4 0 2 8 5 

100 5765197338502012188 6 3
2 5 6 
2 6 5 
5 2 6 
5 6 2 
6 5 2 
6 2 5 

357 13712100754350357513 1 5
6 5 8 2 0 

282 11430783798546134092 2 4
3 4 1 8 
4 3 1 8 

25 1291564374704976997 2 3
4 3 0 
4 0 3 

28 120318724290686755 1 3
4 3 2 

285 10590914756781222025 1 5
4 8 0 3 2 

3 3269317066256507370 2 2
0 1 
1 0 

97 10164275991930780276 2 3
0 5 6 
0 6 5 

147 11430783798546134092 2 4
1 4 0 7 
4 1 0 7 

404 9896127028306798445 1 4
4 8 2 7 

274 15607129978838971647 1 3
4 1 8 

17 3269317066256507370 2 2
0 4 
4 0 

209 7584062606995199549 1 4
4 6 0 7 

336 2850049406994437787 1 3
8 4 6 

79 8977637900237655528 1 5
1 6 0 3 2 

82 12370936564412404536 1 3
1 4 6 

339 9892648116099575835 1 5
0 4 6 8 1 

259 15607129978838971647 1 3
0 1 8 

277 6033578634920375779 1 4
4 8 0 2 

150 8834587792659175614 2 4
1 4 2 7 
4 1 2 7 

23 11714487308727088195 2 4
1 4 0 2 
4 1 0 2 

280 13671534519328735828 2 3
3 4 8 
4 3 8 

278 17305088081069376764 1 4
4 2 1 8 

21 120318724290686755 1 3
4 0 2 

24 3269317066256507370 2 2
3 4 
4 3 

281 6073836745596818493 1 4
4 8 0 3 

14 120318724290686755 1 3
1 3 2 

271 372325013870282779 2 5
1 8 3 0 2 
1 8 0 3 2 

84 1653895021907251646 1 3
2 4 6 

341 4838576056280336675 1 5
8 4 6 0 2 

448 11473083630852983955 6 3
6 7 8 
6 8 7 
7 6 8 
7 8 6 
8 7 6 
8 6 7 

194 10164275991930780276 2 3
1 6 7 
1 7 6 

321 10164275991930780276 2 3
0 6 8 
0 8 6 

104 13859739506501047863 2 3
3 5 6 
3 6 5 

361 2152869435969517260 2 5
6 0 3 5 8 
6 0 3 8 5 

112 15680794139399695645 1 3
5 4 6 

369 17337083439157544745 1 5
0 4 6 8 5 

35 15607129978838971647 1 3
0 1 5 

289 5092426695453579787 2 3
0 5 8 
0 8 5 

131 15607129978838971647 1 3
1 0 7 

7 120318724290686755 1 3
1 0 2 

134 12935139938530764483 2 3
1 2 7 
1 7 2 

391 9471614923670044467 1 5
1 8 0 7 2 

11 1291564374704976997 2 3
1 0 3 
1 3 0 

138 15607129978838971647 1 3
1 3 7 

395 15924457021663991465 2 5
1 8 3 0 7 
1 8 0 3 7 

18 3269317066256507370 2 2
1 4 
4 1 

275 17566054766071332030 2 4
0 4 8 1 
4 0 8 1 

145 15607129978838971647 1 3
4 0 7 

402 1287686113523835942 1 4
4 7 1 8 

154 11430783798546134092 2 4
1 4 3 7 
4 1 3 7 

148 12935139938530764483 2 3
4 2 7 
4 7 2 

139 16345989665509971713 2 4
1 0 3 7 
1 3 0 7 

266 15607129978838971647 1 3
3 1 8 

152 15607129978838971647 1 3
4 3 7 

49 867782321214906527 2 3
0 4 5 
4 0 5 

306 10123547069048875246 2 4
4 1 5 8 
4 1 8 5 

176 3086876153604257404 2 3
4 5 7 
4 7 5 

81 12370936564412404536 1 3
0 4 6 

338 10011172864518066663 1 4
4 6 1 8 

208 15333844640270328153 1 3
7 4 6 

149 17824419152750840397 1 4
4 0 7 2 

22 5290535264585245079 2 3
1 4 2 
4 1 2 

279 4293206398253028604 1 5
4 0 2 8 1 

276 10164275991930780276 2 3
4 2 8 
4 8 2 

19 1608993688739404121 6 3
0 1 4 
0 4 1 
1 0 4 
1 4 0 
4 1 0 
4 0 1 

153 16345989665509971713 2 4
4 3 0 7 
4 0 3 7 

26 1608993688739404121 6 3
1 3 4 
1 4 3 
3 1 4 
3 4 1 
4 3 1 
4 1 3 

283 11957561037473068227 1 5
4 0 3 8 1 

42 15607129978838971647 1 3
3 1 5 

299 4529676527444135075 4 5
0 3 1 5 8 
0 3 1 8 5 
3 0 1 5 8 
3 0 1 8 5 

177 8102518794196140964 1 4
4 5 0 7 

50 15607129978838971647 1 3
4 1 5 

307 6522543038168555193 2 5
0 4 8 1 5 
4 0 8 1 5 

304 5092426695453579787 2 3
4 5 8 
4 8 5 

47 372325013870282779 2 5
1 5 3 0 2 
1 5 0 3 2 

74 15108594179794765655 2 3
1 3 6 
3 1 6 

331 760067622204355959 1 5
6 1 8 0 3 

146 13671534519328735828 2 3
1 4 7 
4 1 7 

273 6147140002549216040 2 3
0 4 8 
4 0 8 

400 6027942773762865959 2 3
4 7 8 
4 8 7 

143 9231693560116424922 2 5
1 0 3 7 2 
1 3 0 7 2 

293 3835889317994267247 2 4
0 2 5 8 
0 2 8 5 

297 14601781128651418842 4 4
0 3 5 8 
0 3 8 5 
3 0 5 8 
3 0 8 5 

298 10123547069048875246 2 4
3 1 5 8 
3 1 8 5 

305 16512679094988925832 2 4
0 4 8 5 
4 0 8 5 

312 12700646616698382654 2 4
3 4 5 8 
4 3 5 8 

55 16529015207639887003 1 5
4 1 5 0 2 

323 17305088081069376764 1 4
0 6 1 8 

325 4720961694557812365 2 4
6 8 0 2 
8 6 0 2 

326 8500048846402805059 2 4
2 6 1 8 
6 2 1 8 

329 3999714894956762018 2 4
6 8 0 3 
8 6 0 3 

330 6275613679823459503 1 4
3 6 1 8 

337 10663268076181205430 1 4
0 8 4 6 

344 16082034631892855544 1 4
3 8 4 6 

87 8277436510261515409 1 5
1 4 6 0 2 

353 8009449736992031641 2 4
0 6 5 8 
0 6 8 5 

360 6949049727891548016 2 4
3 6 5 8 
3 6 8 5 

103 4508413886724042543 1 5
6 5 1 2 0 

368 12212619113471179217 1 4
4 6 5 8 

387 14493883698360477330 2 4
0 7 1 8 
1 8 0 7 

390 9204103741906141920 2 4
1 8 7 2 
1 8 2 7 

394 14493883698360477330 2 4
1 8 3 7 
3 7 1 8 

401 1954485366007896510 1 4
4 8 0 7 

408 1287686113523835942 1 4
4 8 3 7 

151 471413962444188942 2 5
1 4 0 7 2 
4 1 0 7 2 

417 5990956466147847064 2 4
0 7 5 8 
0 7 8 5 

424 5990956466147847064 2 4
3 7 5 8 
3 7 8 5 

167 9471614923670044467 1 5
1 5 0 7 2 

432 9293133542338044862 1 4
4 7 5 8 

449 1517365701736152101 2 4
6 8 0 7 
8 6 0 7 

450 1517365701736152101 2 4
6 7 1 8 
7 6 1 8 

456 11022702331769084303 2 4
6 8 3 7 
8 6 3 7 

199 6687069303535289127 1 5
1 6 0 7 2 

464 13174014384173842148 1 4
8 7 4 6 

480 11128798954912774548 2 4
6 7 8 5 
7 6 8 5 

31 6687387608441479775 4 5
1 4 3 0 2 
1 4 0 3 2 
4 1 3 0 2 
4 1 0 3 2 

59 5580452603171675767 1 5
4 1 5 3 0 

316 16946102332552556114 1 5
4 3 2 5 8 

61 4247104998874728968 1 5
4 5 3 0 2 

62 14040699849751757038 1 5
4 1 5 3 2 

91 11147787586596578181 1 5
1 4 6 0 3 

348 9489930348192308249 1 5
8 4 6 3 2 

93 5983567650517655572 1 5
4 6 0 3 2 

94 6905805673309300195 1 5
1 4 6 3 2 

107 760067622204355959 1 5
6 1 5 0 3 

364 11716728198562893769 1 5
6 5 8 2 3 

109 3800245034525907467 2 5
5 6 2 0 3 
6 5 2 0 3 

110 1834208367001116040 1 5
6 5 1 2 3 

115 4122774866537988139 1 5
0 4 6 1 5 

372 4034566520091165994 1 5
2 6 4 5 8 

117 14270285005658011826 1 5
5 6 4 2 0 

118 16700783833839034134 1 5
2 6 4 5 1 

121 902923407611675923 1 5
5 4 6 0 3 

122 7549019753069825545 1 5
3 4 6 1 5 

124 11704578602200402692 1 5
5 6 4 2 3 

155 291977380758033946 4 5
1 4 3 0 7 
1 4 0 3 7 
4 1 3 0 7 
4 1 0 3 7 

157 9231693560116424922 2 5
4 3 0 7 2 
4 0 3 7 2 

158 471413962444188942 2 5
1 4 3 7 2 
4 1 3 7 2 

171 15924457021663991465 2 5
1 5 3 0 7 
1 5 0 3 7 

174 9471614923670044467 1 5
1 5 3 7 2 

179 6006926135515034125 1 5
4 0 7 1 5 

181 10622206972192625064 1 5
4 5 0 7 2 

182 5300033803213483444 1 5
4 1 5 2 7 

185 10137882570593614521 1 5
4 5 3 0 7 

186 5397204054688754862 1 5
4 3 7 1 5 

188 15829203882516137095 1 5
4 5 3 7 2 

203 773341683004030303 1 5
1 6 0 3 7 

206 8658374838171108490 1 5
1 6 3 7 2 

211 4681962869260142821 1 5
1 4 6 0 7 

213 64759781991965254 1 5
4 6 0 7 2 

214 5549372914482001393 1 5
1 4 6 7 2 

217 13205565321741724117 1 5
4 6 0 3 7 

218 4049800773635769834 1 5
1 4 6 3 7 

220 2810505822455936185 1 5
4 6 3 7 2 

227 14763655819575014731 2 5
6 1 5 0 7 
6 0 7 1 5 

229 10148622489612143185 2 5
5 6 2 0 7 
6 5 2 0 7 

230 7295524504198169255 1 5
6 5 1 2 7 

233 11184445815375896721 2 5
5 6 0 3 7 
6 5 0 3 7 

234 15401162475868999727 1 5
6 1 5 3 7 

236 1915161509784529899 2 5
5 6 2 3 7 
6 5 2 3 7 

241 15502121025946829649 1 5
5 4 6 0 7 

242 9938618416894306798 1 5
7 4 6 1 5 

244 6823989715018914575 1 5
5 6 4 2 7 

248 10536638944638115566 1 5
5 4 6 3 7 

295 17458451455397708235 2 5
0 2 1 5 8 
0 2 1 8 5 

301 18044940157603810173 4 5
5 8 3 0 2 
5 8 0 3 2 
8 5 3 0 2 
8 5 0 3 2 

302 17458451455397708235 2 5
3 2 1 5 8 
3 2 1 8 5 

333 1323143752628427688 2 5
6 8 0 3 2 
8 6 0 3 2 

334 15421158454373986051 1 5
6 1 8 3 2 

355 12047621523125962752 2 5
0 6 1 5 8 
0 6 1 8 5 

376 4872290798796496217 1 5
3 4 6 5 8 

