0
6 3
0 5
1 0 0 0 0 0 0 0 0 0 
0 0 1 0 0 0 0 0 0 0 
2 0 0 0 0 0 0 -1 0 2*m1^2+2*mm^2 
2 0 0 0 0 -1 0 0 0 2*s+m1^2 
0 2 0 0 0 0 0 0 -1 -2*m1^2+2*mm^2 
1 1 1 -1 -1 0 0 0 0 2*m1^2 
2 -1 2 0 0 0 0 0 0 4*m1^2 
2 0 0 -1 0 0 0 0 0 2*m1^2 
0 -1 1 1 1 -1 -1 0 1 s+m1^2 

1
6 7
0 67
0 0 0 0 0 0 1 0 0 0 
1 0 0 0 0 0 0 0 0 0 
0 1 0 0 0 0 0 0 0 0 
0 0 1 0 0 0 0 0 0 0 
0 0 1 0 0 0 0 0 0 0 
0 0 1 0 0 0 0 0 0 0 
0 0 1 0 0 0 0 0 0 0 
0 0 1 0 0 0 0 0 0 0 
0 0 1 0 0 0 0 0 0 0 

0
6 10
0 5
-1 0 1 0 0 1 1 0 -1 -m1^2 
1 0 0 0 0 0 0 0 0 0 
0 -1 1 0 0 1 1 -1 0 -s+2*m1^2+mm^2 
0 0 1 0 0 0 0 0 0 0 
0 0 0 0 0 0 1 0 0 0 
2 0 0 -1 0 0 0 0 0 2*m1^2 
0 -1 2 0 0 2 1 0 -1 -s+2*m1^2 
0 1 1 -1 -1 1 1 0 -1 -s+m1^2 
1 0 0 1 0 -1 0 0 0 s+m1^2 

0
6 11
0 321
0 0 0 0 0 0 1 0 0 0 
1 0 0 0 0 0 0 0 0 0 
0 -1 0 0 0 0 1 0 1 -s+2*m1^2+2*mm^2 
0 0 0 0 0 0 0 0 1 0 
1 0 -1 0 0 -1 1 2 1 m1^2 
2 0 0 -1 0 0 0 0 0 2*m1^2 
0 -1 1 0 0 1 1 -1 0 -s+2*m1^2+mm^2 
0 1 0 0 -1 0 1 0 0 -s+m1^2+mm^2-t 
1 0 0 1 0 -1 0 0 0 s+m1^2 

0
6 14
0 67
0 0 0 0 0 0 0 0 1 0 
1 0 0 0 0 0 0 0 0 0 
0 1 0 0 0 0 0 0 0 0 
0 0 0 0 0 0 1 0 0 0 
0 0 1 0 0 0 0 0 0 0 
2 0 0 -1 0 0 0 0 0 2*m1^2 
1 1 -1 0 0 0 0 1 1 m1^2-mm^2 
0 -1 0 0 1 0 0 0 1 m1^2-mm^2+t 
1 0 0 1 0 -1 0 0 0 s+m1^2 

0
6 15
0 323
0 0 0 0 0 0 0 0 1 0 
1 0 0 0 0 0 0 0 0 0 
0 1 0 0 0 0 0 0 0 0 
0 0 0 0 0 0 1 0 0 0 
0 0 1 0 0 0 0 0 0 0 
2 0 0 -1 0 0 0 0 0 2*m1^2 
1 1 -1 0 0 0 0 1 1 m1^2-mm^2 
0 -1 0 0 1 0 0 0 1 m1^2-mm^2+t 
1 0 0 1 0 -1 0 0 0 s+m1^2 

0
6 17
0 5
1 0 0 0 0 0 0 0 0 0 
0 2 0 0 0 0 0 0 -1 -2*m1^2+2*mm^2 
2 0 0 0 0 0 0 -1 0 2*m1^2+2*mm^2 
2 0 0 0 0 -1 0 0 0 2*s+m1^2 
0 0 1 0 0 0 0 0 0 0 
0 1 0 0 1 0 0 0 -1 -m1^2+3*mm^2-t 
3 3 -1 0 0 0 0 -1 -1 m1^2+3*mm^2 
2 0 0 -1 0 0 0 0 0 2*m1^2 
0 3 0 0 -1 0 1 0 -2 s-m1^2+mm^2+t 

0
6 18
0 5
0 0 2 0 0 0 0 2 -1 0 
1 0 0 0 0 0 0 0 0 0 
2 -1 2 0 0 0 0 0 0 4*m1^2 
2 0 2 0 0 -2 -1 2 0 2*s+2*m1^2 
0 0 1 0 0 0 0 0 0 0 
2 0 0 -1 0 0 0 0 0 2*m1^2 
3 -1 3 0 0 0 0 3 -1 5*m1^2-mm^2 
2 1 2 -2 -1 0 0 2 -1 3*m1^2-mm^2+t 
1 0 0 1 0 -1 0 0 0 s+m1^2 

1
6 19
0 69
1 0 0 0 0 0 0 0 0 0 
0 0 1 0 0 0 0 0 0 0 
0 1 0 0 0 0 0 0 0 0 
0 1 0 0 0 0 0 0 0 0 
0 0 0 0 0 0 1 0 0 0 
0 1 0 0 0 0 0 0 0 0 
0 1 0 0 0 0 0 0 0 0 
0 1 0 0 0 0 0 0 0 0 
0 1 0 0 0 0 0 0 0 0 

1
6 21
0 67
0 0 0 0 0 0 1 0 0 0 
0 0 1 0 0 0 0 0 0 0 
0 1 0 0 0 0 0 0 0 0 
0 0 1 0 0 0 0 0 0 0 
1 0 0 0 0 0 0 0 0 0 
0 0 1 0 0 0 0 0 0 0 
0 0 1 0 0 0 0 0 0 0 
0 0 1 0 0 0 0 0 0 0 
0 0 1 0 0 0 0 0 0 0 

0
6 22
0 7
0 2 0 0 0 0 0 0 -1 -2*m1^2+2*mm^2 
1 0 0 0 0 0 0 0 0 0 
0 1 0 0 0 0 0 0 0 0 
0 2 0 0 0 0 -1 0 0 -2*m1^2+2*mm^2 
0 0 1 0 0 0 0 0 0 0 
0 0 0 1 0 0 0 0 0 0 
3 3 -1 0 0 0 0 -1 -1 m1^2+3*mm^2 
0 3 0 0 -1 0 0 0 -1 -m1^2+mm^2+t 
1 0 0 -1 0 1 0 0 0 -s+m1^2 

1
6 23
0 71
0 0 0 0 0 0 1 0 0 0 
1 0 0 0 0 0 0 0 0 0 
0 1 0 0 0 0 0 0 0 0 
0 0 0 1 0 0 0 0 0 0 
0 0 1 0 0 0 0 0 0 0 
0 0 0 1 0 0 0 0 0 0 
0 0 0 1 0 0 0 0 0 0 
0 0 0 1 0 0 0 0 0 0 
0 0 0 1 0 0 0 0 0 0 

0
6 24
0 5
0 0 0 0 0 1 0 0 0 -m1^2 
0 2 0 0 0 0 -1 0 0 -2*m1^2+2*mm^2 
1 0 0 0 0 1 0 -1 0 -s+m1^2+2*mm^2 
1 0 0 0 0 0 0 0 0 0 
0 0 1 0 0 0 0 0 0 0 
0 1 0 0 1 0 -1 0 0 -s-m1^2+3*mm^2-t 
1 3 -1 0 0 2 -2 -1 1 -m1^2+3*mm^2 
1 0 0 -1 0 1 0 0 0 -s+m1^2 
0 3 0 0 -1 0 0 0 -1 -m1^2+mm^2+t 

0
6 25
0 321
0 0 0 0 0 0 0 0 1 0 
0 0 1 0 0 0 0 0 0 0 
0 1 0 0 0 0 0 0 0 0 
0 0 0 0 0 0 1 0 0 0 
1 0 0 0 0 0 0 0 0 0 
-1 -1 1 1 1 0 0 0 0 0 
0 0 2 0 0 0 0 -1 2 4*m1^2 
0 -1 0 0 1 0 0 0 1 m1^2-mm^2+t 
0 1 1 -1 -1 1 1 0 -1 -s+m1^2 

0
6 26
0 69
-1 0 1 0 0 1 1 0 -1 -m1^2 
1 0 0 0 0 0 0 0 0 0 
0 -1 1 0 0 1 1 -1 0 -s+2*m1^2+mm^2 
0 0 1 0 0 0 0 0 0 0 
0 0 0 0 0 0 1 0 0 0 
2 0 0 -1 0 0 0 0 0 2*m1^2 
0 -1 2 0 0 2 1 0 -1 -s+2*m1^2 
0 1 1 -1 -1 1 1 0 -1 -s+m1^2 
1 0 0 1 0 -1 0 0 0 s+m1^2 

0
6 27
0 325
0 0 0 0 0 0 0 0 1 0 
1 0 0 0 0 0 0 0 0 0 
0 1 0 0 0 0 0 0 0 0 
0 0 0 0 0 0 1 0 0 0 
0 0 1 0 0 0 0 0 0 0 
2 0 0 -1 0 0 0 0 0 2*m1^2 
1 1 -1 0 0 0 0 1 1 m1^2-mm^2 
0 -1 0 0 1 0 0 0 1 m1^2-mm^2+t 
1 0 0 1 0 -1 0 0 0 s+m1^2 

0
6 28
0 67
0 0 0 0 0 0 0 0 1 0 
0 0 1 0 0 0 0 0 0 0 
0 1 0 0 0 0 0 0 0 0 
0 0 0 0 0 0 1 0 0 0 
1 0 0 0 0 0 0 0 0 0 
-1 -1 1 1 1 0 0 0 0 0 
0 0 2 0 0 0 0 -1 2 4*m1^2 
0 -1 0 0 1 0 0 0 1 m1^2-mm^2+t 
0 1 1 -1 -1 1 1 0 -1 -s+m1^2 

0
6 29
0 323
0 0 0 0 0 0 0 0 1 0 
0 0 1 0 0 0 0 0 0 0 
0 1 0 0 0 0 0 0 0 0 
0 0 0 0 0 0 1 0 0 0 
1 0 0 0 0 0 0 0 0 0 
-1 -1 1 1 1 0 0 0 0 0 
0 0 2 0 0 0 0 -1 2 4*m1^2 
0 -1 0 0 1 0 0 0 1 m1^2-mm^2+t 
0 1 1 -1 -1 1 1 0 -1 -s+m1^2 

0
6 30
0 71
0 0 0 0 0 0 0 0 1 0 
1 0 0 0 0 0 0 0 0 0 
0 1 0 0 0 0 0 0 0 0 
0 0 0 0 0 0 1 0 0 0 
0 0 1 0 0 0 0 0 0 0 
2 0 0 -1 0 0 0 0 0 2*m1^2 
1 1 -1 0 0 0 0 1 1 m1^2-mm^2 
0 -1 0 0 1 0 0 0 1 m1^2-mm^2+t 
1 0 0 1 0 -1 0 0 0 s+m1^2 

0
6 31
0 327
0 0 0 0 0 0 0 0 1 0 
1 0 0 0 0 0 0 0 0 0 
0 1 0 0 0 0 0 0 0 0 
0 0 0 0 0 0 1 0 0 0 
0 0 1 0 0 0 0 0 0 0 
2 0 0 -1 0 0 0 0 0 2*m1^2 
1 1 -1 0 0 0 0 1 1 m1^2-mm^2 
0 -1 0 0 1 0 0 0 1 m1^2-mm^2+t 
1 0 0 1 0 -1 0 0 0 s+m1^2 

0
6 35
0 13
0 0 1 0 0 0 0 0 0 0 
1 0 0 0 0 0 0 0 0 0 
1 -1 1 0 0 0 0 -1 1 3*m1^2+mm^2 
1 0 1 0 0 -1 -1 0 1 2*s+m1^2 
4 -2 2 0 0 0 0 -2 1 6*m1^2+2*mm^2 
0 0 0 1 0 0 0 0 0 0 
0 1 0 0 0 0 0 0 0 0 
1 1 1 -1 -1 0 0 0 0 2*m1^2 
1 0 0 -1 0 1 0 0 0 -s+m1^2 

1
6 39
0 75
0 0 0 0 0 0 1 0 0 0 
1 0 0 0 0 0 0 0 0 0 
0 1 0 0 0 0 0 0 0 0 
0 0 1 0 0 0 0 0 0 0 
0 0 1 0 0 0 0 0 0 0 
0 0 0 1 0 0 0 0 0 0 
0 0 1 0 0 0 0 0 0 0 
0 0 1 0 0 0 0 0 0 0 
0 0 1 0 0 0 0 0 0 0 

0
6 42
0 13
-1 0 1 0 0 1 1 0 -1 -m1^2 
1 0 0 0 0 0 0 0 0 0 
0 -1 1 0 0 1 1 -1 0 -s+2*m1^2+mm^2 
0 0 1 0 0 0 0 0 0 0 
2 -2 2 0 0 2 1 -2 0 -2*s+4*m1^2+2*mm^2 
0 0 0 1 0 0 0 0 0 0 
0 1 0 0 0 0 1 0 -1 s 
0 1 1 -1 -1 1 1 0 -1 -s+m1^2 
1 0 0 -1 0 1 0 0 0 -s+m1^2 

0
6 43
0 329
0 0 0 0 0 0 0 0 1 0 
1 0 0 0 0 0 0 0 0 0 
0 1 0 0 0 0 0 0 0 0 
0 0 0 0 0 0 1 0 0 0 
2 2 -1 0 0 0 0 0 0 0 
0 0 0 1 0 0 0 0 0 0 
1 -1 1 0 0 0 0 -1 1 3*m1^2+mm^2 
0 -1 0 0 1 0 0 0 1 m1^2-mm^2+t 
1 0 0 -1 0 1 0 0 0 -s+m1^2 

0
6 46
0 75
0 0 0 0 0 0 0 0 1 0 
1 0 0 0 0 0 0 0 0 0 
0 1 0 0 0 0 0 0 0 0 
0 0 0 0 0 0 1 0 0 0 
2 2 -1 0 0 0 0 0 0 0 
0 0 0 1 0 0 0 0 0 0 
1 -1 1 0 0 0 0 -1 1 3*m1^2+mm^2 
0 -1 0 0 1 0 0 0 1 m1^2-mm^2+t 
1 0 0 -1 0 1 0 0 0 -s+m1^2 

0
6 47
0 331
0 0 0 0 0 0 0 0 1 0 
1 0 0 0 0 0 0 0 0 0 
0 1 0 0 0 0 0 0 0 0 
0 0 0 0 0 0 1 0 0 0 
2 2 -1 0 0 0 0 0 0 0 
0 0 0 1 0 0 0 0 0 0 
1 -1 1 0 0 0 0 -1 1 3*m1^2+mm^2 
0 -1 0 0 1 0 0 0 1 m1^2-mm^2+t 
1 0 0 -1 0 1 0 0 0 -s+m1^2 

1
6 49
3 280
0 0 0 1 0 0 0 0 0 0 
1 0 0 0 0 0 0 0 0 0 
1 0 0 0 0 0 0 0 0 0 
1 0 0 0 0 0 0 0 0 0 
0 0 0 0 1 0 0 0 0 0 
0 0 0 0 0 0 0 0 1 0 
1 0 0 0 0 0 0 0 0 0 
1 0 0 0 0 0 0 0 0 0 
1 0 0 0 0 0 0 0 0 0 

0
6 50
0 13
0 2 0 0 0 0 0 0 -1 -2*m1^2+2*mm^2 
1 0 0 0 0 0 0 0 0 0 
0 1 0 0 0 0 0 0 0 0 
0 2 0 0 0 0 -1 0 0 -2*m1^2+2*mm^2 
0 0 1 0 0 0 0 0 0 0 
0 0 0 1 0 0 0 0 0 0 
3 3 -1 0 0 0 0 -1 -1 m1^2+3*mm^2 
0 3 0 0 -1 0 0 0 -1 -m1^2+mm^2+t 
1 0 0 -1 0 1 0 0 0 -s+m1^2 

1
6 51
3 281
0 0 0 1 0 0 0 0 0 0 
1 0 0 0 0 0 0 0 0 0 
0 1 0 0 0 0 0 0 0 0 
0 1 0 0 0 0 0 0 0 0 
0 0 0 0 1 0 0 0 0 0 
0 0 0 0 0 0 0 0 1 0 
0 1 0 0 0 0 0 0 0 0 
0 1 0 0 0 0 0 0 0 0 
0 1 0 0 0 0 0 0 0 0 

0
6 52
0 14
0 2 0 0 0 0 0 0 -1 -2*m1^2+2*mm^2 
1 0 0 0 0 0 0 0 0 0 
0 1 0 0 0 0 0 0 0 0 
0 2 0 0 0 0 -1 0 0 -2*m1^2+2*mm^2 
0 0 1 0 0 0 0 0 0 0 
0 0 0 1 0 0 0 0 0 0 
3 3 -1 0 0 0 0 -1 -1 m1^2+3*mm^2 
0 3 0 0 -1 0 0 0 -1 -m1^2+mm^2+t 
1 0 0 -1 0 1 0 0 0 -s+m1^2 

1
6 53
3 282
0 0 0 1 0 0 0 0 0 0 
1 0 0 0 0 0 0 0 0 0 
0 1 0 0 0 0 0 0 0 0 
1 0 0 0 0 0 0 0 0 0 
0 0 0 0 1 0 0 0 0 0 
0 0 0 0 0 0 0 0 1 0 
1 0 0 0 0 0 0 0 0 0 
1 0 0 0 0 0 0 0 0 0 
1 0 0 0 0 0 0 0 0 0 

0
6 54
0 15
0 2 0 0 0 0 0 0 -1 -2*m1^2+2*mm^2 
1 0 0 0 0 0 0 0 0 0 
0 1 0 0 0 0 0 0 0 0 
0 2 0 0 0 0 -1 0 0 -2*m1^2+2*mm^2 
0 0 1 0 0 0 0 0 0 0 
0 0 0 1 0 0 0 0 0 0 
3 3 -1 0 0 0 0 -1 -1 m1^2+3*mm^2 
0 3 0 0 -1 0 0 0 -1 -m1^2+mm^2+t 
1 0 0 -1 0 1 0 0 0 -s+m1^2 

1
6 55
3 283
0 0 0 1 0 0 0 0 0 0 
1 0 0 0 0 0 0 0 0 0 
0 1 0 0 0 0 0 0 0 0 
0 0 1 0 0 0 0 0 0 0 
0 0 0 0 1 0 0 0 0 0 
0 0 0 0 0 0 0 0 1 0 
0 0 1 0 0 0 0 0 0 0 
0 0 1 0 0 0 0 0 0 0 
0 0 1 0 0 0 0 0 0 0 

0
6 56
3 268
0 0 2 0 -1 0 0 0 0 2*s 
1 0 1 -1 -1 0 0 1 0 -m1^2 
1 -1 2 0 -1 -1 0 1 0 2*m1^2+mm^2 
0 0 1 0 0 0 0 0 0 0 
0 0 0 1 0 0 0 0 0 0 
0 0 0 0 0 0 0 0 1 0 
2 -1 6 -3 -4 0 0 3 0 3*s+m1^2 
-1 -1 1 1 0 0 1 -1 1 s+m1^2 
2 0 1 -1 -1 0 0 1 -1 -s+m1^2 

1
6 57
3 284
0 0 0 0 1 0 0 0 0 0 
1 0 0 0 0 0 0 0 0 0 
1 0 0 0 0 0 0 0 0 0 
0 0 1 0 0 0 0 0 0 0 
0 0 0 1 0 0 0 0 0 0 
0 0 0 0 0 0 0 0 1 0 
1 0 0 0 0 0 0 0 0 0 
1 0 0 0 0 0 0 0 0 0 
1 0 0 0 0 0 0 0 0 0 

1
6 58
3 269
0 1 0 0 0 0 0 0 0 0 
1 0 0 0 0 0 0 0 0 0 
0 1 0 0 0 0 0 0 0 0 
0 0 1 0 0 0 0 0 0 0 
0 0 0 1 0 0 0 0 0 0 
0 0 0 0 0 0 0 0 1 0 
0 1 0 0 0 0 0 0 0 0 
0 1 0 0 0 0 0 0 0 0 
0 1 0 0 0 0 0 0 0 0 

1
6 59
3 285
0 0 0 0 1 0 0 0 0 0 
1 0 0 0 0 0 0 0 0 0 
0 1 0 0 0 0 0 0 0 0 
0 0 1 0 0 0 0 0 0 0 
0 0 0 1 0 0 0 0 0 0 
0 0 0 0 0 0 0 0 1 0 
0 1 0 0 0 0 0 0 0 0 
0 1 0 0 0 0 0 0 0 0 
0 1 0 0 0 0 0 0 0 0 

0
6 60
3 270
0 0 0 0 0 0 0 1 0 -m1^2 
1 0 1 -1 -1 0 0 1 0 -m1^2 
0 1 0 0 0 0 0 0 0 0 
0 0 0 1 0 0 0 0 0 0 
0 0 1 0 0 0 0 0 0 0 
0 0 0 0 0 0 0 0 1 0 
1 1 1 -2 -2 1 0 3 0 s-2*m1^2-mm^2 
0 1 0 0 0 0 -1 1 0 -mm^2+t 
2 0 1 -1 -1 0 0 1 -1 -s+m1^2 

0
6 67
0 7
1 0 0 0 0 0 0 0 0 0 
0 0 1 0 0 0 0 0 0 0 
0 0 0 0 0 0 0 1 0 0 
0 0 0 0 0 1 0 0 0 -m1^2 
0 0 2 0 0 0 0 2 -1 0 
1 1 1 -1 -1 0 0 0 0 2*m1^2 
0 1 0 0 0 0 0 0 0 0 
0 0 0 1 0 0 0 0 0 0 
0 -1 1 1 1 -1 -1 0 1 s+m1^2 

0
6 70
0 134
0 0 0 0 0 0 0 0 1 0 
0 0 1 0 0 0 0 0 0 0 
0 1 0 0 0 0 0 0 0 0 
0 0 0 0 0 0 1 0 0 0 
-1 2 2 0 0 0 0 0 0 0 
1 1 1 -1 -1 0 0 0 0 2*m1^2 
0 0 0 0 0 0 0 1 0 0 
0 -1 0 0 1 0 0 0 1 m1^2-mm^2+t 
0 -1 1 1 1 -1 -1 0 1 s+m1^2 

0
6 71
0 135
1 0 0 0 0 0 0 0 0 0 
0 0 1 0 0 0 0 0 0 0 
0 0 0 0 0 0 0 1 0 0 
0 0 0 0 0 1 0 0 0 -m1^2 
0 0 2 0 0 0 0 2 -1 0 
1 1 1 -1 -1 0 0 0 0 2*m1^2 
0 1 0 0 0 0 0 0 0 0 
0 0 0 1 0 0 0 0 0 0 
0 -1 1 1 1 -1 -1 0 1 s+m1^2 

0
6 74
0 196
0 0 0 0 0 0 0 0 1 0 
0 0 1 0 0 0 0 0 0 0 
0 1 0 0 0 0 0 0 0 0 
0 0 0 0 0 0 1 0 0 0 
-1 2 2 0 0 0 0 0 0 0 
1 1 1 -1 -1 0 0 0 0 2*m1^2 
0 0 0 0 0 0 0 1 0 0 
0 -1 0 0 1 0 0 0 1 m1^2-mm^2+t 
0 -1 1 1 1 -1 -1 0 1 s+m1^2 

0
6 75
0 452
0 0 0 0 0 0 0 0 1 0 
0 0 1 0 0 0 0 0 0 0 
0 1 0 0 0 0 0 0 0 0 
0 0 0 0 0 0 1 0 0 0 
-1 2 2 0 0 0 0 0 0 0 
1 1 1 -1 -1 0 0 0 0 2*m1^2 
0 0 0 0 0 0 0 1 0 0 
0 -1 0 0 1 0 0 0 1 m1^2-mm^2+t 
0 -1 1 1 1 -1 -1 0 1 s+m1^2 

0
6 78
0 198
0 0 0 0 0 0 0 0 1 0 
0 0 1 0 0 0 0 0 0 0 
0 1 0 0 0 0 0 0 0 0 
0 0 0 0 0 0 1 0 0 0 
-1 2 2 0 0 0 0 0 0 0 
1 1 1 -1 -1 0 0 0 0 2*m1^2 
0 0 0 0 0 0 0 1 0 0 
0 -1 0 0 1 0 0 0 1 m1^2-mm^2+t 
0 -1 1 1 1 -1 -1 0 1 s+m1^2 

0
6 79
0 454
0 0 0 0 0 0 0 0 1 0 
0 0 1 0 0 0 0 0 0 0 
0 1 0 0 0 0 0 0 0 0 
0 0 0 0 0 0 1 0 0 0 
-1 2 2 0 0 0 0 0 0 0 
1 1 1 -1 -1 0 0 0 0 2*m1^2 
0 0 0 0 0 0 0 1 0 0 
0 -1 0 0 1 0 0 0 1 m1^2-mm^2+t 
0 -1 1 1 1 -1 -1 0 1 s+m1^2 

0
6 82
6 81
0 1 0 0 0 0 0 0 0 0 
1 0 0 0 0 0 0 0 0 0 
-1 -1 -1 0 1 0 1 0 0 -m1^2+mm^2 
0 3 0 0 0 -1 0 0 -1 s+2*m1^2 
0 0 0 0 1 0 0 0 0 0 
2 0 0 0 0 0 0 -1 0 2*m1^2 
0 0 0 0 0 0 1 0 0 0 
0 2 0 0 0 -1 0 0 0 2*m1^2 
1 0 0 -1 0 0 0 1 0 s 

0
6 97
0 14
0 0 1 0 0 0 0 0 0 0 
0 2 0 0 -1 0 0 0 0 -m1^2 
1 -1 1 0 0 0 0 -1 1 3*m1^2+mm^2 
1 0 1 0 0 -1 -1 0 1 2*s+m1^2 
1 2 2 -1 -2 0 0 -1 2 4*m1^2+mm^2-t 
0 1 0 0 0 0 0 0 0 0 
0 0 0 1 0 0 0 0 0 0 
1 1 1 -1 -1 0 0 0 0 2*m1^2 
0 3 0 0 -2 0 1 0 -1 -s 

0
6 99
0 15
0 0 1 0 0 0 0 0 0 0 
1 0 0 0 0 0 0 0 0 0 
1 -1 1 0 0 0 0 -1 1 3*m1^2+mm^2 
1 0 1 0 0 -1 -1 0 1 2*s+m1^2 
4 -2 2 0 0 0 0 -2 1 6*m1^2+2*mm^2 
0 0 0 1 0 0 0 0 0 0 
0 1 0 0 0 0 0 0 0 0 
1 1 1 -1 -1 0 0 0 0 2*m1^2 
1 0 0 -1 0 1 0 0 0 -s+m1^2 

1
6 100
5 145
0 1 0 0 0 0 0 0 0 0 
0 1 0 0 0 0 0 0 0 0 
1 0 0 0 0 0 0 0 0 0 
0 1 0 0 0 0 0 0 0 0 
0 1 0 0 0 0 0 0 0 0 
0 0 0 0 1 0 0 0 0 0 
0 0 0 0 0 0 0 1 0 0 
0 1 0 0 0 0 0 0 0 0 
0 1 0 0 0 0 0 0 0 0 

1
6 101
5 153
0 0 0 1 0 0 0 0 0 0 
0 1 0 0 0 0 0 0 0 0 
1 0 0 0 0 0 0 0 0 0 
0 1 0 0 0 0 0 0 0 0 
0 1 0 0 0 0 0 0 0 0 
0 0 0 0 1 0 0 0 0 0 
0 0 0 0 0 0 0 1 0 0 
0 1 0 0 0 0 0 0 0 0 
0 1 0 0 0 0 0 0 0 0 

1
6 102
5 147
0 0 1 0 0 0 0 0 0 0 
0 1 0 0 0 0 0 0 0 0 
1 0 0 0 0 0 0 0 0 0 
0 0 1 0 0 0 0 0 0 0 
0 0 1 0 0 0 0 0 0 0 
0 0 0 0 0 0 0 1 0 0 
0 0 0 0 1 0 0 0 0 0 
0 0 1 0 0 0 0 0 0 0 
0 0 1 0 0 0 0 0 0 0 

1
6 103
5 155
0 0 0 1 0 0 0 0 0 0 
0 1 0 0 0 0 0 0 0 0 
1 0 0 0 0 0 0 0 0 0 
0 0 1 0 0 0 0 0 0 0 
0 0 1 0 0 0 0 0 0 0 
0 0 0 0 0 0 0 1 0 0 
0 0 0 0 1 0 0 0 0 0 
0 0 1 0 0 0 0 0 0 0 
0 0 1 0 0 0 0 0 0 0 

0
6 104
0 52
-1 0 1 0 0 1 1 0 -1 -m1^2 
0 1 0 0 0 0 0 0 0 -m1^2 
0 -1 1 0 0 1 1 -1 0 -s+2*m1^2+mm^2 
0 0 1 0 0 0 0 0 0 0 
-1 0 2 0 0 1 2 -1 0 -s+2*m1^2 
0 0 0 0 1 0 0 0 0 0 
0 0 0 0 0 1 0 0 0 0 
0 1 1 -1 -1 1 1 0 -1 -s+m1^2 
0 2 0 0 -1 0 1 0 -1 0 

1
6 105
4 284
0 0 1 0 0 0 0 0 0 0 
1 0 0 0 0 0 0 0 0 0 
1 0 0 0 0 0 0 0 0 0 
0 0 0 1 0 0 0 0 0 0 
1 0 0 0 0 0 0 0 0 0 
0 0 0 0 1 0 0 0 0 0 
0 0 0 0 0 0 0 0 1 0 
1 0 0 0 0 0 0 0 0 0 
1 0 0 0 0 0 0 0 0 0 

1
6 106
4 282
1 0 0 0 0 0 0 0 0 0 
0 1 0 0 0 0 0 0 0 0 
1 0 0 0 0 0 0 0 0 0 
0 0 0 1 0 0 0 0 0 0 
1 0 0 0 0 0 0 0 0 0 
0 0 0 0 0 0 0 0 1 0 
0 0 0 0 1 0 0 0 0 0 
1 0 0 0 0 0 0 0 0 0 
1 0 0 0 0 0 0 0 0 0 

1
6 107
4 286
0 0 1 0 0 0 0 0 0 0 
0 1 0 0 0 0 0 0 0 0 
1 0 0 0 0 0 0 0 0 0 
0 0 0 1 0 0 0 0 0 0 
1 0 0 0 0 0 0 0 0 0 
0 0 0 0 0 0 0 0 1 0 
0 0 0 0 1 0 0 0 0 0 
1 0 0 0 0 0 0 0 0 0 
1 0 0 0 0 0 0 0 0 0 

1
6 108
5 149
0 1 0 0 0 0 0 0 0 0 
0 1 0 0 0 0 0 0 0 0 
1 0 0 0 0 0 0 0 0 0 
0 0 1 0 0 0 0 0 0 0 
0 1 0 0 0 0 0 0 0 0 
0 0 0 0 1 0 0 0 0 0 
0 0 0 0 0 0 0 1 0 0 
0 1 0 0 0 0 0 0 0 0 
0 1 0 0 0 0 0 0 0 0 

1
6 109
5 157
0 0 0 1 0 0 0 0 0 0 
0 1 0 0 0 0 0 0 0 0 
1 0 0 0 0 0 0 0 0 0 
0 0 1 0 0 0 0 0 0 0 
0 1 0 0 0 0 0 0 0 0 
0 0 0 0 1 0 0 0 0 0 
0 0 0 0 0 0 0 1 0 0 
0 1 0 0 0 0 0 0 0 0 
0 1 0 0 0 0 0 0 0 0 

1
6 110
5 151
0 0 0 1 0 0 0 0 0 0 
0 1 0 0 0 0 0 0 0 0 
1 0 0 0 0 0 0 0 0 0 
0 0 1 0 0 0 0 0 0 0 
0 0 0 1 0 0 0 0 0 0 
0 0 0 0 0 0 0 1 0 0 
0 0 0 0 1 0 0 0 0 0 
0 0 0 1 0 0 0 0 0 0 
0 0 0 1 0 0 0 0 0 0 

1
6 111
5 159
0 0 0 1 0 0 0 0 0 0 
0 1 0 0 0 0 0 0 0 0 
1 0 0 0 0 0 0 0 0 0 
0 0 1 0 0 0 0 0 0 0 
0 0 0 0 0 1 0 0 0 0 
0 0 0 0 0 0 0 1 0 0 
0 0 0 0 1 0 0 0 0 0 
0 0 0 0 0 1 0 0 0 0 
0 0 0 0 0 1 0 0 0 0 

0
6 131
0 13
1 0 0 0 0 0 0 0 0 0 
0 0 1 0 0 0 0 0 0 0 
0 0 0 0 0 0 0 1 0 0 
0 0 0 0 0 1 0 0 0 -m1^2 
0 0 2 0 0 0 0 2 -1 0 
1 1 1 -1 -1 0 0 0 0 2*m1^2 
0 1 0 0 0 0 0 0 0 0 
0 0 0 1 0 0 0 0 0 0 
0 -1 1 1 1 -1 -1 0 1 s+m1^2 

0
6 134
0 140
-1 0 0 1 0 0 0 1 0 -2*m1^2+mm^2-t 
0 0 1 0 0 0 0 0 0 0 
0 0 0 1 0 0 0 0 0 0 
0 0 0 1 0 -1 0 1 0 -m1^2+mm^2-t 
0 2 0 0 -1 0 0 0 0 -m1^2 
1 1 1 -1 -1 0 0 0 0 2*m1^2 
-2 -1 2 2 1 0 0 2 -1 -m1^2+mm^2-t 
0 0 0 0 0 0 0 1 0 0 
0 -1 1 1 1 -1 -1 0 1 s+m1^2 

0
6 135
0 141
1 0 0 0 0 0 0 0 0 0 
0 0 1 0 0 0 0 0 0 0 
0 0 0 0 0 0 0 1 0 0 
0 0 0 0 0 1 0 0 0 -m1^2 
0 0 2 0 0 0 0 2 -1 0 
1 1 1 -1 -1 0 0 0 0 2*m1^2 
0 1 0 0 0 0 0 0 0 0 
0 0 0 1 0 0 0 0 0 0 
0 -1 1 1 1 -1 -1 0 1 s+m1^2 

1
6 138
0 13
0 1 0 0 0 0 0 0 0 0 
0 0 1 0 0 0 0 0 0 0 
0 1 0 0 0 0 0 0 0 0 
1 0 0 0 0 0 0 0 0 0 
0 1 0 0 0 0 0 0 0 0 
0 1 0 0 0 0 0 0 0 0 
0 1 0 0 0 0 0 0 0 0 
0 0 0 1 0 0 0 0 0 0 
0 1 0 0 0 0 0 0 0 0 

0
6 139
1 89
0 0 0 1 0 0 0 0 0 0 
1 0 0 0 0 0 0 0 0 0 
0 0 0 0 0 0 0 0 1 0 
0 0 0 0 1 0 0 0 0 0 
2 0 0 0 0 -1 0 0 2 0 
0 0 0 0 0 0 0 1 0 0 
1 -1 0 1 0 1 0 0 -1 3*m1^2+mm^2 
0 0 0 0 0 0 1 0 0 0 
2 1 -1 0 0 0 0 -1 0 2*m1^2 

1
6 142
0 141
0 1 0 0 0 0 0 0 0 0 
0 0 1 0 0 0 0 0 0 0 
0 0 0 0 0 0 0 1 0 0 
1 0 0 0 0 0 0 0 0 0 
0 1 0 0 0 0 0 0 0 0 
0 1 0 0 0 0 0 0 0 0 
0 1 0 0 0 0 0 0 0 0 
0 0 0 1 0 0 0 0 0 0 
0 1 0 0 0 0 0 0 0 0 

0
6 143
1 345
0 0 0 1 0 0 0 0 0 0 
1 0 0 0 0 0 0 0 0 0 
0 0 0 0 0 0 0 0 1 0 
0 0 0 0 1 0 0 0 0 0 
2 0 0 0 0 -1 0 0 2 0 
0 0 0 0 0 0 0 1 0 0 
1 -1 0 1 0 1 0 0 -1 3*m1^2+mm^2 
0 0 0 0 0 0 1 0 0 0 
2 1 -1 0 0 0 0 -1 0 2*m1^2 

0
6 145
0 13
1 0 0 0 0 0 0 0 0 0 
0 0 2 0 0 0 0 2 -1 0 
0 0 0 0 0 0 0 1 0 0 
0 0 0 0 0 1 0 0 0 -m1^2 
0 0 1 0 0 0 0 0 0 0 
-2 -1 2 2 1 0 0 2 -1 -m1^2+mm^2-t 
3 -1 3 0 0 0 0 3 -1 5*m1^2-mm^2 
0 0 0 1 0 0 0 0 0 0 
0 1 2 -2 -1 2 1 2 -2 -s+m1^2-mm^2+t 

0
6 146
0 268
1 0 0 0 0 0 0 0 0 0 
0 0 1 0 0 0 0 0 0 0 
0 0 0 0 0 0 0 1 0 0 
0 0 0 0 0 1 0 0 0 -m1^2 
0 0 0 0 0 0 0 0 1 0 
-1 -1 1 1 1 0 0 0 0 0 
2 -1 2 0 0 0 0 0 0 4*m1^2 
0 0 0 1 0 0 0 0 0 0 
0 1 1 -1 -1 1 1 0 -1 -s+m1^2 

0
6 147
0 269
1 0 0 0 0 0 0 0 0 0 
0 0 1 0 0 0 0 0 0 0 
0 0 0 0 0 0 0 1 0 0 
0 0 0 0 0 1 0 0 0 -m1^2 
0 0 0 0 0 0 0 0 1 0 
-1 -1 1 1 1 0 0 0 0 0 
2 -1 2 0 0 0 0 0 0 4*m1^2 
0 0 0 1 0 0 0 0 0 0 
0 1 1 -1 -1 1 1 0 -1 -s+m1^2 

0
6 148
0 140
-1 0 0 1 0 0 0 1 0 -2*m1^2+mm^2-t 
0 2 0 0 -1 0 0 0 0 -m1^2 
0 0 0 1 0 0 0 0 0 0 
0 0 0 1 0 -1 0 1 0 -m1^2+mm^2-t 
0 0 1 0 0 0 0 0 0 0 
0 1 0 0 0 0 0 0 0 0 
-1 3 -1 2 -2 0 0 1 1 -m1^2+mm^2-2*t 
0 0 0 0 0 0 0 1 0 0 
0 3 0 0 -2 0 1 0 -1 -s 

0
6 149
0 141
1 0 0 0 0 0 0 0 0 0 
0 0 2 0 0 0 0 2 -1 0 
0 0 0 0 0 0 0 1 0 0 
0 0 0 0 0 1 0 0 0 -m1^2 
0 0 1 0 0 0 0 0 0 0 
-2 -1 2 2 1 0 0 2 -1 -m1^2+mm^2-t 
3 -1 3 0 0 0 0 3 -1 5*m1^2-mm^2 
0 0 0 1 0 0 0 0 0 0 
0 1 2 -2 -1 2 1 2 -2 -s+m1^2-mm^2+t 

0
6 150
0 396
1 0 0 0 0 0 0 0 0 0 
0 0 1 0 0 0 0 0 0 0 
0 0 0 0 0 0 0 1 0 0 
0 0 0 0 0 1 0 0 0 -m1^2 
0 0 0 0 0 0 0 0 1 0 
-1 -1 1 1 1 0 0 0 0 0 
2 -1 2 0 0 0 0 0 0 4*m1^2 
0 0 0 1 0 0 0 0 0 0 
0 1 1 -1 -1 1 1 0 -1 -s+m1^2 

0
6 151
0 397
1 0 0 0 0 0 0 0 0 0 
0 0 1 0 0 0 0 0 0 0 
0 0 0 0 0 0 0 1 0 0 
0 0 0 0 0 1 0 0 0 -m1^2 
0 0 0 0 0 0 0 0 1 0 
-1 -1 1 1 1 0 0 0 0 0 
2 -1 2 0 0 0 0 0 0 4*m1^2 
0 0 0 1 0 0 0 0 0 0 
0 1 1 -1 -1 1 1 0 -1 -s+m1^2 

1
6 152
0 13
0 1 0 0 0 0 0 0 0 0 
0 1 0 0 0 0 0 0 0 0 
0 1 0 0 0 0 0 0 0 0 
1 0 0 0 0 0 0 0 0 0 
0 0 1 0 0 0 0 0 0 0 
0 1 0 0 0 0 0 0 0 0 
0 1 0 0 0 0 0 0 0 0 
0 0 0 1 0 0 0 0 0 0 
0 1 0 0 0 0 0 0 0 0 

0
6 153
1 89
0 0 0 1 0 0 0 0 0 0 
2 0 0 0 0 -1 0 0 2 0 
0 0 0 0 0 0 0 0 1 0 
0 0 0 0 1 0 0 0 0 0 
1 0 0 0 0 0 0 0 0 0 
3 0 0 -1 0 -1 1 -1 2 m1^2+mm^2-t 
2 1 0 2 0 -2 0 0 4 2*m1^2-2*mm^2 
0 0 0 0 0 0 1 0 0 0 
1 -1 1 0 1 -1 -1 1 2 m1^2-mm^2+t 

1
6 154
0 269
0 1 0 0 0 0 0 0 0 0 
0 0 1 0 0 0 0 0 0 0 
0 1 0 0 0 0 0 0 0 0 
1 0 0 0 0 0 0 0 0 0 
0 0 0 0 0 0 0 0 1 0 
0 1 0 0 0 0 0 0 0 0 
0 1 0 0 0 0 0 0 0 0 
0 0 0 1 0 0 0 0 0 0 
0 1 0 0 0 0 0 0 0 0 

0
6 155
1 121
0 0 0 1 0 0 0 0 0 0 
1 0 0 0 0 0 0 0 0 0 
0 0 0 0 0 0 0 0 1 0 
0 0 0 0 1 0 0 0 0 0 
0 0 0 0 0 1 0 0 0 0 
2 0 0 0 0 0 0 -1 0 2*m1^2 
1 1 0 1 0 -1 0 0 1 m1^2-mm^2 
0 0 0 0 0 0 1 0 0 0 
0 -1 1 0 0 0 0 1 0 0 

1
6 156
0 141
0 1 0 0 0 0 0 0 0 0 
0 1 0 0 0 0 0 0 0 0 
0 0 0 0 0 0 0 1 0 0 
1 0 0 0 0 0 0 0 0 0 
0 0 1 0 0 0 0 0 0 0 
0 1 0 0 0 0 0 0 0 0 
0 1 0 0 0 0 0 0 0 0 
0 0 0 1 0 0 0 0 0 0 
0 1 0 0 0 0 0 0 0 0 

0
6 157
1 345
0 0 0 1 0 0 0 0 0 0 
2 0 0 0 0 -1 0 0 2 0 
0 0 0 0 0 0 0 0 1 0 
0 0 0 0 1 0 0 0 0 0 
1 0 0 0 0 0 0 0 0 0 
3 0 0 -1 0 -1 1 -1 2 m1^2+mm^2-t 
2 1 0 2 0 -2 0 0 4 2*m1^2-2*mm^2 
0 0 0 0 0 0 1 0 0 0 
1 -1 1 0 1 -1 -1 1 2 m1^2-mm^2+t 

1
6 158
0 397
0 1 0 0 0 0 0 0 0 0 
0 0 1 0 0 0 0 0 0 0 
0 0 0 0 0 0 0 1 0 0 
1 0 0 0 0 0 0 0 0 0 
0 0 0 0 0 0 0 0 1 0 
0 1 0 0 0 0 0 0 0 0 
0 1 0 0 0 0 0 0 0 0 
0 0 0 1 0 0 0 0 0 0 
0 1 0 0 0 0 0 0 0 0 

0
6 159
1 377
0 0 0 1 0 0 0 0 0 0 
1 0 0 0 0 0 0 0 0 0 
0 0 0 0 0 0 0 0 1 0 
0 0 0 0 1 0 0 0 0 0 
0 0 0 0 0 1 0 0 0 0 
2 0 0 0 0 0 0 -1 0 2*m1^2 
1 1 0 1 0 -1 0 0 1 m1^2-mm^2 
0 0 0 0 0 0 1 0 0 0 
0 -1 1 0 0 0 0 1 0 0 

0
6 163
1 201
1 0 0 0 0 0 0 0 0 0 
0 0 0 1 0 0 0 0 0 0 
0 1 0 0 0 0 0 0 0 0 
1 1 -1 0 0 0 0 0 0 s 
0 2 0 2 0 -1 0 0 0 0 
0 0 0 0 0 0 1 0 0 0 
1 -1 0 1 0 1 0 0 -1 3*m1^2+mm^2 
0 0 0 0 0 0 0 1 0 0 
0 0 0 1 1 0 -1 0 0 -s+2*m1^2 

0
6 166
1 202
1 0 0 0 0 0 0 0 0 0 
0 0 0 1 0 0 0 0 0 0 
0 1 0 0 0 0 0 0 0 0 
1 1 -1 0 0 0 0 0 0 s 
0 2 0 2 0 -1 0 0 0 0 
0 0 0 0 0 0 1 0 0 0 
1 -1 0 1 0 1 0 0 -1 3*m1^2+mm^2 
0 0 0 0 0 0 0 1 0 0 
0 0 0 1 1 0 -1 0 0 -s+2*m1^2 

0
6 167
1 203
1 0 0 0 0 0 0 0 0 0 
0 0 0 1 0 0 0 0 0 0 
0 1 0 0 0 0 0 0 0 0 
1 1 -1 0 0 0 0 0 0 s 
0 2 0 2 0 -1 0 0 0 0 
0 0 0 0 0 0 1 0 0 0 
1 -1 0 1 0 1 0 0 -1 3*m1^2+mm^2 
0 0 0 0 0 0 0 1 0 0 
0 0 0 1 1 0 -1 0 0 -s+2*m1^2 

1
6 170
1 201
0 1 0 0 0 0 0 0 0 0 
1 0 0 0 0 0 0 0 0 0 
0 1 0 0 0 0 0 0 0 0 
0 0 0 1 0 0 0 0 0 0 
0 1 0 0 0 0 0 0 0 0 
0 0 0 0 0 0 0 1 0 0 
0 1 0 0 0 0 0 0 0 0 
0 0 0 0 0 0 1 0 0 0 
0 1 0 0 0 0 0 0 0 0 

0
6 171
1 217
0 0 0 1 0 0 0 0 0 0 
1 0 0 0 0 0 0 0 0 0 
0 0 0 0 0 0 0 0 1 0 
0 0 0 0 1 0 0 0 0 0 
2 0 0 0 0 -1 0 0 2 0 
0 0 0 0 0 0 0 1 0 0 
1 -1 0 1 0 1 0 0 -1 3*m1^2+mm^2 
0 0 0 0 0 0 1 0 0 0 
2 1 -1 0 0 0 0 -1 0 2*m1^2 

1
6 174
1 203
0 0 1 0 0 0 0 0 0 0 
0 0 0 1 0 0 0 0 0 0 
0 1 0 0 0 0 0 0 0 0 
1 0 0 0 0 0 0 0 0 0 
0 0 1 0 0 0 0 0 0 0 
0 0 0 0 0 0 1 0 0 0 
0 0 1 0 0 0 0 0 0 0 
0 0 0 0 0 0 0 1 0 0 
0 0 1 0 0 0 0 0 0 0 

0
6 175
1 473
0 0 0 1 0 0 0 0 0 0 
1 0 0 0 0 0 0 0 0 0 
0 0 0 0 0 0 0 0 1 0 
0 0 0 0 1 0 0 0 0 0 
2 0 0 0 0 -1 0 0 2 0 
0 0 0 0 0 0 0 1 0 0 
1 -1 0 1 0 1 0 0 -1 3*m1^2+mm^2 
0 0 0 0 0 0 1 0 0 0 
2 1 -1 0 0 0 0 -1 0 2*m1^2 

0
6 176
0 134
-1 0 0 1 0 0 0 1 0 -2*m1^2+mm^2-t 
0 2 0 0 -1 0 0 0 0 -m1^2 
0 0 0 1 0 0 0 0 0 0 
0 0 0 1 0 -1 0 1 0 -m1^2+mm^2-t 
0 0 1 0 0 0 0 0 0 0 
0 1 0 0 0 0 0 0 0 0 
-1 3 -1 2 -2 0 0 1 1 -m1^2+mm^2-2*t 
0 0 0 0 0 0 0 1 0 0 
0 3 0 0 -2 0 1 0 -1 -s 

0
6 180
0 142
-1 0 0 1 0 0 0 1 0 -2*m1^2+mm^2-t 
0 2 0 0 -1 0 0 0 0 -m1^2 
0 0 0 1 0 0 0 0 0 0 
0 0 0 1 0 -1 0 1 0 -m1^2+mm^2-t 
0 0 1 0 0 0 0 0 0 0 
0 1 0 0 0 0 0 0 0 0 
-1 3 -1 2 -2 0 0 1 1 -m1^2+mm^2-2*t 
0 0 0 0 0 0 0 1 0 0 
0 3 0 0 -2 0 1 0 -1 -s 

0
6 194
0 14
1 0 0 0 0 0 0 0 0 0 
0 0 1 0 0 0 0 0 0 0 
0 0 0 0 0 0 0 1 0 0 
0 0 0 0 0 1 0 0 0 -m1^2 
0 0 2 0 0 0 0 2 -1 0 
1 1 1 -1 -1 0 0 0 0 2*m1^2 
0 1 0 0 0 0 0 0 0 0 
0 0 0 1 0 0 0 0 0 0 
0 -1 1 1 1 -1 -1 0 1 s+m1^2 

0
6 195
0 15
1 0 0 0 0 0 0 0 0 0 
0 0 1 0 0 0 0 0 0 0 
0 0 0 0 0 0 0 1 0 0 
0 0 0 0 0 1 0 0 0 -m1^2 
0 0 2 0 0 0 0 2 -1 0 
1 1 1 -1 -1 0 0 0 0 2*m1^2 
0 1 0 0 0 0 0 0 0 0 
0 0 0 1 0 0 0 0 0 0 
0 -1 1 1 1 -1 -1 0 1 s+m1^2 

0
6 198
0 142
1 0 0 0 0 0 0 0 0 0 
0 0 1 0 0 0 0 0 0 0 
0 0 0 0 0 0 0 1 0 0 
0 0 0 0 0 1 0 0 0 -m1^2 
0 0 2 0 0 0 0 2 -1 0 
1 1 1 -1 -1 0 0 0 0 2*m1^2 
0 1 0 0 0 0 0 0 0 0 
0 0 0 1 0 0 0 0 0 0 
0 -1 1 1 1 -1 -1 0 1 s+m1^2 

0
6 199
0 143
1 0 0 0 0 0 0 0 0 0 
0 0 1 0 0 0 0 0 0 0 
0 0 0 0 0 0 0 1 0 0 
0 0 0 0 0 1 0 0 0 -m1^2 
0 0 2 0 0 0 0 2 -1 0 
1 1 1 -1 -1 0 0 0 0 2*m1^2 
0 1 0 0 0 0 0 0 0 0 
0 0 0 1 0 0 0 0 0 0 
0 -1 1 1 1 -1 -1 0 1 s+m1^2 

1
6 202
1 108
1 0 0 0 0 0 0 0 0 0 
0 0 0 0 0 1 0 0 0 0 
1 0 0 0 0 0 0 0 0 0 
0 0 0 1 0 0 0 0 0 0 
1 0 0 0 0 0 0 0 0 0 
1 0 0 0 0 0 0 0 0 0 
0 0 1 0 0 0 0 0 0 0 
0 0 0 0 0 0 1 0 0 0 
1 0 0 0 0 0 0 0 0 0 

0
6 203
1 122
0 0 0 1 0 0 0 0 0 0 
0 0 0 0 0 1 0 0 0 0 
0 0 0 0 0 0 0 0 1 0 
0 0 0 0 1 0 0 0 0 0 
-1 0 0 0 0 2 0 0 2 0 
1 0 0 1 0 1 -1 -1 0 3*m1^2-mm^2+t 
0 1 0 0 0 0 0 0 0 0 
0 0 0 0 0 0 1 0 0 0 
-1 -1 1 0 -1 1 1 1 0 -m1^2+mm^2-t 

1
6 206
1 364
1 0 0 0 0 0 0 0 0 0 
0 0 0 0 0 1 0 0 0 0 
0 0 0 0 0 0 0 0 1 0 
0 0 0 1 0 0 0 0 0 0 
1 0 0 0 0 0 0 0 0 0 
1 0 0 0 0 0 0 0 0 0 
0 0 1 0 0 0 0 0 0 0 
0 0 0 0 0 0 1 0 0 0 
1 0 0 0 0 0 0 0 0 0 

0
6 207
1 378
0 0 0 1 0 0 0 0 0 0 
0 0 0 0 0 1 0 0 0 0 
0 0 0 0 0 0 0 0 1 0 
0 0 0 0 1 0 0 0 0 0 
-1 0 0 0 0 2 0 0 2 0 
1 0 0 1 0 1 -1 -1 0 3*m1^2-mm^2+t 
0 1 0 0 0 0 0 0 0 0 
0 0 0 0 0 0 1 0 0 0 
-1 -1 1 0 -1 1 1 1 0 -m1^2+mm^2-t 

1
6 225
4 323
0 1 0 0 0 0 0 0 0 0 
0 0 1 0 0 0 0 0 0 0 
0 0 1 0 0 0 0 0 0 0 
0 0 1 0 0 0 0 0 0 0 
0 0 1 0 0 0 0 0 0 0 
1 0 0 0 0 0 0 0 0 0 
0 0 0 0 0 0 1 0 0 0 
0 0 0 0 0 0 0 0 1 0 
0 0 1 0 0 0 0 0 0 0 

1
6 226
4 323
0 0 1 0 0 0 0 0 0 0 
0 1 0 0 0 0 0 0 0 0 
0 0 1 0 0 0 0 0 0 0 
0 0 1 0 0 0 0 0 0 0 
0 0 1 0 0 0 0 0 0 0 
0 0 0 0 0 0 0 0 1 0 
1 0 0 0 0 0 0 0 0 0 
0 0 0 0 0 0 1 0 0 0 
0 0 1 0 0 0 0 0 0 0 

1
6 259
0 13
0 0 1 0 0 0 0 0 0 0 
1 0 0 0 0 0 0 0 0 0 
0 1 0 0 0 0 0 0 0 0 
0 1 0 0 0 0 0 0 0 0 
0 1 0 0 0 0 0 0 0 0 
0 1 0 0 0 0 0 0 0 0 
0 1 0 0 0 0 0 0 0 0 
0 1 0 0 0 0 0 0 0 0 
0 0 0 1 0 0 0 0 0 0 

1
6 263
0 75
0 0 0 0 0 0 1 0 0 0 
1 0 0 0 0 0 0 0 0 0 
0 1 0 0 0 0 0 0 0 0 
0 0 1 0 0 0 0 0 0 0 
0 0 1 0 0 0 0 0 0 0 
0 0 1 0 0 0 0 0 0 0 
0 0 1 0 0 0 0 0 0 0 
0 0 1 0 0 0 0 0 0 0 
0 0 0 1 0 0 0 0 0 0 

1
6 266
0 13
0 1 0 0 0 0 0 0 0 0 
1 0 0 0 0 0 0 0 0 0 
0 1 0 0 0 0 0 0 0 0 
0 0 1 0 0 0 0 0 0 0 
0 1 0 0 0 0 0 0 0 0 
0 1 0 0 0 0 0 0 0 0 
0 1 0 0 0 0 0 0 0 0 
0 1 0 0 0 0 0 0 0 0 
0 0 0 1 0 0 0 0 0 0 

1
6 267
0 329
0 0 0 0 0 0 0 0 1 0 
1 0 0 0 0 0 0 0 0 0 
0 1 0 0 0 0 0 0 0 0 
0 0 0 0 0 0 1 0 0 0 
0 1 0 0 0 0 0 0 0 0 
0 1 0 0 0 0 0 0 0 0 
0 1 0 0 0 0 0 0 0 0 
0 1 0 0 0 0 0 0 0 0 
0 0 0 1 0 0 0 0 0 0 

1
6 270
0 75
0 0 1 0 0 0 0 0 0 0 
1 0 0 0 0 0 0 0 0 0 
0 1 0 0 0 0 0 0 0 0 
0 0 0 0 0 0 1 0 0 0 
0 0 1 0 0 0 0 0 0 0 
0 0 1 0 0 0 0 0 0 0 
0 0 1 0 0 0 0 0 0 0 
0 0 1 0 0 0 0 0 0 0 
0 0 0 1 0 0 0 0 0 0 

1
6 271
0 331
0 0 0 0 0 0 0 0 1 0 
1 0 0 0 0 0 0 0 0 0 
0 1 0 0 0 0 0 0 0 0 
0 0 0 0 0 0 1 0 0 0 
0 0 1 0 0 0 0 0 0 0 
0 0 1 0 0 0 0 0 0 0 
0 0 1 0 0 0 0 0 0 0 
0 0 1 0 0 0 0 0 0 0 
0 0 0 1 0 0 0 0 0 0 

1
6 273
0 76
0 0 1 0 0 0 0 0 0 0 
1 0 0 0 0 0 0 0 0 0 
1 0 0 0 0 0 0 0 0 0 
1 0 0 0 0 0 0 0 0 0 
0 0 0 0 0 0 1 0 0 0 
1 0 0 0 0 0 0 0 0 0 
1 0 0 0 0 0 0 0 0 0 
1 0 0 0 0 0 0 0 0 0 
0 0 0 1 0 0 0 0 0 0 

1
6 274
0 13
0 1 0 0 0 0 0 0 0 0 
1 0 0 0 0 0 0 0 0 0 
0 1 0 0 0 0 0 0 0 0 
0 1 0 0 0 0 0 0 0 0 
0 0 1 0 0 0 0 0 0 0 
0 1 0 0 0 0 0 0 0 0 
0 1 0 0 0 0 0 0 0 0 
0 1 0 0 0 0 0 0 0 0 
0 0 0 1 0 0 0 0 0 0 

1
6 275
0 77
0 0 1 0 0 0 0 0 0 0 
1 0 0 0 0 0 0 0 0 0 
0 1 0 0 0 0 0 0 0 0 
0 1 0 0 0 0 0 0 0 0 
0 0 0 0 0 0 1 0 0 0 
0 1 0 0 0 0 0 0 0 0 
0 1 0 0 0 0 0 0 0 0 
0 1 0 0 0 0 0 0 0 0 
0 0 0 1 0 0 0 0 0 0 

1
6 276
0 14
1 0 0 0 0 0 0 0 0 0 
1 0 0 0 0 0 0 0 0 0 
0 1 0 0 0 0 0 0 0 0 
1 0 0 0 0 0 0 0 0 0 
0 0 1 0 0 0 0 0 0 0 
1 0 0 0 0 0 0 0 0 0 
1 0 0 0 0 0 0 0 0 0 
1 0 0 0 0 0 0 0 0 0 
0 0 0 1 0 0 0 0 0 0 

1
6 277
0 78
0 0 0 0 0 0 1 0 0 0 
1 0 0 0 0 0 0 0 0 0 
0 1 0 0 0 0 0 0 0 0 
1 0 0 0 0 0 0 0 0 0 
0 0 1 0 0 0 0 0 0 0 
1 0 0 0 0 0 0 0 0 0 
1 0 0 0 0 0 0 0 0 0 
1 0 0 0 0 0 0 0 0 0 
0 0 0 1 0 0 0 0 0 0 

1
6 278
0 15
0 0 0 0 1 0 0 0 0 0 
1 0 0 0 0 0 0 0 0 0 
0 1 0 0 0 0 0 0 0 0 
0 0 0 0 1 0 0 0 0 0 
0 0 1 0 0 0 0 0 0 0 
0 0 0 0 1 0 0 0 0 0 
0 0 0 0 1 0 0 0 0 0 
0 0 0 0 1 0 0 0 0 0 
0 0 0 1 0 0 0 0 0 0 

1
6 279
0 79
0 0 0 0 0 0 1 0 0 0 
1 0 0 0 0 0 0 0 0 0 
0 1 0 0 0 0 0 0 0 0 
0 0 0 0 1 0 0 0 0 0 
0 0 1 0 0 0 0 0 0 0 
0 0 0 0 1 0 0 0 0 0 
0 0 0 0 1 0 0 0 0 0 
0 0 0 0 1 0 0 0 0 0 
0 0 0 1 0 0 0 0 0 0 

0
6 280
0 268
-1 0 1 0 0 1 1 0 -1 -m1^2 
0 0 0 0 0 1 0 0 0 -m1^2 
0 -1 1 0 0 1 1 -1 0 -s+2*m1^2+mm^2 
0 0 1 0 0 0 0 0 0 0 
0 0 0 0 0 0 0 0 1 0 
1 0 0 -1 0 1 0 0 0 -s+m1^2 
-2 -1 2 0 0 4 2 0 -2 0 
0 1 1 -1 -1 1 1 0 -1 -s+m1^2 
0 0 0 1 0 0 0 0 0 0 

1
6 281
0 332
0 0 0 0 0 0 1 0 0 0 
1 0 0 0 0 0 0 0 0 0 
1 0 0 0 0 0 0 0 0 0 
0 0 0 0 0 0 0 0 1 0 
0 0 1 0 0 0 0 0 0 0 
1 0 0 0 0 0 0 0 0 0 
1 0 0 0 0 0 0 0 0 0 
1 0 0 0 0 0 0 0 0 0 
0 0 0 1 0 0 0 0 0 0 

1
6 282
0 269
0 1 0 0 0 0 0 0 0 0 
1 0 0 0 0 0 0 0 0 0 
0 1 0 0 0 0 0 0 0 0 
0 0 1 0 0 0 0 0 0 0 
0 0 0 0 0 0 0 0 1 0 
0 1 0 0 0 0 0 0 0 0 
0 1 0 0 0 0 0 0 0 0 
0 1 0 0 0 0 0 0 0 0 
0 0 0 1 0 0 0 0 0 0 

1
6 283
0 333
0 0 0 0 0 0 1 0 0 0 
1 0 0 0 0 0 0 0 0 0 
0 1 0 0 0 0 0 0 0 0 
0 0 0 0 0 0 0 0 1 0 
0 0 1 0 0 0 0 0 0 0 
0 1 0 0 0 0 0 0 0 0 
0 1 0 0 0 0 0 0 0 0 
0 1 0 0 0 0 0 0 0 0 
0 0 0 1 0 0 0 0 0 0 

1
6 284
0 270
1 0 0 0 0 0 0 0 0 0 
1 0 0 0 0 0 0 0 0 0 
0 1 0 0 0 0 0 0 0 0 
0 0 0 0 0 0 0 0 1 0 
0 0 1 0 0 0 0 0 0 0 
1 0 0 0 0 0 0 0 0 0 
1 0 0 0 0 0 0 0 0 0 
1 0 0 0 0 0 0 0 0 0 
0 0 0 1 0 0 0 0 0 0 

1
6 285
0 334
0 0 0 0 0 0 1 0 0 0 
1 0 0 0 0 0 0 0 0 0 
0 1 0 0 0 0 0 0 0 0 
0 0 0 0 0 0 0 0 1 0 
0 0 1 0 0 0 0 0 0 0 
1 0 0 0 0 0 0 0 0 0 
1 0 0 0 0 0 0 0 0 0 
1 0 0 0 0 0 0 0 0 0 
0 0 0 1 0 0 0 0 0 0 

1
6 286
0 271
0 0 0 0 1 0 0 0 0 0 
1 0 0 0 0 0 0 0 0 0 
0 1 0 0 0 0 0 0 0 0 
0 0 0 0 0 0 0 0 1 0 
0 0 1 0 0 0 0 0 0 0 
0 0 0 0 1 0 0 0 0 0 
0 0 0 0 1 0 0 0 0 0 
0 0 0 0 1 0 0 0 0 0 
0 0 0 1 0 0 0 0 0 0 

1
6 287
0 335
0 0 0 0 0 0 1 0 0 0 
1 0 0 0 0 0 0 0 0 0 
0 1 0 0 0 0 0 0 0 0 
0 0 0 0 0 0 0 0 1 0 
0 0 1 0 0 0 0 0 0 0 
0 0 0 0 1 0 0 0 0 0 
0 0 0 0 1 0 0 0 0 0 
0 0 0 0 1 0 0 0 0 0 
0 0 0 1 0 0 0 0 0 0 

0
6 289
5 196
0 0 1 0 0 0 0 0 0 0 
0 1 0 0 0 0 0 0 0 0 
-1 0 2 0 0 0 0 0 0 2*m1^2+2*mm^2 
0 0 2 -1 0 0 0 0 0 2*s 
-2 6 2 2 -2 1 -2 -2 0 9*m1^2+2*mm^2 
0 0 0 0 0 0 1 0 0 0 
0 -2 1 -1 1 0 1 1 0 -2*m1^2 
1 0 2 -1 0 0 0 0 -1 m1^2+mm^2-t 
0 0 0 0 0 0 0 1 0 0 

0
6 291
5 198
0 0 1 0 0 0 0 0 0 0 
0 1 0 0 0 0 0 0 0 0 
-1 0 2 0 0 0 0 0 0 2*m1^2+2*mm^2 
0 0 2 -1 0 0 0 0 0 2*s 
-2 6 2 2 -2 1 -2 -2 0 9*m1^2+2*mm^2 
0 0 0 0 0 0 1 0 0 0 
0 -2 1 -1 1 0 1 1 0 -2*m1^2 
1 0 2 -1 0 0 0 0 -1 m1^2+mm^2-t 
0 0 0 0 0 0 0 1 0 0 

0
6 293
5 197
0 0 1 0 0 0 0 0 0 0 
0 1 0 0 0 0 0 0 0 0 
1 0 0 0 0 0 0 0 0 0 
0 0 0 1 0 0 0 0 0 0 
0 0 0 0 0 1 0 0 0 -m1^2 
0 0 0 0 0 0 1 0 0 0 
0 4 1 1 -1 0 -1 -1 0 6*m1^2 
-1 0 0 1 0 0 0 0 1 m1^2-mm^2+t 
0 0 0 0 0 0 0 1 0 0 

0
6 295
5 199
0 0 1 0 0 0 0 0 0 0 
0 1 0 0 0 0 0 0 0 0 
1 0 0 0 0 0 0 0 0 0 
0 0 0 1 0 0 0 0 0 0 
0 0 0 0 0 1 0 0 0 -m1^2 
0 0 0 0 0 0 1 0 0 0 
0 4 1 1 -1 0 -1 -1 0 6*m1^2 
-1 0 0 1 0 0 0 0 1 m1^2-mm^2+t 
0 0 0 0 0 0 0 1 0 0 

0
6 296
5 196
0 0 0 1 0 0 0 0 0 0 
0 1 0 0 0 0 0 0 0 0 
-1 0 1 1 0 0 0 0 0 -s+2*m1^2+2*mm^2 
0 0 1 0 0 0 0 0 0 0 
-2 4 1 3 -2 1 -1 -1 0 -s+7*m1^2+2*mm^2 
0 0 0 0 0 0 1 0 0 0 
0 0 0 0 1 0 0 0 0 0 
1 0 1 0 0 0 0 0 -1 -s+m1^2+mm^2-t 
0 0 0 0 0 0 0 1 0 0 

0
6 297
5 204
0 0 1 0 0 0 0 0 0 0 
0 1 0 0 0 0 0 0 0 0 
1 0 0 0 0 0 0 0 0 0 
0 0 0 1 0 0 0 0 0 0 
0 0 0 0 0 1 0 0 0 -m1^2 
0 0 0 0 0 0 1 0 0 0 
0 4 1 1 -1 0 -1 -1 0 6*m1^2 
-1 0 0 1 0 0 0 0 1 m1^2-mm^2+t 
0 0 0 0 0 0 0 1 0 0 

0
6 298
5 198
0 0 0 1 0 0 0 0 0 0 
0 1 0 0 0 0 0 0 0 0 
-1 0 1 1 0 0 0 0 0 -s+2*m1^2+2*mm^2 
0 0 1 0 0 0 0 0 0 0 
-2 4 1 3 -2 1 -1 -1 0 -s+7*m1^2+2*mm^2 
0 0 0 0 0 0 1 0 0 0 
0 0 0 0 1 0 0 0 0 0 
1 0 1 0 0 0 0 0 -1 -s+m1^2+mm^2-t 
0 0 0 0 0 0 0 1 0 0 

0
6 299
5 206
0 0 1 0 0 0 0 0 0 0 
0 1 0 0 0 0 0 0 0 0 
1 0 0 0 0 0 0 0 0 0 
0 0 0 1 0 0 0 0 0 0 
0 0 0 0 0 1 0 0 0 -m1^2 
0 0 0 0 0 0 1 0 0 0 
0 4 1 1 -1 0 -1 -1 0 6*m1^2 
-1 0 0 1 0 0 0 0 1 m1^2-mm^2+t 
0 0 0 0 0 0 0 1 0 0 

1
6 300
5 197
0 1 0 0 0 0 0 0 0 0 
0 1 0 0 0 0 0 0 0 0 
1 0 0 0 0 0 0 0 0 0 
0 0 1 0 0 0 0 0 0 0 
0 1 0 0 0 0 0 0 0 0 
0 0 0 0 0 0 1 0 0 0 
0 1 0 0 0 0 0 0 0 0 
0 1 0 0 0 0 0 0 0 0 
0 0 0 0 0 0 0 1 0 0 

0
6 301
5 205
0 0 1 0 0 0 0 0 0 0 
0 1 0 0 0 0 0 0 0 0 
1 0 0 0 0 0 0 0 0 0 
0 0 0 1 0 0 0 0 0 0 
0 0 0 0 0 1 0 0 0 -m1^2 
0 0 0 0 0 0 1 0 0 0 
0 4 1 1 -1 0 -1 -1 0 6*m1^2 
-1 0 0 1 0 0 0 0 1 m1^2-mm^2+t 
0 0 0 0 0 0 0 1 0 0 

1
6 302
5 199
0 0 0 1 0 0 0 0 0 0 
0 1 0 0 0 0 0 0 0 0 
1 0 0 0 0 0 0 0 0 0 
0 0 1 0 0 0 0 0 0 0 
0 0 0 1 0 0 0 0 0 0 
0 0 0 0 0 0 1 0 0 0 
0 0 0 1 0 0 0 0 0 0 
0 0 0 1 0 0 0 0 0 0 
0 0 0 0 0 0 0 1 0 0 

0
6 303
5 207
0 0 1 0 0 0 0 0 0 0 
0 1 0 0 0 0 0 0 0 0 
1 0 0 0 0 0 0 0 0 0 
0 0 0 1 0 0 0 0 0 0 
0 0 0 0 0 1 0 0 0 -m1^2 
0 0 0 0 0 0 1 0 0 0 
0 4 1 1 -1 0 -1 -1 0 6*m1^2 
-1 0 0 1 0 0 0 0 1 m1^2-mm^2+t 
0 0 0 0 0 0 0 1 0 0 

0
6 304
5 196
0 0 0 0 0 1 0 0 0 -m1^2 
0 1 0 0 0 0 0 0 0 0 
0 -2 1 -1 1 0 1 1 0 -2*m1^2 
0 -2 1 -1 0 1 1 1 0 s-3*m1^2 
0 0 1 0 0 0 0 0 0 0 
0 0 0 0 0 0 1 0 0 0 
-1 2 0 0 0 2 0 0 0 2*m1^2 
1 -1 1 -1 0 1 1 0 -1 -m1^2 
0 0 0 0 0 0 0 1 0 0 

0
6 306
5 198
0 0 0 0 0 1 0 0 0 -m1^2 
0 1 0 0 0 0 0 0 0 0 
0 -2 1 -1 1 0 1 1 0 -2*m1^2 
0 -2 1 -1 0 1 1 1 0 s-3*m1^2 
0 0 1 0 0 0 0 0 0 0 
0 0 0 0 0 0 1 0 0 0 
-1 2 0 0 0 2 0 0 0 2*m1^2 
1 -1 1 -1 0 1 1 0 -1 -m1^2 
0 0 0 0 0 0 0 1 0 0 

0
6 308
5 216
0 2 -1 1 0 1 -1 -1 0 s+m1^2 
0 1 0 0 0 0 0 0 0 0 
0 0 0 0 1 0 0 0 0 0 
0 0 0 0 0 1 0 0 0 -m1^2 
0 0 0 1 0 0 0 0 0 0 
0 0 0 0 0 0 1 0 0 0 
-1 6 -1 1 0 2 -2 -2 0 s+6*m1^2 
1 1 0 0 0 1 0 -1 -1 m1^2 
0 0 0 0 0 0 0 1 0 0 

0
6 310
5 218
0 2 -1 1 0 1 -1 -1 0 s+m1^2 
0 1 0 0 0 0 0 0 0 0 
0 0 0 0 1 0 0 0 0 0 
0 0 0 0 0 1 0 0 0 -m1^2 
0 0 0 1 0 0 0 0 0 0 
0 0 0 0 0 0 1 0 0 0 
-1 6 -1 1 0 2 -2 -2 0 s+6*m1^2 
1 1 0 0 0 1 0 -1 -1 m1^2 
0 0 0 0 0 0 0 1 0 0 

1
6 321
0 14
0 0 1 0 0 0 0 0 0 0 
1 0 0 0 0 0 0 0 0 0 
1 0 0 0 0 0 0 0 0 0 
1 0 0 0 0 0 0 0 0 0 
1 0 0 0 0 0 0 0 0 0 
1 0 0 0 0 0 0 0 0 0 
0 1 0 0 0 0 0 0 0 0 
1 0 0 0 0 0 0 0 0 0 
0 0 0 1 0 0 0 0 0 0 

1
6 323
0 15
0 0 1 0 0 0 0 0 0 0 
1 0 0 0 0 0 0 0 0 0 
0 0 0 0 1 0 0 0 0 0 
0 0 0 0 1 0 0 0 0 0 
0 0 0 0 1 0 0 0 0 0 
0 0 0 0 1 0 0 0 0 0 
0 1 0 0 0 0 0 0 0 0 
0 0 0 0 1 0 0 0 0 0 
0 0 0 1 0 0 0 0 0 0 

0
6 324
4 273
0 0 1 0 0 0 0 0 0 0 
0 1 0 0 0 0 0 0 0 0 
1 0 0 0 0 0 0 0 0 0 
0 0 0 1 0 0 0 0 0 0 
0 0 0 0 0 0 1 0 0 -m1^2 
0 2 -1 1 0 -1 1 0 -1 s+2*m1^2 
0 0 0 0 1 0 0 0 0 0 
1 0 1 0 0 0 0 -1 0 m1^2-mm^2+t 
0 0 0 0 0 0 0 0 1 0 

0
6 325
4 277
0 0 1 0 0 0 0 0 0 0 
0 1 0 0 0 0 0 0 0 0 
1 0 0 0 0 0 0 0 0 0 
0 0 0 1 0 0 0 0 0 0 
0 0 0 0 0 0 1 0 0 -m1^2 
0 2 -1 1 0 -1 1 0 -1 s+2*m1^2 
0 0 0 0 1 0 0 0 0 0 
1 0 1 0 0 0 0 -1 0 m1^2-mm^2+t 
0 0 0 0 0 0 0 0 1 0 

0
6 326
4 275
0 0 1 0 0 0 0 0 0 0 
0 1 0 0 0 0 0 0 0 0 
1 0 0 0 0 0 0 0 0 0 
0 0 0 1 0 0 0 0 0 0 
0 0 0 0 0 0 1 0 0 -m1^2 
0 2 -1 1 0 -1 1 0 -1 s+2*m1^2 
0 0 0 0 1 0 0 0 0 0 
1 0 1 0 0 0 0 -1 0 m1^2-mm^2+t 
0 0 0 0 0 0 0 0 1 0 

0
6 327
4 279
0 0 1 0 0 0 0 0 0 0 
0 1 0 0 0 0 0 0 0 0 
1 0 0 0 0 0 0 0 0 0 
0 0 0 1 0 0 0 0 0 0 
0 0 0 0 0 0 1 0 0 -m1^2 
0 2 -1 1 0 -1 1 0 -1 s+2*m1^2 
0 0 0 0 1 0 0 0 0 0 
1 0 1 0 0 0 0 -1 0 m1^2-mm^2+t 
0 0 0 0 0 0 0 0 1 0 

1
6 328
0 52
1 0 0 0 0 0 0 0 0 0 
1 0 0 0 0 0 0 0 0 0 
1 0 0 0 0 0 0 0 0 0 
0 0 1 0 0 0 0 0 0 0 
1 0 0 0 0 0 0 0 0 0 
1 0 0 0 0 0 0 0 0 0 
0 0 0 0 1 0 0 0 0 0 
1 0 0 0 0 0 0 0 0 0 
0 0 0 0 0 1 0 0 0 0 

0
6 329
4 284
0 0 1 0 0 0 0 0 0 0 
0 1 0 0 0 0 0 0 0 0 
1 0 0 0 0 0 0 0 0 0 
0 0 0 1 0 0 0 0 0 0 
0 0 0 0 0 0 1 0 0 -m1^2 
0 2 -1 1 0 -1 1 0 -1 s+2*m1^2 
0 0 0 0 1 0 0 0 0 0 
1 0 1 0 0 0 0 -1 0 m1^2-mm^2+t 
0 0 0 0 0 0 0 0 1 0 

0
6 330
4 282
0 0 1 0 0 0 0 0 0 0 
0 1 0 0 0 0 0 0 0 0 
1 0 0 0 0 0 0 0 0 0 
0 0 0 1 0 0 0 0 0 0 
0 0 0 0 0 0 1 0 0 -m1^2 
0 2 -1 1 0 -1 1 0 -1 s+2*m1^2 
0 0 0 0 1 0 0 0 0 0 
1 0 1 0 0 0 0 -1 0 m1^2-mm^2+t 
0 0 0 0 0 0 0 0 1 0 

0
6 331
4 286
0 0 1 0 0 0 0 0 0 0 
0 1 0 0 0 0 0 0 0 0 
1 0 0 0 0 0 0 0 0 0 
0 0 0 1 0 0 0 0 0 0 
0 0 0 0 0 0 1 0 0 -m1^2 
0 2 -1 1 0 -1 1 0 -1 s+2*m1^2 
0 0 0 0 1 0 0 0 0 0 
1 0 1 0 0 0 0 -1 0 m1^2-mm^2+t 
0 0 0 0 0 0 0 0 1 0 

0
6 332
4 281
0 0 1 0 0 0 0 0 0 0 
0 1 0 0 0 0 0 0 0 0 
1 0 0 0 0 0 0 0 0 0 
0 0 0 1 0 0 0 0 0 0 
0 0 0 0 0 0 1 0 0 -m1^2 
0 2 -1 1 0 -1 1 0 -1 s+2*m1^2 
0 0 0 0 1 0 0 0 0 0 
1 0 1 0 0 0 0 -1 0 m1^2-mm^2+t 
0 0 0 0 0 0 0 0 1 0 

0
6 333
4 285
0 0 1 0 0 0 0 0 0 0 
0 1 0 0 0 0 0 0 0 0 
1 0 0 0 0 0 0 0 0 0 
0 0 0 1 0 0 0 0 0 0 
0 0 0 0 0 0 1 0 0 -m1^2 
0 2 -1 1 0 -1 1 0 -1 s+2*m1^2 
0 0 0 0 1 0 0 0 0 0 
1 0 1 0 0 0 0 -1 0 m1^2-mm^2+t 
0 0 0 0 0 0 0 0 1 0 

0
6 334
4 283
0 0 1 0 0 0 0 0 0 0 
0 1 0 0 0 0 0 0 0 0 
1 0 0 0 0 0 0 0 0 0 
0 0 0 1 0 0 0 0 0 0 
0 0 0 0 0 0 1 0 0 -m1^2 
0 2 -1 1 0 -1 1 0 -1 s+2*m1^2 
0 0 0 0 1 0 0 0 0 0 
1 0 1 0 0 0 0 -1 0 m1^2-mm^2+t 
0 0 0 0 0 0 0 0 1 0 

0
6 335
4 287
0 0 1 0 0 0 0 0 0 0 
0 1 0 0 0 0 0 0 0 0 
1 0 0 0 0 0 0 0 0 0 
0 0 0 1 0 0 0 0 0 0 
0 0 0 0 0 0 1 0 0 -m1^2 
0 2 -1 1 0 -1 1 0 -1 s+2*m1^2 
0 0 0 0 1 0 0 0 0 0 
1 0 1 0 0 0 0 -1 0 m1^2-mm^2+t 
0 0 0 0 0 0 0 0 1 0 

0
6 353
5 216
0 0 0 1 0 0 0 0 0 0 
0 1 0 0 0 0 0 0 0 0 
-1 0 1 1 0 0 0 0 0 -s+2*m1^2+2*mm^2 
0 0 1 0 0 0 0 0 0 0 
-2 4 1 3 -2 1 -1 -1 0 -s+7*m1^2+2*mm^2 
0 0 0 0 0 0 1 0 0 0 
0 0 0 0 1 0 0 0 0 0 
1 0 1 0 0 0 0 0 -1 -s+m1^2+mm^2-t 
0 0 0 0 0 0 0 1 0 0 

0
6 355
5 218
0 0 0 1 0 0 0 0 0 0 
0 1 0 0 0 0 0 0 0 0 
-1 0 1 1 0 0 0 0 0 -s+2*m1^2+2*mm^2 
0 0 1 0 0 0 0 0 0 0 
-2 4 1 3 -2 1 -1 -1 0 -s+7*m1^2+2*mm^2 
0 0 0 0 0 0 1 0 0 0 
0 0 0 0 1 0 0 0 0 0 
1 0 1 0 0 0 0 0 -1 -s+m1^2+mm^2-t 
0 0 0 0 0 0 0 1 0 0 

1
6 356
5 209
0 1 0 0 0 0 0 0 0 0 
0 1 0 0 0 0 0 0 0 0 
1 0 0 0 0 0 0 0 0 0 
0 1 0 0 0 0 0 0 0 0 
0 1 0 0 0 0 0 0 0 0 
0 0 0 0 0 0 0 1 0 0 
0 0 0 0 1 0 0 0 0 0 
0 1 0 0 0 0 0 0 0 0 
0 0 0 0 0 0 1 0 0 0 

1
6 357
5 217
0 0 0 1 0 0 0 0 0 0 
0 1 0 0 0 0 0 0 0 0 
1 0 0 0 0 0 0 0 0 0 
0 1 0 0 0 0 0 0 0 0 
0 1 0 0 0 0 0 0 0 0 
0 0 0 0 0 0 0 1 0 0 
0 0 0 0 1 0 0 0 0 0 
0 1 0 0 0 0 0 0 0 0 
0 0 0 0 0 0 1 0 0 0 

1
6 358
5 211
0 0 1 0 0 0 0 0 0 0 
0 1 0 0 0 0 0 0 0 0 
1 0 0 0 0 0 0 0 0 0 
0 0 1 0 0 0 0 0 0 0 
0 0 1 0 0 0 0 0 0 0 
0 0 0 0 0 0 0 1 0 0 
0 0 0 0 1 0 0 0 0 0 
0 0 1 0 0 0 0 0 0 0 
0 0 0 0 0 0 1 0 0 0 

1
6 359
5 219
0 0 0 1 0 0 0 0 0 0 
0 1 0 0 0 0 0 0 0 0 
1 0 0 0 0 0 0 0 0 0 
0 0 1 0 0 0 0 0 0 0 
0 0 1 0 0 0 0 0 0 0 
0 0 0 0 0 0 0 1 0 0 
0 0 0 0 1 0 0 0 0 0 
0 0 1 0 0 0 0 0 0 0 
0 0 0 0 0 0 1 0 0 0 

0
6 360
5 212
0 0 0 1 0 0 0 0 0 0 
0 1 0 0 0 0 0 0 0 0 
-1 0 1 1 0 0 0 0 0 -s+2*m1^2+2*mm^2 
0 0 1 0 0 0 0 0 0 0 
-2 4 1 3 -2 1 -1 -1 0 -s+7*m1^2+2*mm^2 
0 0 0 0 0 0 1 0 0 0 
0 0 0 0 1 0 0 0 0 0 
1 0 1 0 0 0 0 0 -1 -s+m1^2+mm^2-t 
0 0 0 0 0 0 0 1 0 0 

0
6 361
5 220
0 0 0 1 0 0 0 0 0 0 
0 1 0 0 0 0 0 0 0 0 
-1 0 1 1 0 0 0 0 0 -s+2*m1^2+2*mm^2 
0 0 1 0 0 0 0 0 0 0 
-2 4 1 3 -2 1 -1 -1 0 -s+7*m1^2+2*mm^2 
0 0 0 0 0 0 1 0 0 0 
0 0 0 0 1 0 0 0 0 0 
1 0 1 0 0 0 0 0 -1 -s+m1^2+mm^2-t 
0 0 0 0 0 0 0 1 0 0 

0
6 362
5 214
0 0 0 1 0 0 0 0 0 0 
0 1 0 0 0 0 0 0 0 0 
-1 0 1 1 0 0 0 0 0 -s+2*m1^2+2*mm^2 
0 0 1 0 0 0 0 0 0 0 
-2 4 1 3 -2 1 -1 -1 0 -s+7*m1^2+2*mm^2 
0 0 0 0 0 0 1 0 0 0 
0 0 0 0 1 0 0 0 0 0 
1 0 1 0 0 0 0 0 -1 -s+m1^2+mm^2-t 
0 0 0 0 0 0 0 1 0 0 

0
6 363
5 222
0 0 0 1 0 0 0 0 0 0 
0 1 0 0 0 0 0 0 0 0 
-1 0 1 1 0 0 0 0 0 -s+2*m1^2+2*mm^2 
0 0 1 0 0 0 0 0 0 0 
-2 4 1 3 -2 1 -1 -1 0 -s+7*m1^2+2*mm^2 
0 0 0 0 0 0 1 0 0 0 
0 0 0 0 1 0 0 0 0 0 
1 0 1 0 0 0 0 0 -1 -s+m1^2+mm^2-t 
0 0 0 0 0 0 0 1 0 0 

1
6 364
5 213
0 1 0 0 0 0 0 0 0 0 
0 1 0 0 0 0 0 0 0 0 
1 0 0 0 0 0 0 0 0 0 
0 0 1 0 0 0 0 0 0 0 
0 1 0 0 0 0 0 0 0 0 
0 0 0 0 0 0 0 1 0 0 
0 0 0 0 1 0 0 0 0 0 
0 1 0 0 0 0 0 0 0 0 
0 0 0 0 0 0 1 0 0 0 

1
6 365
5 221
0 0 0 1 0 0 0 0 0 0 
0 1 0 0 0 0 0 0 0 0 
1 0 0 0 0 0 0 0 0 0 
0 0 1 0 0 0 0 0 0 0 
0 1 0 0 0 0 0 0 0 0 
0 0 0 0 0 0 0 1 0 0 
0 0 0 0 1 0 0 0 0 0 
0 1 0 0 0 0 0 0 0 0 
0 0 0 0 0 0 1 0 0 0 

1
6 366
5 215
0 0 0 1 0 0 0 0 0 0 
0 1 0 0 0 0 0 0 0 0 
1 0 0 0 0 0 0 0 0 0 
0 0 1 0 0 0 0 0 0 0 
0 0 0 1 0 0 0 0 0 0 
0 0 0 0 0 0 0 1 0 0 
0 0 0 0 1 0 0 0 0 0 
0 0 0 1 0 0 0 0 0 0 
0 0 0 0 0 0 1 0 0 0 

1
6 367
5 223
0 0 0 1 0 0 0 0 0 0 
0 1 0 0 0 0 0 0 0 0 
1 0 0 0 0 0 0 0 0 0 
0 0 1 0 0 0 0 0 0 0 
0 0 0 0 0 1 0 0 0 0 
0 0 0 0 0 0 0 1 0 0 
0 0 0 0 1 0 0 0 0 0 
0 0 0 0 0 1 0 0 0 0 
0 0 0 0 0 0 1 0 0 0 

1
6 387
1 201
1 0 0 0 0 0 0 0 0 0 
0 0 0 1 0 0 0 0 0 0 
0 1 0 0 0 0 0 0 0 0 
0 1 0 0 0 0 0 0 0 0 
0 1 0 0 0 0 0 0 0 0 
0 1 0 0 0 0 0 0 0 0 
0 1 0 0 0 0 0 0 0 0 
0 0 0 0 0 0 0 1 0 0 
0 0 0 0 0 0 1 0 0 0 

1
6 390
1 202
1 0 0 0 0 0 0 0 0 0 
0 0 0 1 0 0 0 0 0 0 
0 0 0 0 0 0 0 1 0 0 
1 0 0 0 0 0 0 0 0 0 
1 0 0 0 0 0 0 0 0 0 
1 0 0 0 0 0 0 0 0 0 
1 0 0 0 0 0 0 0 0 0 
0 1 0 0 0 0 0 0 0 0 
0 0 0 0 0 0 1 0 0 0 

1
6 391
1 203
1 0 0 0 0 0 0 0 0 0 
0 0 0 1 0 0 0 0 0 0 
0 1 0 0 0 0 0 0 0 0 
0 0 1 0 0 0 0 0 0 0 
0 0 1 0 0 0 0 0 0 0 
0 0 1 0 0 0 0 0 0 0 
0 0 1 0 0 0 0 0 0 0 
0 0 0 0 0 0 0 1 0 0 
0 0 0 0 0 0 1 0 0 0 

1
6 394
1 201
0 1 0 0 0 0 0 0 0 0 
1 0 0 0 0 0 0 0 0 0 
0 1 0 0 0 0 0 0 0 0 
0 0 0 1 0 0 0 0 0 0 
0 1 0 0 0 0 0 0 0 0 
0 1 0 0 0 0 0 0 0 0 
0 1 0 0 0 0 0 0 0 0 
0 0 0 0 0 0 1 0 0 0 
0 0 0 0 0 0 0 1 0 0 

1
6 395
1 217
0 0 0 1 0 0 0 0 0 0 
1 0 0 0 0 0 0 0 0 0 
0 1 0 0 0 0 0 0 0 0 
0 0 0 0 1 0 0 0 0 0 
0 1 0 0 0 0 0 0 0 0 
0 1 0 0 0 0 0 0 0 0 
0 1 0 0 0 0 0 0 0 0 
0 0 0 0 0 0 1 0 0 0 
0 0 0 0 0 0 0 1 0 0 

1
6 398
1 203
0 0 1 0 0 0 0 0 0 0 
0 0 0 1 0 0 0 0 0 0 
0 1 0 0 0 0 0 0 0 0 
1 0 0 0 0 0 0 0 0 0 
0 0 1 0 0 0 0 0 0 0 
0 0 1 0 0 0 0 0 0 0 
0 0 1 0 0 0 0 0 0 0 
0 0 0 0 0 0 0 1 0 0 
0 0 0 0 0 0 1 0 0 0 

1
6 399
1 473
0 0 0 1 0 0 0 0 0 0 
1 0 0 0 0 0 0 0 0 0 
0 0 0 0 0 0 0 0 1 0 
0 0 0 0 1 0 0 0 0 0 
0 1 0 0 0 0 0 0 0 0 
0 1 0 0 0 0 0 0 0 0 
0 1 0 0 0 0 0 0 0 0 
0 0 0 0 0 0 1 0 0 0 
0 0 0 0 0 0 0 1 0 0 

1
6 400
1 224
1 0 0 0 0 0 0 0 0 0 
1 0 0 0 0 0 0 0 0 0 
1 0 0 0 0 0 0 0 0 0 
1 0 0 0 0 0 0 0 0 0 
0 0 0 0 0 1 0 0 0 0 
1 0 0 0 0 0 0 0 0 0 
1 0 0 0 0 0 0 0 0 0 
0 0 0 0 0 0 1 0 0 0 
0 0 0 0 0 0 0 1 0 0 

1
6 401
1 240
0 0 0 0 1 0 0 0 0 0 
1 0 0 0 0 0 0 0 0 0 
1 0 0 0 0 0 0 0 0 0 
1 0 0 0 0 0 0 0 0 0 
0 0 0 0 0 1 0 0 0 0 
1 0 0 0 0 0 0 0 0 0 
1 0 0 0 0 0 0 0 0 0 
0 0 0 0 0 0 1 0 0 0 
0 0 0 0 0 0 0 1 0 0 

1
6 402
1 225
0 1 0 0 0 0 0 0 0 0 
1 0 0 0 0 0 0 0 0 0 
0 1 0 0 0 0 0 0 0 0 
0 1 0 0 0 0 0 0 0 0 
0 0 0 0 0 1 0 0 0 0 
0 1 0 0 0 0 0 0 0 0 
0 1 0 0 0 0 0 0 0 0 
0 0 0 0 0 0 1 0 0 0 
0 0 0 0 0 0 0 1 0 0 

1
6 403
1 241
0 0 0 0 1 0 0 0 0 0 
1 0 0 0 0 0 0 0 0 0 
0 1 0 0 0 0 0 0 0 0 
0 1 0 0 0 0 0 0 0 0 
0 0 0 0 0 1 0 0 0 0 
0 1 0 0 0 0 0 0 0 0 
0 1 0 0 0 0 0 0 0 0 
0 0 0 0 0 0 1 0 0 0 
0 0 0 0 0 0 0 1 0 0 

1
6 404
1 226
1 0 0 0 0 0 0 0 0 0 
1 0 0 0 0 0 0 0 0 0 
0 1 0 0 0 0 0 0 0 0 
1 0 0 0 0 0 0 0 0 0 
0 0 0 0 0 1 0 0 0 0 
1 0 0 0 0 0 0 0 0 0 
1 0 0 0 0 0 0 0 0 0 
0 0 0 0 0 0 0 1 0 0 
0 0 0 0 0 0 1 0 0 0 

1
6 405
1 496
0 0 0 0 1 0 0 0 0 0 
1 0 0 0 0 0 0 0 0 0 
0 0 0 0 0 0 0 0 1 0 
1 0 0 0 0 0 0 0 0 0 
0 0 0 0 0 1 0 0 0 0 
1 0 0 0 0 0 0 0 0 0 
1 0 0 0 0 0 0 0 0 0 
0 0 0 0 0 0 1 0 0 0 
0 0 0 0 0 0 0 1 0 0 

1
6 406
1 234
1 0 0 0 0 0 0 0 0 0 
0 0 0 1 0 0 0 0 0 0 
0 1 0 0 0 0 0 0 0 0 
1 0 0 0 0 0 0 0 0 0 
0 0 0 0 0 1 0 0 0 0 
1 0 0 0 0 0 0 0 0 0 
1 0 0 0 0 0 0 0 0 0 
0 0 0 0 0 0 0 1 0 0 
0 0 0 0 0 0 1 0 0 0 

1
6 407
1 497
0 0 0 0 1 0 0 0 0 0 
1 0 0 0 0 0 0 0 0 0 
0 0 0 0 0 0 0 0 1 0 
0 1 0 0 0 0 0 0 0 0 
0 0 0 0 0 1 0 0 0 0 
0 1 0 0 0 0 0 0 0 0 
0 1 0 0 0 0 0 0 0 0 
0 0 0 0 0 0 1 0 0 0 
0 0 0 0 0 0 0 1 0 0 

1
6 408
1 225
0 1 0 0 0 0 0 0 0 0 
0 1 0 0 0 0 0 0 0 0 
0 1 0 0 0 0 0 0 0 0 
1 0 0 0 0 0 0 0 0 0 
0 0 0 0 0 1 0 0 0 0 
0 1 0 0 0 0 0 0 0 0 
0 1 0 0 0 0 0 0 0 0 
0 0 0 0 0 0 0 1 0 0 
0 0 0 0 0 0 1 0 0 0 

1
6 409
1 248
0 0 0 0 1 0 0 0 0 0 
1 0 0 0 0 0 0 0 0 0 
1 0 0 0 0 0 0 0 0 0 
0 0 0 1 0 0 0 0 0 0 
0 0 0 0 0 1 0 0 0 0 
1 0 0 0 0 0 0 0 0 0 
1 0 0 0 0 0 0 0 0 0 
0 0 0 0 0 0 1 0 0 0 
0 0 0 0 0 0 0 1 0 0 

1
6 410
1 233
0 1 0 0 0 0 0 0 0 0 
1 0 0 0 0 0 0 0 0 0 
0 1 0 0 0 0 0 0 0 0 
0 0 0 1 0 0 0 0 0 0 
0 0 0 0 0 1 0 0 0 0 
0 1 0 0 0 0 0 0 0 0 
0 1 0 0 0 0 0 0 0 0 
0 0 0 0 0 0 1 0 0 0 
0 0 0 0 0 0 0 1 0 0 

1
6 411
1 249
0 0 0 0 1 0 0 0 0 0 
1 0 0 0 0 0 0 0 0 0 
0 1 0 0 0 0 0 0 0 0 
0 0 0 1 0 0 0 0 0 0 
0 0 0 0 0 1 0 0 0 0 
0 1 0 0 0 0 0 0 0 0 
0 1 0 0 0 0 0 0 0 0 
0 0 0 0 0 0 1 0 0 0 
0 0 0 0 0 0 0 1 0 0 

1
6 412
1 227
0 0 1 0 0 0 0 0 0 0 
0 0 1 0 0 0 0 0 0 0 
0 1 0 0 0 0 0 0 0 0 
1 0 0 0 0 0 0 0 0 0 
0 0 0 0 0 1 0 0 0 0 
0 0 1 0 0 0 0 0 0 0 
0 0 1 0 0 0 0 0 0 0 
0 0 0 0 0 0 0 1 0 0 
0 0 0 0 0 0 1 0 0 0 

1
6 413
1 504
0 0 0 0 1 0 0 0 0 0 
1 0 0 0 0 0 0 0 0 0 
0 0 0 0 0 0 0 0 1 0 
0 0 0 1 0 0 0 0 0 0 
0 0 0 0 0 1 0 0 0 0 
1 0 0 0 0 0 0 0 0 0 
1 0 0 0 0 0 0 0 0 0 
0 0 0 0 0 0 1 0 0 0 
0 0 0 0 0 0 0 1 0 0 

1
6 414
1 235
0 0 1 0 0 0 0 0 0 0 
0 0 0 1 0 0 0 0 0 0 
0 1 0 0 0 0 0 0 0 0 
1 0 0 0 0 0 0 0 0 0 
0 0 0 0 0 1 0 0 0 0 
0 0 1 0 0 0 0 0 0 0 
0 0 1 0 0 0 0 0 0 0 
0 0 0 0 0 0 0 1 0 0 
0 0 0 0 0 0 1 0 0 0 

1
6 415
1 505
0 0 0 0 1 0 0 0 0 0 
1 0 0 0 0 0 0 0 0 0 
0 0 0 0 0 0 0 0 1 0 
0 0 0 1 0 0 0 0 0 0 
0 0 0 0 0 1 0 0 0 0 
0 1 0 0 0 0 0 0 0 0 
0 1 0 0 0 0 0 0 0 0 
0 0 0 0 0 0 1 0 0 0 
0 0 0 0 0 0 0 1 0 0 

1
6 424
6 417
0 1 0 0 0 0 0 0 0 0 
0 1 0 0 0 0 0 0 0 0 
0 1 0 0 0 0 0 0 0 0 
1 0 0 0 0 0 0 0 0 0 
0 1 0 0 0 0 0 0 0 0 
0 0 0 0 0 1 0 0 0 0 
0 1 0 0 0 0 0 0 0 0 
0 0 0 0 0 0 0 1 0 0 
0 0 0 0 0 0 0 0 1 0 

1
6 426
6 419
0 0 1 0 0 0 0 0 0 0 
0 1 0 0 0 0 0 0 0 0 
0 0 1 0 0 0 0 0 0 0 
1 0 0 0 0 0 0 0 0 0 
0 0 1 0 0 0 0 0 0 0 
0 0 0 0 0 1 0 0 0 0 
0 0 1 0 0 0 0 0 0 0 
0 0 0 0 0 0 0 1 0 0 
0 0 0 0 0 0 0 0 1 0 

1
6 428
6 421
0 1 0 0 0 0 0 0 0 0 
0 1 0 0 0 0 0 0 0 0 
0 0 1 0 0 0 0 0 0 0 
1 0 0 0 0 0 0 0 0 0 
0 1 0 0 0 0 0 0 0 0 
0 0 0 0 0 1 0 0 0 0 
0 1 0 0 0 0 0 0 0 0 
0 0 0 0 0 0 0 1 0 0 
0 0 0 0 0 0 0 0 1 0 

1
6 430
6 423
0 0 0 1 0 0 0 0 0 0 
0 1 0 0 0 0 0 0 0 0 
0 0 1 0 0 0 0 0 0 0 
1 0 0 0 0 0 0 0 0 0 
0 0 0 1 0 0 0 0 0 0 
0 0 0 0 0 1 0 0 0 0 
0 0 0 1 0 0 0 0 0 0 
0 0 0 0 0 0 0 1 0 0 
0 0 0 0 0 0 0 0 1 0 

0
6 448
4 448
1 0 0 0 0 0 0 0 0 -m1^2 
0 1 0 0 0 0 0 0 0 0 
0 0 1 0 0 0 0 0 0 m1^2 
1 0 1 -1 0 0 0 0 0 s-m1^2 
0 0 0 0 1 0 0 0 0 -m1^2 
0 2 -1 1 0 -1 1 0 -1 s+2*m1^2 
0 0 0 0 0 0 1 0 0 0 
0 0 0 0 0 0 0 1 0 0 
0 0 0 0 0 0 0 0 1 0 

1
6 449
4 450
0 1 0 0 0 0 0 0 0 0 
1 0 0 0 0 0 0 0 0 0 
1 0 0 0 0 0 0 0 0 0 
1 0 0 0 0 0 0 0 0 0 
1 0 0 0 0 0 0 0 0 0 
1 0 0 0 0 0 0 0 0 0 
0 0 0 0 0 0 1 0 0 0 
0 0 0 0 0 0 0 0 1 0 
0 0 0 0 0 0 0 1 0 0 

0
6 450
4 450
1 0 0 0 0 0 0 0 0 -m1^2 
0 1 0 0 0 0 0 0 0 0 
0 0 1 0 0 0 0 0 0 m1^2 
1 0 1 -1 0 0 0 0 0 s-m1^2 
0 0 0 0 1 0 0 0 0 -m1^2 
0 2 -1 1 0 -1 1 0 -1 s+2*m1^2 
0 0 0 0 0 0 1 0 0 0 
0 0 0 0 0 0 0 1 0 0 
0 0 0 0 0 0 0 0 1 0 

1
6 480
5 480
1 0 0 0 0 0 0 0 0 0 
1 0 0 0 0 0 0 0 0 0 
1 0 0 0 0 0 0 0 0 0 
1 0 0 0 0 0 0 0 0 0 
1 0 0 0 0 0 0 0 0 0 
0 0 0 0 0 0 0 1 0 0 
0 0 0 0 0 1 0 0 0 0 
0 0 0 0 0 0 0 0 1 0 
0 0 0 0 0 0 1 0 0 0 

1
6 482
5 482
1 0 0 0 0 0 0 0 0 0 
0 1 0 0 0 0 0 0 0 0 
1 0 0 0 0 0 0 0 0 0 
1 0 0 0 0 0 0 0 0 0 
1 0 0 0 0 0 0 0 0 0 
0 0 0 0 0 0 0 1 0 0 
0 0 0 0 0 1 0 0 0 0 
0 0 0 0 0 0 0 0 1 0 
0 0 0 0 0 0 1 0 0 0 

