0
9 2
1 4
1 -1 1 0 s+m1^2 
0 0 1 0 0 
0 -1 2 0 2*s+m1^2 
0 0 2 -1 2*m1^2 

1
9 3
1 5
1 0 0 0 0 
0 0 1 0 0 
0 1 0 0 0 
0 1 0 0 0 

0
9 4
1 4
1 0 0 0 0 
0 1 0 0 -m1^2 
0 0 1 0 0 
0 1 1 -1 -s+m1^2 

0
9 5
1 5
1 0 0 0 0 
0 1 0 0 -m1^2 
0 0 1 0 0 
0 1 1 -1 -s+m1^2 

0
9 6
3 6
1 0 0 0 0 
0 1 0 0 0 
0 0 1 0 0 
0 1 1 -1 -s+2*m1^2 

0
9 7
3 7
1 0 0 0 0 
0 1 0 0 0 
0 0 1 0 0 
0 1 1 -1 -s+2*m1^2 

0
9 9
5 9
1 0 0 0 0 
0 1 0 0 -m1^2 
0 0 1 0 -m1^2 
0 0 0 1 0 

1
9 10
1 5
0 1 0 0 0 
0 0 1 0 0 
0 1 0 0 0 
1 0 0 0 0 

1
9 11
6 13
1 0 0 0 0 
0 0 1 0 0 
0 1 0 0 0 
0 0 0 1 0 

1
9 12
1 5
0 1 0 0 0 
0 1 0 0 0 
0 0 1 0 0 
1 0 0 0 0 

0
9 13
6 13
1 0 0 0 0 
0 1 0 0 -m1^2 
0 0 1 0 0 
0 0 0 1 0 

1
9 14
3 7
0 0 0 1 0 
0 1 0 0 0 
0 0 1 0 0 
1 0 0 0 0 

