D43[-1, 0, 1, 1, 1, 1, 0]
D43[-1, 1, 1, 0, 1, 1, 0]
D43[-1, 1, 1, 1, 0, 1, 0]
D43[-1, 1, 1, 1, 1, 0, 0]
D43[-1, 1, 1, 1, 1, 1, 0]
D43[0, 0, 0, 1, 1, 1, 0]
D43[0, 0, 1, 0, 1, 1, 0]
D43[0, 0, 1, 1, 1, 1, 0]
D43[0, 1, 0, 0, 1, 1, 0]
D43[0, 1, 0, 1, 0, 1, 0]
D43[0, 1, 0, 1, 1, 0, 0]
D43[0, 1, 0, 1, 1, 1, -1]
D43[0, 1, 0, 1, 1, 1, 0]
D43[0, 1, 1, -1, 1, 1, 0]
D43[0, 1, 1, 0, 1, 0, 0]
D43[0, 1, 1, 0, 1, 1, -1]
D43[0, 1, 1, 0, 1, 1, 0]
D43[0, 1, 1, 1, 0, 1, 0]
D43[0, 1, 1, 1, 1, 0, 0]
D43[0, 1, 1, 1, 1, 1, -1]
D43[0, 1, 1, 1, 1, 1, 0]
D43[1, 0, -1, 1, 1, 1, 0]
D43[1, 0, 0, 0, 1, 1, 0]
D43[1, 0, 0, 1, 1, 1, 0]
D43[1, 0, 1, -1, 1, 1, 0]
D43[1, 0, 1, 0, 1, 1, 0]
D43[1, 0, 1, 1, 1, 1, 0]
D43[1, 1, -1, 0, 1, 1, 0]
D43[1, 1, -1, 1, 0, 1, 0]
D43[1, 1, -1, 1, 1, 0, 0]
D43[1, 1, -1, 1, 1, 1, -1]
D43[1, 1, -1, 1, 1, 1, 0]
D43[1, 1, 0, -1, 1, 1, 0]
D43[1, 1, 0, 0, 1, 0, 0]
D43[1, 1, 0, 0, 1, 1, -1]
D43[1, 1, 0, 0, 1, 1, 0]
D43[1, 1, 0, 1, 0, 1, 0]
D43[1, 1, 0, 1, 1, 0, 0]
D43[1, 1, 0, 1, 1, 1, -1]
D43[1, 1, 0, 1, 1, 1, 0]
D43[1, 1, 1, -2, 1, 1, 0]
D43[1, 1, 1, -1, 0, 1, 0]
D43[1, 1, 1, -1, 1, 0, 0]
D43[1, 1, 1, -1, 1, 1, -1]
D43[1, 1, 1, -1, 1, 1, 0]
D43[1, 1, 1, 0, 0, 1, 0]
D43[1, 1, 1, 0, 1, 0, 0]
D43[1, 1, 1, 0, 1, 1, -1]
D43[1, 1, 1, 0, 1, 1, 0]
D43[1, 1, 1, 1, 0, 1, 0]
D43[1, 1, 1, 1, 1, 0, 0]
D43[1, 1, 1, 1, 1, 1, -1]
D43[1, 1, 1, 1, 1, 1, 0]
D43[0, -1, 1, 1, 1, 1, 0]
D43[0, 0, 1, 1, 0, 1, 0]
D43[0, 0, 1, 1, 1, 0, 0]
D43[0, 0, 1, 1, 1, 1, -1]
D43[0, 1, 1, 0, 0, 1, 0]
D43[0, 1, 1, 1, 0, 0, 0]
D43[0, 1, 1, 1, 0, 1, -1]
D43[0, 1, 1, 1, 1, 0, -1]
D43[1, -1, 0, 1, 1, 1, 0]
D43[1, -1, 1, 0, 1, 1, 0]
D43[1, -1, 1, 1, 1, 1, 0]
D43[1, 0, 0, 1, 0, 1, 0]
D43[1, 0, 0, 1, 1, 0, 0]
D43[1, 0, 0, 1, 1, 1, -1]
D43[1, 0, 1, 0, 0, 1, 0]
D43[1, 0, 1, 0, 1, 0, 0]
D43[1, 0, 1, 0, 1, 1, -1]
D43[1, 0, 1, 1, 0, 1, 0]
D43[1, 0, 1, 1, 1, 0, 0]
D43[1, 0, 1, 1, 1, 1, -1]
D43[1, 1, 0, 0, 0, 1, 0]
D43[1, 1, 0, 1, -1, 1, 0]
D43[1, 1, 0, 1, 0, 0, 0]
D43[1, 1, 0, 1, 0, 1, -1]
D43[1, 1, 0, 1, 1, 0, -1]
D43[1, 1, 0, 1, 1, 1, -2]
D43[1, 1, 1, 0, -1, 1, 0]
D43[1, 1, 1, 0, 0, 0, 0]
D43[1, 1, 1, 0, 0, 1, -1]
D43[1, 1, 1, 0, 1, 0, -1]
D43[1, 1, 1, 0, 1, 1, -2]
D43[1, 1, 1, 1, -1, 1, 0]
D43[1, 1, 1, 1, 0, 0, 0]
D43[1, 1, 1, 1, 0, 1, -1]
D43[1, 1, 1, 1, 1, -1, 0]
D43[1, 1, 1, 1, 1, 0, -1]
D43[1, 1, 1, 1, 1, 1, -2]
D43[-1, 0, 1, 2, 0, 1, 0]
D43[-1, 0, 1, 2, 1, 0, 0]
D43[-1, 0, 1, 2, 1, 1, 0]
D43[0, 0, 0, 2, 0, 1, 0]
D43[0, 0, 0, 2, 1, 0, 0]
D43[0, 0, 0, 2, 1, 1, 0]
D43[0, 0, 1, 2, 0, 1, 0]
D43[0, 0, 1, 2, 1, 0, 0]
D43[0, 0, 1, 2, 1, 1, 0]
D43[1, 0, -1, 2, 0, 1, 0]
D43[1, 0, -1, 2, 1, 0, 0]
D43[1, 0, -1, 2, 1, 1, 0]
D43[1, 0, 0, 2, 0, 1, 0]
D43[1, 0, 0, 2, 1, 0, 0]
D43[1, 0, 0, 2, 1, 1, 0]
D43[1, 0, 1, 2, 0, 1, 0]
D43[1, 0, 1, 2, 1, 0, 0]
D43[1, 0, 1, 2, 1, 1, 0]