504 8983758861311025601 1 6
4 7 5 3 8 6 

500 16696610929435815931 1 6
4 8 6 7 5 2 

498 10066508053477184855 1 6
4 7 5 1 8 6 

497 6220369513569681177 1 6
4 8 6 7 5 0 

492 5157167213269850707 2 6
7 5 2 6 8 3 
7 5 2 8 6 3 

490 11644400199641714543 4 6
5 7 6 8 3 1 
5 7 8 6 3 1 
7 5 6 8 3 1 
7 5 8 6 3 1 

489 9044367777067627076 4 6
5 7 0 6 8 3 
5 7 0 8 6 3 
7 5 0 6 8 3 
7 5 0 8 6 3 

486 13860689838096188588 2 6
7 5 2 6 8 1 
7 5 2 8 6 1 

485 3062786046182348445 2 6
6 8 7 5 2 0 
8 6 7 5 2 0 

483 13417036671357844063 4 6
5 7 0 6 8 1 
5 7 0 8 6 1 
7 5 0 6 8 1 
7 5 0 8 6 1 

476 8445408137340160852 1 6
4 7 2 3 8 6 

474 16167357333050111870 1 6
4 7 3 1 8 6 

473 12916891576409103451 1 6
4 7 0 3 8 6 

470 6071858105637314475 1 6
4 7 2 1 8 6 

469 3372757681967528668 1 6
4 8 6 7 2 0 

467 8480629488315310174 1 6
4 7 0 1 8 6 

462 17299725787024629657 4 6
2 7 6 8 3 1 
2 7 8 6 3 1 
7 2 6 8 3 1 
7 2 8 6 3 1 

461 6473408351865209244 4 6
6 8 3 7 2 0 
6 8 3 2 7 0 
8 6 3 2 7 0 
8 6 3 7 2 0 

459 2390982399815756750 2 6
0 7 6 8 3 1 
0 7 8 6 3 1 

455 6374325766140526653 4 6
2 7 0 6 8 1 
2 7 0 8 6 1 
7 2 0 6 8 1 
7 2 0 8 6 1 

444 1778523176236837925 1 6
4 3 8 7 5 2 

442 5449461735270083915 1 6
4 7 5 3 1 8 

441 8225223487960559645 1 6
4 3 8 7 5 0 

438 10965848553060872426 1 6
4 1 8 7 5 2 

437 11595454133253457604 1 6
4 8 7 5 2 0 

435 7026761871345601690 1 6
4 1 8 7 5 0 

430 5296095162799833053 1 6
7 5 2 3 8 1 

429 16501619206485116996 2 6
3 8 7 5 2 0 
8 3 7 5 2 0 

427 5204745251227672207 2 6
5 7 0 3 8 1 
7 5 0 3 8 1 

414 16799148102649461967 1 6
4 7 2 3 1 8 

413 1050284091227841149 1 6
4 3 8 7 2 0 

411 2671766961243795198 1 6
4 7 0 3 1 8 

407 4713013269117185316 1 6
4 1 8 7 2 0 

399 3249868057099728657 2 6
2 7 0 3 8 1 
7 2 0 3 8 1 

380 11810940080261084876 2 6
4 5 2 6 8 3 
4 5 2 8 6 3 

378 10793064682037979247 2 6
4 5 6 8 1 3 
4 5 8 6 1 3 

377 3034066374076877084 1 6
4 0 5 6 8 3 

374 14220827792822674075 2 6
4 5 2 6 8 1 
4 5 2 8 6 1 

373 1613340114281184727 1 6
4 6 8 0 5 2 

371 1982813966431244638 1 6
4 0 5 6 8 1 

366 13793909043879996934 4 6
2 5 6 8 3 1 
2 5 8 6 3 1 
5 2 6 8 3 1 
5 2 8 6 3 1 

365 6735211993662685737 4 6
6 8 3 0 5 2 
6 8 3 0 2 5 
8 6 3 0 2 5 
8 6 3 0 5 2 

363 2390982399815756750 2 6
0 5 6 8 3 1 
0 5 8 6 3 1 

359 9621380108863485395 4 6
6 8 1 0 5 2 
6 8 1 0 2 5 
8 6 1 0 2 5 
8 6 1 0 5 2 

350 15626208306921155621 2 6
4 2 6 8 3 1 
4 2 8 6 3 1 

349 18347717083366334392 1 6
4 0 2 6 8 3 

347 17916645284135124222 2 6
0 4 6 8 3 1 
4 0 6 8 3 1 

343 10576124511547150279 1 6
4 0 2 6 8 1 

335 2390982399815756750 2 6
0 2 6 8 3 1 
0 2 8 6 3 1 

318 12606460746925693641 1 6
4 5 2 8 3 1 

317 15984969249472059195 1 6
4 8 3 0 5 2 

107 16152252495495722173 1 5
0 5 3 6 1 

364 18024137354122388793 4 5
2 5 6 8 3 
2 5 8 6 3 
5 2 6 8 3 
5 2 8 6 3 

94 178716277397378625 1 5
4 2 3 6 1 

93 547824286124543100 1 5
4 0 2 6 3 

91 9170511534092147228 2 5
0 4 6 3 1 
4 0 6 3 1 

348 3767929981123368814 2 5
4 2 6 8 3 
4 2 8 6 3 

87 2247341783179389775 1 5
4 0 2 6 1 

344 6596899358322770402 2 4
4 6 8 3 
4 8 6 3 

79 16152252495495722173 1 5
0 2 3 6 1 

336 5697750978532764374 2 3
4 6 8 
4 8 6 

62 3762456242715523987 4 5
4 2 5 1 3 
4 3 1 5 2 
4 1 3 2 5 
4 5 2 3 1 

61 13716280708132667647 1 5
4 3 0 2 5 

59 17818387281075179716 1 5
4 0 5 1 3 

316 9073964938554999908 1 5
4 8 3 5 2 

55 13716280708132667647 1 5
4 1 0 5 2 

312 3050327367987057067 1 4
4 5 8 3 

47 2512878501966980264 4 5
1 3 0 2 5 
1 3 0 5 2 
3 1 0 2 5 
3 1 0 5 2 

304 8533824145127251727 2 3
4 5 8 
4 8 5 

31 17818387281075179716 1 5
4 0 2 3 1 

449 17520452208558333313 2 4
6 8 0 7 
8 6 0 7 

356 11817618753924715730 4 4
6 8 2 5 
6 8 5 2 
8 6 5 2 
8 6 2 5 

480 18159398951093837362 4 4
5 7 6 8 
5 7 8 6 
7 5 6 8 
7 5 8 6 

353 17520452208558333313 2 4
6 8 0 5 
8 6 0 5 

452 5568158931765736262 8 4
2 7 6 8 
2 7 8 6 
6 8 7 2 
6 8 2 7 
7 2 6 8 
7 2 8 6 
8 6 7 2 
8 6 2 7 

325 17520452208558333313 2 4
6 8 0 2 
8 6 0 2 

323 6934963488335717096 2 4
0 6 8 1 
0 8 6 1 

278 4849430361981918121 2 4
4 2 1 8 
4 2 8 1 

21 17656326354493340191 1 3
4 0 2 

267 3630512092471117031 1 4
0 3 8 1 

201 3953686276040048967 2 4
0 7 6 3 
0 7 3 6 

401 1017759956416261026 1 4
4 8 7 0 

147 17427048137121713927 1 4
4 1 7 0 

404 14639998256009746887 1 4
4 8 7 2 

88 11061276152206202204 2 3
4 3 6 
4 6 3 

345 15478097270132804043 2 5
0 4 6 8 3 
4 0 6 8 3 

156 6466001861708672411 1 4
4 3 7 2 

29 1602608418064193060 1 4
4 3 0 2 

286 178716277397378625 1 5
4 2 3 8 1 

90 3630512092471117031 1 4
4 3 6 1 

321 5697750978532764374 2 3
0 6 8 
0 8 6 

212 6298028786061420797 2 4
4 6 2 7 
4 6 7 2 

85 7752654222033869647 1 4
4 6 0 2 

342 11277496011525404436 2 5
4 2 6 8 1 
4 2 8 6 1 

58 18311064358276448373 1 4
4 5 1 3 

315 5419991773683140775 1 6
4 0 5 8 1 3 

284 10311077241947854996 1 4
4 2 3 8 

27 11233453497221586657 4 4
0 4 3 1 
0 4 1 3 
4 0 3 1 
4 0 1 3 

30 18311064358276448373 1 4
4 2 3 1 

287 6759962614070578019 1 6
4 0 2 3 8 1 

216 18428332002468905085 1 4
4 7 3 6 

89 10809502115203645330 2 4
0 4 6 3 
4 0 6 3 

346 3878353110944343332 2 5
4 6 8 3 1 
4 8 6 3 1 

145 17656326354493340191 1 3
4 0 7 

402 5798445035733132083 1 4
4 7 1 8 

408 4157404743380198280 1 4
4 7 3 8 

151 6060319855428486720 1 5
4 1 7 2 0 

281 5079082079986621784 4 4
0 4 3 8 
0 4 8 3 
4 0 3 8 
4 0 8 3 

154 7563883697891266351 1 4
4 7 3 1 

340 6298028786061420797 2 4
4 2 6 8 
4 2 8 6 

83 6882460012268724076 2 4
0 4 6 1 
4 0 6 1 

86 4849430361981918121 2 4
4 2 1 6 
4 2 6 1 

282 3630512092471117031 1 4
4 3 8 1 

25 5929441778008549557 2 3
0 4 3 
4 0 3 

28 7777280951167004470 2 3
4 3 2 
4 2 3 

285 8995982182597641504 1 5
4 0 2 3 8 

17 13811601009566447630 2 2
0 4 
4 0 

56 14464322681345727777 2 3
4 3 5 
4 5 3 

313 480302051375577293 1 5
4 0 5 8 3 

265 11061276152206202204 2 3
0 3 8 
0 8 3 

11 8634870613964526517 2 3
0 1 3 
0 3 1 

153 8363790758073195775 1 4
4 3 7 0 

410 6277772690906393175 1 5
4 7 3 1 8 

26 8634870613964526517 2 3
4 3 1 
4 1 3 

283 13707774644469410804 2 5
0 4 3 8 1 
4 0 3 8 1 

280 11061276152206202204 2 3
4 3 8 
4 8 3 

23 1350421611143869986 1 4
4 1 0 2 

177 1337254812143825937 2 4
4 5 7 0 
4 7 5 0 

434 1308251578141625553 1 5
4 7 5 1 8 

50 7777280951167004470 2 3
4 1 5 
4 5 1 

307 1226697521588313456 1 5
4 0 5 8 1 

275 13252871205337770529 4 4
0 4 1 8 
0 4 8 1 
4 0 1 8 
4 0 8 1 

148 5697750978532764374 2 3
4 2 7 
4 7 2 

405 4505653474428844338 1 5
4 8 7 2 0 

393 3953686276040048967 2 4
0 7 3 8 
0 7 8 3 

139 835276218342091669 2 4
0 7 3 1 
0 7 1 3 

396 4257650133633766769 4 4
2 7 3 8 
2 7 8 3 
7 2 3 8 
7 2 8 3 

73 11061276152206202204 2 3
0 3 6 
0 6 3 

149 4817687843505506170 2 4
4 2 7 0 
4 7 2 0 

406 11516531708579799059 1 5
4 7 2 1 8 

276 14464322681345727777 2 3
4 2 8 
4 8 2 

19 5929441778008549557 2 3
0 4 1 
4 0 1 

22 14464322681345727777 2 3
4 2 1 
4 1 2 

279 9196762756382579012 2 5
4 0 2 1 8 
4 0 2 8 1 

208 14464322681345727777 2 3
4 6 7 
4 7 6 

465 17203770465117841122 1 5
4 8 6 7 0 

81 5799786051394247565 2 3
0 4 6 
4 0 6 

338 6934963488335717096 2 4
4 6 8 1 
4 8 6 1 

112 8533824145127251727 2 3
4 5 6 
4 6 5 

369 14187999567767838283 1 5
4 6 8 0 5 

180 822643310015681936 1 4
4 7 5 2 

53 8369928167215517133 2 4
4 0 2 5 
4 0 5 2 

310 14297697324498089149 1 5
4 5 2 8 1 

152 7977311541644482511 2 3
4 3 7 
4 7 3 

409 6132693926920636205 1 5
4 7 0 3 8 

84 14464322681345727777 2 3
4 2 6 
4 6 2 

341 10758738664298432634 1 5
4 6 8 0 2 

306 12429872557421794535 1 4
4 5 8 1 

49 17656326354493340191 1 3
4 0 5 

52 8634870613964526517 2 3
4 2 5 
4 5 2 

309 4380272803023763348 1 5
4 8 0 5 2 

176 14763710330307144267 2 3
4 5 7 
4 7 5 

433 9183038420328381223 1 5
4 8 7 5 0 

108 11784542988955640524 4 4
3 6 5 2 
3 6 2 5 
6 3 5 2 
6 3 2 5 

209 7752654222033869647 1 4
4 6 0 7 

466 12449304336708379570 1 5
4 7 1 8 6 

273 5929441778008549557 2 3
0 4 8 
4 0 8 

146 9790497849770534921 2 3
4 1 7 
4 7 1 

403 12957263080698272621 1 5
4 7 0 1 8 

400 3047226301015124850 2 3
4 7 8 
4 8 7 

143 14497693136420194452 4 5
1 3 2 7 0 
1 3 7 2 0 
3 1 2 7 0 
3 1 7 2 0 

300 11784542988955640524 4 4
3 8 5 2 
3 8 2 5 
8 3 5 2 
8 3 2 5 

43 835276218342091669 2 4
0 5 3 1 
0 5 1 3 

46 14380934779866056467 8 4
1 3 2 5 
1 3 5 2 
2 5 3 1 
2 5 1 3 
3 1 2 5 
3 1 5 2 
5 2 3 1 
5 2 1 3 

303 12101349068144648458 2 6
0 2 5 3 8 1 
0 5 2 3 8 1 

232 5727391816622074593 4 4
5 7 6 3 
5 7 3 6 
7 5 6 3 
7 5 3 6 

105 3953686276040048967 2 4
0 5 3 6 
0 5 6 3 

269 3953686276040048967 2 4
0 2 3 8 
0 2 8 3 

142 11817618753924715730 4 4
2 7 3 1 
2 7 1 3 
7 2 3 1 
7 2 1 3 

15 835276218342091669 2 4
0 2 1 3 
0 2 3 1 

277 1350421611143869986 1 4
4 8 0 2 

150 6041515667341660060 1 4
4 1 7 2 

424 5727391816622074593 4 4
5 7 3 8 
5 7 8 3 
7 5 3 8 
7 5 8 3 

297 3953686276040048967 2 4
0 5 3 8 
0 5 8 3 

170 8518306885882634279 4 4
5 7 1 3 
5 7 3 1 
7 5 3 1 
7 5 1 3 

432 4901044740930441352 1 4
4 8 7 5 

175 18411749843415470644 2 6
1 3 7 5 2 0 
3 1 7 5 2 0 

305 6984550572758425318 1 4
4 8 0 5 

178 4183753754397426794 1 4
4 1 7 5 

51 1602608418064193060 1 4
4 1 0 5 

308 17375172383236983018 1 4
4 8 5 2 

54 18311064358276448373 1 4
4 1 5 2 

311 10196906580660736870 1 6
4 8 1 0 5 2 

240 5957220961581114427 1 4
4 6 5 7 

113 3510579393005259453 1 4
4 6 0 5 

370 7377595863736595446 2 5
4 5 6 8 1 
4 5 8 6 1 

184 6418106841632012880 1 4
4 3 7 5 

57 1350421611143869986 1 4
4 3 0 5 

314 11641854303559109440 1 5
4 5 8 1 3 

116 17375172383236983018 1 4
4 6 5 2 

60 18311064358276448373 1 4
4 3 2 5 

329 6596899358322770402 2 4
0 6 8 3 
0 8 6 3 

75 3630512092471117031 1 4
0 3 6 1 

204 4257650133633766769 4 4
2 7 6 3 
2 7 3 6 
7 2 6 3 
7 2 3 6 

77 3953686276040048967 2 4
0 2 3 6 
0 2 6 3 

464 14639998256009746887 1 4
4 7 8 6 

207 3249868057099728657 2 6
2 7 0 3 6 1 
7 2 0 3 6 1 

337 6250898110554666473 2 4
0 4 6 8 
4 0 6 8 

210 916175729083138007 1 4
4 7 1 6 

92 10311077241947854996 1 4
4 2 3 6 

368 6018002103966405847 2 4
4 5 6 8 
4 5 8 6 

111 12101349068144648458 2 6
0 2 5 3 6 1 
0 5 2 3 6 1 

114 12429872557421794535 1 4
4 5 6 1 

120 3050327367987057067 1 4
4 5 6 3 

109 14536507646666708155 4 5
3 6 0 5 2 
3 6 0 2 5 
6 3 0 5 2 
6 3 0 2 5 

110 9790552062928102198 2 5
2 5 3 6 1 
5 2 3 6 1 

115 3296666667490934502 1 5
4 0 5 6 1 

372 16494253854718270070 2 5
4 6 8 5 2 
4 8 6 5 2 

117 9925370659360382373 1 5
4 6 0 5 2 

118 14297697324498089149 1 5
4 5 2 6 1 

121 7419038923609893397 1 5
4 0 5 6 3 

122 11641854303559109440 1 5
4 5 6 1 3 

124 9073964938554999908 1 5
4 6 3 5 2 

155 17361467516103223360 1 5
4 7 0 3 1 

412 2528623595085148911 1 5
4 7 2 3 8 

157 11445082980768566048 1 5
4 3 7 2 0 

158 15795186639287284035 1 5
4 7 2 3 1 

171 15178414522366409853 4 5
1 3 5 7 0 
1 3 7 5 0 
3 1 5 7 0 
3 1 7 5 0 

428 7692348761547474963 2 5
3 8 7 5 2 
8 3 7 5 2 

174 4197674047833339211 2 5
1 3 7 5 2 
3 1 7 5 2 

179 2260561874457055902 1 5
4 1 7 5 0 

436 6425611491435901231 1 5
4 8 7 5 2 

181 340462802635996831 1 5
4 7 5 2 0 

182 2831696975759634956 1 5
4 1 7 5 2 

185 3646458111395675570 1 5
4 3 7 5 0 

186 17310404104328967614 1 5
4 7 5 3 1 

188 10654999688332078279 1 5
4 3 7 5 2 

203 16152252495495722173 1 5
0 7 3 6 1 

460 17155845982111654434 4 5
2 7 6 8 3 
2 7 8 6 3 
7 2 6 8 3 
7 2 8 6 3 

205 11965642789202737687 4 5
3 6 2 7 0 
3 6 7 2 0 
6 3 2 7 0 
6 3 7 2 0 

206 14616632083562597693 2 5
2 7 3 6 1 
7 2 3 6 1 

211 13221351386470288535 1 5
4 1 6 7 0 

468 17890715876618279519 2 5
4 7 2 8 6 
4 8 6 7 2 

213 6451775197302402889 2 5
4 6 2 7 0 
4 6 7 2 0 

214 17275550479969605339 1 5
4 7 2 1 6 

217 9740247397315935921 1 5
4 3 6 7 0 

218 2053909852281836959 1 5
4 7 3 1 6 

220 7104247808558583553 1 5
4 7 2 3 6 

233 570228328407472793 4 5
3 6 5 7 0 
3 6 7 5 0 
6 3 5 7 0 
6 3 7 5 0 

234 5456443916536502693 2 5
5 7 3 6 1 
7 5 3 6 1 

236 7692348761547474963 2 5
3 6 7 5 2 
6 3 7 5 2 

241 16525051690363983975 1 5
4 6 5 7 0 

242 33839481274773656 1 5
4 7 5 1 6 

244 3789272378493105986 1 5
4 6 7 5 2 

248 13093591811495622377 1 5
4 7 5 3 6 

271 16152252495495722173 1 5
0 2 3 8 1 

299 16152252495495722173 1 5
0 5 3 8 1 

301 14536507646666708155 4 5
3 8 0 5 2 
3 8 0 2 5 
8 3 0 5 2 
8 3 0 2 5 

302 9790552062928102198 2 5
2 5 3 8 1 
5 2 3 8 1 

327 2967678695872976096 2 5
0 2 6 8 1 
0 2 8 6 1 

331 3878353110944343332 2 5
0 6 8 3 1 
0 8 6 3 1 

333 5495230946478181386 2 5
0 2 6 8 3 
0 2 8 6 3 

339 1219639658863358862 2 5
0 4 6 8 1 
4 0 6 8 1 

355 2967678695872976096 2 5
0 5 6 8 1 
0 5 8 6 1 

357 14795155023043024095 4 5
6 8 0 5 2 
6 8 0 2 5 
8 6 0 2 5 
8 6 0 5 2 

358 9353911023410884434 4 5
2 5 6 8 1 
2 5 8 6 1 
5 2 6 8 1 
5 2 8 6 1 

361 5495230946478181386 2 5
0 5 6 8 3 
0 5 8 6 3 

376 13815215953765805337 2 5
4 5 6 8 3 
4 5 8 6 3 

119 1660843918042441575 1 6
4 6 1 0 5 2 

395 16152252495495722173 1 5
0 7 3 8 1 

397 11965642789202737687 4 5
3 8 7 2 0 
3 8 2 7 0 
8 3 2 7 0 
8 3 7 2 0 

398 14616632083562597693 2 5
2 7 3 8 1 
7 2 3 8 1 

425 570228328407472793 4 5
3 8 5 7 0 
3 8 7 5 0 
8 3 5 7 0 
8 3 7 5 0 

426 5456443916536502693 2 5
5 7 3 8 1 
7 5 3 8 1 

440 6017638800447673405 1 5
4 7 5 3 8 

183 5579401098442982903 1 6
4 1 7 5 2 0 

451 2967678695872976096 2 5
0 7 6 8 1 
0 7 8 6 1 

453 6452873930458632724 4 5
6 8 7 2 0 
6 8 2 7 0 
8 6 2 7 0 
8 6 7 2 0 

454 15486635454966755162 4 5
2 7 6 8 1 
2 7 8 6 1 
7 2 6 8 1 
7 2 8 6 1 

457 5495230946478181386 2 5
0 7 6 8 3 
0 7 8 6 3 

472 11363765909767569324 1 5
4 7 3 8 6 

215 2520867542208068523 1 6
4 1 6 7 2 0 

481 11037186840493472387 4 5
6 8 7 5 0 
6 8 5 7 0 
8 6 5 7 0 
8 6 7 5 0 

482 471866663900493169 4 5
5 7 6 8 1 
5 7 8 6 1 
7 5 6 8 1 
7 5 8 6 1 

484 3021136800975965599 2 5
6 8 7 5 2 
8 6 7 5 2 

488 16501348674692068977 4 5
5 7 6 8 3 
5 7 8 6 3 
7 5 6 8 3 
7 5 8 6 3 

496 8781897887308974232 1 5
4 7 5 8 6 

63 11396612803948085137 2 6
4 1 3 0 2 5 
4 3 1 0 5 2 

95 12141346489244566659 1 6
4 0 2 6 3 1 

123 3941818901158345798 1 6
4 0 5 6 1 3 

125 6784765112760347551 1 6
4 6 3 0 5 2 

126 12606460746925693641 1 6
4 5 2 6 3 1 

159 9425118311306839448 1 6
4 3 1 7 2 0 

187 11734563212554141619 1 6
4 3 1 7 5 0 

189 1717779363189625352 1 6
4 3 7 5 2 0 

190 9306719472290875071 1 6
4 3 1 7 5 2 

219 17369272705808521430 1 6
4 7 0 3 1 6 

221 13532682030470201878 1 6
4 3 6 7 2 0 

222 7748332939017031251 1 6
4 7 2 3 1 6 

235 5204745251227672207 2 6
5 7 0 3 6 1 
7 5 0 3 6 1 

237 16501619206485116996 2 6
3 6 7 5 2 0 
6 3 7 5 2 0 

238 5296095162799833053 1 6
7 5 2 3 6 1 

243 15797253171867780671 1 6
4 1 6 7 5 0 

245 16261314960568410463 1 6
4 6 7 5 2 0 

246 7517532388653329175 1 6
4 1 6 7 5 2 

249 7341587999447962136 1 6
4 3 6 7 5 0 

250 8477460306533450058 1 6
4 7 5 3 1 6 

252 8334478736061024399 1 6
4 3 6 7 5 2 

