D22[-1, 1, 1, 0, 1, 1, 0, 0, 0]
D22[0, 0, 1, 0, 1, 1, 0, 0, 0]
D22[0, 0, 1, 1, 1, 0, 0, 0, 0]
D22[0, 1, 0, 0, 1, 1, 0, 0, 0]
D22[0, 1, 0, 1, 1, 0, 0, 0, 0]
D22[0, 1, 1, -1, 1, 1, 0, 0, 0]
D22[0, 1, 1, 0, 0, 1, 0, 0, 0]
D22[0, 1, 1, 0, 1, 0, 0, 0, 0]
D22[0, 1, 1, 0, 1, 1, -1, 0, 0]
D22[0, 1, 1, 0, 1, 1, 0, -1, 0]
D22[0, 1, 1, 0, 1, 1, 0, 0, -1]
D22[0, 1, 1, 0, 1, 1, 0, 0, 0]
D22[0, 1, 1, 1, 0, 0, 0, 0, 0]
D22[0, 1, 1, 1, 1, -1, 0, 0, 0]
D22[0, 1, 1, 1, 1, 0, 0, 0, -1]
D22[0, 1, 1, 1, 1, 0, 0, 0, 0]
D22[1, 0, 0, 0, 1, 1, 0, 0, 0]
D22[1, 0, 0, 1, 1, 0, 0, 0, 0]
D22[1, 0, 1, -1, 1, 1, 0, 0, 0]
D22[1, 0, 1, 0, 0, 1, 0, 0, 0]
D22[1, 0, 1, 0, 1, 0, 0, 0, 0]
D22[1, 0, 1, 0, 1, 1, -1, 0, 0]
D22[1, 0, 1, 0, 1, 1, 0, -1, 0]
D22[1, 0, 1, 0, 1, 1, 0, 0, 0]
D22[1, 0, 1, 1, 0, 0, 0, 0, 0]
D22[1, 0, 1, 1, 1, 0, -1, 0, 0]
D22[1, 0, 1, 1, 1, 0, 0, -1, 0]
D22[1, 0, 1, 1, 1, 0, 0, 0, 0]
D22[1, 1, -1, 0, 1, 1, 0, 0, 0]
D22[1, 1, -1, 1, 1, 0, 0, 0, 0]
D22[1, 1, 0, -1, 1, 1, 0, 0, 0]
D22[1, 1, 0, 0, 0, 1, 0, 0, 0]
D22[1, 1, 0, 0, 1, 0, 0, 0, 0]
D22[1, 1, 0, 0, 1, 1, -1, 0, 0]
D22[1, 1, 0, 0, 1, 1, 0, -1, 0]
D22[1, 1, 0, 0, 1, 1, 0, 0, -1]
D22[1, 1, 0, 0, 1, 1, 0, 0, 0]
D22[1, 1, 0, 1, 0, 0, 0, 0, 0]
D22[1, 1, 0, 1, 1, -1, 0, 0, 0]
D22[1, 1, 0, 1, 1, 0, -1, 0, 0]
D22[1, 1, 0, 1, 1, 0, 0, -1, 0]
D22[1, 1, 0, 1, 1, 0, 0, 0, -1]
D22[1, 1, 0, 1, 1, 0, 0, 0, 0]
D22[1, 1, 1, -2, 1, 1, 0, 0, 0]
D22[1, 1, 1, -1, 0, 1, 0, 0, 0]
D22[1, 1, 1, -1, 1, 0, 0, 0, 0]
D22[1, 1, 1, -1, 1, 1, -1, 0, 0]
D22[1, 1, 1, -1, 1, 1, 0, -1, 0]
D22[1, 1, 1, -1, 1, 1, 0, 0, -1]
D22[1, 1, 1, -1, 1, 1, 0, 0, 0]
D22[1, 1, 1, 0, 0, 0, 0, 0, 0]
D22[1, 1, 1, 0, 0, 1, -1, 0, 0]
D22[1, 1, 1, 0, 0, 1, 0, -1, 0]
D22[1, 1, 1, 0, 0, 1, 0, 0, -1]
D22[1, 1, 1, 0, 0, 1, 0, 0, 0]
D22[1, 1, 1, 0, 1, -1, 0, 0, 0]
D22[1, 1, 1, 0, 1, 0, -1, 0, 0]
D22[1, 1, 1, 0, 1, 0, 0, -1, 0]
D22[1, 1, 1, 0, 1, 0, 0, 0, -1]
D22[1, 1, 1, 0, 1, 0, 0, 0, 0]
D22[1, 1, 1, 0, 1, 1, -2, 0, 0]
D22[1, 1, 1, 0, 1, 1, -1, -1, 0]
D22[1, 1, 1, 0, 1, 1, -1, 0, -1]
D22[1, 1, 1, 0, 1, 1, -1, 0, 0]
D22[1, 1, 1, 0, 1, 1, 0, -1, 0]
D22[1, 1, 1, 0, 1, 1, 0, 0, -1]
D22[1, 1, 1, 0, 1, 1, 0, 0, 0]
D22[1, 1, 1, 1, 0, -1, 0, 0, 0]
D22[1, 1, 1, 1, 0, 0, -1, 0, 0]
D22[1, 1, 1, 1, 0, 0, 0, -1, 0]
D22[1, 1, 1, 1, 0, 0, 0, 0, -1]
D22[1, 1, 1, 1, 0, 0, 0, 0, 0]
D22[1, 1, 1, 1, 1, -1, 0, 0, 0]
D22[1, 1, 1, 1, 1, 0, -1, 0, 0]
D22[1, 1, 1, 1, 1, 0, 0, -1, 0]
D22[1, 1, 1, 1, 1, 0, 0, 0, -1]
D22[1, 1, 1, 1, 1, 0, 0, 0, 0]
D22[-1, 2, 0, 0, 1, 1, 0, 0, 0]
D22[0, 1, 0, 0, 1, 1, 0, 0, 0]
D22[0, 1, 0, 1, 1, 0, 0, 0, 0]
D22[0, 2, -1, 0, 1, 1, 0, 0, 0]
D22[0, 2, -1, 1, 1, 0, 0, 0, 0]
D22[0, 2, 0, -1, 1, 1, 0, 0, 0]
D22[0, 2, 0, 0, 0, 1, 0, 0, 0]
D22[0, 2, 0, 0, 1, 0, 0, 0, 0]
D22[0, 2, 0, 0, 1, 1, -1, 0, 0]
D22[0, 2, 0, 0, 1, 1, 0, -1, 0]
D22[0, 2, 0, 0, 1, 1, 0, 0, -1]
D22[0, 2, 0, 0, 1, 1, 0, 0, 0]
D22[0, 2, 0, 1, 0, 0, 0, 0, 0]
D22[0, 2, 0, 1, 1, -1, 0, 0, 0]
D22[0, 2, 0, 1, 1, 0, 0, 0, -1]
D22[0, 2, 0, 1, 1, 0, 0, 0, 0]
D22[1, 0, 0, 0, 1, 1, 0, 0, 0]
D22[1, 0, 0, 1, 1, 0, 0, 0, 0]
D22[1, 1, -1, 0, 1, 1, 0, 0, 0]
D22[1, 1, -1, 1, 1, 0, 0, 0, 0]
D22[1, 1, 0, -1, 1, 1, 0, 0, 0]
D22[1, 1, 0, 0, 0, 1, 0, 0, 0]
D22[1, 1, 0, 0, 1, 0, 0, 0, 0]
D22[1, 1, 0, 0, 1, 1, -1, 0, 0]
D22[1, 1, 0, 0, 1, 1, 0, -1, 0]
D22[1, 1, 0, 0, 1, 1, 0, 0, -1]
D22[1, 1, 0, 0, 1, 1, 0, 0, 0]
D22[1, 1, 0, 1, 0, 0, 0, 0, 0]
D22[1, 1, 0, 1, 1, -1, 0, 0, 0]
D22[1, 1, 0, 1, 1, 0, -1, 0, 0]
D22[1, 1, 0, 1, 1, 0, 0, -1, 0]
D22[1, 1, 0, 1, 1, 0, 0, 0, -1]
D22[1, 1, 0, 1, 1, 0, 0, 0, 0]
D22[1, 2, -2, 0, 1, 1, 0, 0, 0]
D22[1, 2, -2, 1, 1, 0, 0, 0, 0]
D22[1, 2, -1, -1, 1, 1, 0, 0, 0]
D22[1, 2, -1, 0, 0, 1, 0, 0, 0]
D22[1, 2, -1, 0, 1, 0, 0, 0, 0]
D22[1, 2, -1, 0, 1, 1, -1, 0, 0]
D22[1, 2, -1, 0, 1, 1, 0, -1, 0]
D22[1, 2, -1, 0, 1, 1, 0, 0, -1]
D22[1, 2, -1, 0, 1, 1, 0, 0, 0]
D22[1, 2, -1, 1, 0, 0, 0, 0, 0]
D22[1, 2, -1, 1, 1, -1, 0, 0, 0]
D22[1, 2, -1, 1, 1, 0, -1, 0, 0]
D22[1, 2, -1, 1, 1, 0, 0, -1, 0]
D22[1, 2, -1, 1, 1, 0, 0, 0, -1]
D22[1, 2, -1, 1, 1, 0, 0, 0, 0]
D22[1, 2, 0, -1, 0, 1, 0, 0, 0]
D22[1, 2, 0, -1, 1, 1, -1, 0, 0]
D22[1, 2, 0, -1, 1, 1, 0, 0, 0]
D22[1, 2, 0, 0, 0, 0, 0, 0, 0]
D22[1, 2, 0, 0, 0, 1, -1, 0, 0]
D22[1, 2, 0, 0, 0, 1, 0, -1, 0]
D22[1, 2, 0, 0, 0, 1, 0, 0, -1]
D22[1, 2, 0, 0, 0, 1, 0, 0, 0]
D22[1, 2, 0, 0, 1, 0, -1, 0, 0]
D22[1, 2, 0, 0, 1, 0, 0, 0, 0]
D22[1, 2, 0, 0, 1, 1, -2, 0, 0]
D22[1, 2, 0, 0, 1, 1, -1, -1, 0]
D22[1, 2, 0, 0, 1, 1, -1, 0, -1]
D22[1, 2, 0, 0, 1, 1, -1, 0, 0]
D22[1, 2, 0, 0, 1, 1, 0, -1, 0]
D22[1, 2, 0, 0, 1, 1, 0, 0, -1]
D22[1, 2, 0, 0, 1, 1, 0, 0, 0]
D22[1, 2, 0, 1, 0, -1, 0, 0, 0]
D22[1, 2, 0, 1, 0, 0, -1, 0, 0]
D22[1, 2, 0, 1, 0, 0, 0, -1, 0]
D22[1, 2, 0, 1, 0, 0, 0, 0, -1]
D22[1, 2, 0, 1, 0, 0, 0, 0, 0]
D22[1, 2, 0, 1, 1, -1, 0, 0, 0]
D22[1, 2, 0, 1, 1, 0, -1, 0, 0]
D22[1, 2, 0, 1, 1, 0, 0, -1, 0]
D22[1, 2, 0, 1, 1, 0, 0, 0, -1]
D22[1, 2, 0, 1, 1, 0, 0, 0, 0]
D22[-1, 1, 0, 0, 1, 1, 0, 0, 0]
D22[0, -1, 0, 0, 1, 1, 0, 0, 0]
D22[0, -1, 0, 1, 1, 0, 0, 0, 0]
D22[0, 0, 0, -1, 1, 1, 0, 0, 0]
D22[0, 0, 0, 0, 1, 0, 0, 0, 0]
D22[0, 0, 0, 0, 1, 1, 0, 0, -1]
D22[0, 0, 0, 0, 1, 1, 0, 0, 0]
D22[0, 0, 0, 1, 1, -1, 0, 0, 0]
D22[0, 0, 0, 1, 1, 0, 0, 0, -1]
D22[0, 0, 0, 1, 1, 0, 0, 0, 0]
D22[0, 1, -1, 0, 1, 1, 0, 0, 0]
D22[0, 1, -1, 1, 1, 0, 0, 0, 0]
D22[0, 1, 0, -1, 1, 0, 0, 0, 0]
D22[0, 1, 0, -1, 1, 1, 0, 0, 0]
D22[0, 1, 0, 0, 0, 1, 0, 0, 0]
D22[0, 1, 0, 0, 1, -1, 0, 0, 0]
D22[0, 1, 0, 0, 1, 0, 0, 0, -1]
D22[0, 1, 0, 0, 1, 0, 0, 0, 0]
D22[0, 1, 0, 0, 1, 1, -1, 0, 0]
D22[0, 1, 0, 0, 1, 1, 0, -1, 0]
D22[0, 1, 0, 0, 1, 1, 0, 0, -1]
D22[0, 1, 0, 1, 0, 0, 0, 0, 0]
D22[0, 1, 0, 1, 1, -2, 0, 0, 0]
D22[0, 1, 0, 1, 1, -1, 0, 0, -1]
D22[0, 1, 0, 1, 1, -1, 0, 0, 0]
D22[0, 1, 0, 1, 1, 0, 0, 0, -1]
D22[1, -1, -1, 0, 1, 1, 0, 0, 0]
D22[1, -1, -1, 1, 1, 0, 0, 0, 0]
D22[1, -1, 0, 0, 1, 1, -1, 0, 0]
D22[1, -1, 0, 0, 1, 1, 0, -1, 0]
D22[1, -1, 0, 0, 1, 1, 0, 0, 0]
D22[1, -1, 0, 1, 1, 0, -1, 0, 0]
D22[1, -1, 0, 1, 1, 0, 0, -1, 0]
D22[1, -1, 0, 1, 1, 0, 0, 0, 0]
D22[1, 0, -1, -1, 1, 1, 0, 0, 0]
D22[1, 0, -1, 0, 1, 0, 0, 0, 0]
D22[1, 0, -1, 0, 1, 1, 0, 0, -1]
D22[1, 0, -1, 0, 1, 1, 0, 0, 0]
D22[1, 0, -1, 1, 1, -1, 0, 0, 0]
D22[1, 0, -1, 1, 1, 0, 0, 0, -1]
D22[1, 0, -1, 1, 1, 0, 0, 0, 0]
D22[1, 0, 0, -1, 1, 1, -1, 0, 0]
D22[1, 0, 0, -1, 1, 1, 0, -1, 0]
D22[1, 0, 0, -1, 1, 1, 0, 0, 0]
D22[1, 0, 0, 0, 0, 1, 0, 0, 0]
D22[1, 0, 0, 0, 1, 0, 0, 0, 0]
D22[1, 0, 0, 0, 1, 1, -1, 0, 0]
D22[1, 0, 0, 0, 1, 1, 0, -1, 0]
D22[1, 0, 0, 0, 1, 1, 0, 0, -1]
D22[1, 0, 0, 1, 0, 0, 0, 0, 0]
D22[1, 0, 0, 1, 1, -1, -1, 0, 0]
D22[1, 0, 0, 1, 1, -1, 0, -1, 0]
D22[1, 0, 0, 1, 1, -1, 0, 0, 0]
D22[1, 0, 0, 1, 1, 0, -1, 0, 0]
D22[1, 0, 0, 1, 1, 0, 0, -1, 0]
D22[1, 0, 0, 1, 1, 0, 0, 0, -1]
D22[1, 1, -2, 0, 1, 1, 0, 0, 0]
D22[1, 1, -2, 1, 1, 0, 0, 0, 0]
D22[1, 1, -1, -1, 1, 0, 0, 0, 0]
D22[1, 1, -1, -1, 1, 1, 0, 0, 0]
D22[1, 1, -1, 0, 0, 1, 0, 0, 0]
D22[1, 1, -1, 0, 1, -1, 0, 0, 0]
D22[1, 1, -1, 0, 1, 0, 0, 0, -1]
D22[1, 1, -1, 0, 1, 0, 0, 0, 0]
D22[1, 1, -1, 0, 1, 1, -1, 0, 0]
D22[1, 1, -1, 0, 1, 1, 0, -1, 0]
D22[1, 1, -1, 0, 1, 1, 0, 0, -1]
D22[1, 1, -1, 1, 0, 0, 0, 0, 0]
D22[1, 1, -1, 1, 1, -2, 0, 0, 0]
D22[1, 1, -1, 1, 1, -1, 0, 0, -1]
D22[1, 1, -1, 1, 1, -1, 0, 0, 0]
D22[1, 1, -1, 1, 1, 0, -1, 0, 0]
D22[1, 1, -1, 1, 1, 0, 0, -1, 0]
D22[1, 1, -1, 1, 1, 0, 0, 0, -1]
D22[1, 1, 0, -1, 0, 1, 0, 0, 0]
D22[1, 1, 0, -1, 1, 0, -1, 0, 0]
D22[1, 1, 0, -1, 1, 0, 0, -1, 0]
D22[1, 1, 0, -1, 1, 0, 0, 0, 0]
D22[1, 1, 0, -1, 1, 1, -1, 0, 0]
D22[1, 1, 0, 0, 0, 0, 0, 0, 0]
D22[1, 1, 0, 0, 0, 1, -1, 0, 0]
D22[1, 1, 0, 0, 0, 1, 0, -1, 0]
D22[1, 1, 0, 0, 0, 1, 0, 0, -1]
D22[1, 1, 0, 0, 1, -1, -1, 0, 0]
D22[1, 1, 0, 0, 1, -1, 0, -1, 0]
D22[1, 1, 0, 0, 1, -1, 0, 0, 0]
D22[1, 1, 0, 0, 1, 0, -1, 0, 0]
D22[1, 1, 0, 0, 1, 0, 0, 0, -1]
D22[1, 1, 0, 0, 1, 1, -2, 0, 0]
D22[1, 1, 0, 0, 1, 1, -1, -1, 0]
D22[1, 1, 0, 0, 1, 1, -1, 0, -1]
D22[1, 1, 0, 1, 0, -1, 0, 0, 0]
D22[1, 1, 0, 1, 0, 0, -1, 0, 0]
D22[1, 1, 0, 1, 0, 0, 0, -1, 0]
D22[1, 1, 0, 1, 0, 0, 0, 0, -1]
D22[1, 1, 0, 1, 1, -2, 0, 0, 0]
D22[1, 1, 0, 1, 1, -1, 0, 0, -1]
D22[-1, 2, 0, 0, 1, 1, 0, 0, 0]
D22[0, 2, -1, 0, 1, 1, 0, 0, 0]
D22[0, 2, -1, 1, 1, 0, 0, 0, 0]
D22[0, 2, 0, -1, 1, 1, 0, 0, 0]
D22[0, 2, 0, 0, 0, 1, 0, 0, 0]
D22[0, 2, 0, 0, 1, 0, 0, 0, 0]
D22[0, 2, 0, 0, 1, 1, -1, 0, 0]
D22[0, 2, 0, 0, 1, 1, 0, -1, 0]
D22[0, 2, 0, 0, 1, 1, 0, 0, -1]
D22[0, 2, 0, 0, 1, 1, 0, 0, 0]
D22[0, 2, 0, 1, 0, 0, 0, 0, 0]
D22[0, 2, 0, 1, 1, -1, 0, 0, 0]
D22[0, 2, 0, 1, 1, 0, 0, 0, -1]
D22[0, 2, 0, 1, 1, 0, 0, 0, 0]
D22[1, 2, -2, 0, 1, 1, 0, 0, 0]
D22[1, 2, -2, 1, 1, 0, 0, 0, 0]
D22[1, 2, -1, -1, 1, 1, 0, 0, 0]
D22[1, 2, -1, 0, 0, 1, 0, 0, 0]
D22[1, 2, -1, 0, 1, 0, 0, 0, 0]
D22[1, 2, -1, 0, 1, 1, -1, 0, 0]
D22[1, 2, -1, 0, 1, 1, 0, -1, 0]
D22[1, 2, -1, 0, 1, 1, 0, 0, -1]
D22[1, 2, -1, 0, 1, 1, 0, 0, 0]
D22[1, 2, -1, 1, 0, 0, 0, 0, 0]
D22[1, 2, -1, 1, 1, -1, 0, 0, 0]
D22[1, 2, -1, 1, 1, 0, -1, 0, 0]
D22[1, 2, -1, 1, 1, 0, 0, -1, 0]
D22[1, 2, -1, 1, 1, 0, 0, 0, -1]
D22[1, 2, -1, 1, 1, 0, 0, 0, 0]
D22[1, 2, 0, -1, 1, 1, -1, 0, 0]
D22[1, 2, 0, -1, 1, 1, 0, 0, 0]
D22[1, 2, 0, 0, 0, 1, -1, 0, 0]
D22[1, 2, 0, 0, 0, 1, 0, -1, 0]
D22[1, 2, 0, 0, 0, 1, 0, 0, 0]
D22[1, 2, 0, 0, 1, 0, -1, 0, 0]
D22[1, 2, 0, 0, 1, 0, 0, 0, 0]
D22[1, 2, 0, 0, 1, 1, -2, 0, 0]
D22[1, 2, 0, 0, 1, 1, -1, -1, 0]
D22[1, 2, 0, 0, 1, 1, -1, 0, -1]
D22[1, 2, 0, 0, 1, 1, -1, 0, 0]
D22[1, 2, 0, 0, 1, 1, 0, -1, 0]
D22[1, 2, 0, 0, 1, 1, 0, 0, -1]
D22[1, 2, 0, 0, 1, 1, 0, 0, 0]
D22[1, 2, 0, 1, 0, 0, -1, 0, 0]
D22[1, 2, 0, 1, 0, 0, 0, -1, 0]
D22[1, 2, 0, 1, 0, 0, 0, 0, 0]
D22[1, 2, 0, 1, 1, -1, 0, 0, 0]
D22[1, 2, 0, 1, 1, 0, -1, 0, 0]
D22[1, 2, 0, 1, 1, 0, 0, -1, 0]
D22[1, 2, 0, 1, 1, 0, 0, 0, -1]
D22[1, 2, 0, 1, 1, 0, 0, 0, 0]
D22[-1, 1, 0, 0, 1, 1, 0, 0, 0]
D22[0, 0, 0, 0, 1, 1, 0, 0, 0]
D22[0, 0, 0, 1, 1, 0, 0, 0, 0]
D22[0, 1, -1, 0, 1, 1, 0, 0, 0]
D22[0, 1, -1, 1, 1, 0, 0, 0, 0]
D22[0, 1, 0, -1, 1, 1, 0, 0, 0]
D22[0, 1, 0, 0, 0, 1, 0, 0, 0]
D22[0, 1, 0, 0, 1, 0, 0, 0, 0]
D22[0, 1, 0, 0, 1, 1, -1, 0, 0]
D22[0, 1, 0, 0, 1, 1, 0, -1, 0]
D22[0, 1, 0, 0, 1, 1, 0, 0, -1]
D22[0, 1, 0, 1, 0, 0, 0, 0, 0]
D22[0, 1, 0, 1, 1, -1, 0, 0, 0]
D22[0, 1, 0, 1, 1, 0, 0, 0, -1]
D22[1, 0, -1, 0, 1, 1, 0, 0, 0]
D22[1, 0, -1, 1, 1, 0, 0, 0, 0]
D22[1, 0, 0, 0, 1, 1, -1, 0, 0]
D22[1, 0, 0, 0, 1, 1, 0, -1, 0]
D22[1, 0, 0, 1, 1, 0, -1, 0, 0]
D22[1, 0, 0, 1, 1, 0, 0, -1, 0]
D22[1, 1, -2, 0, 1, 1, 0, 0, 0]
D22[1, 1, -2, 1, 1, 0, 0, 0, 0]
D22[1, 1, -1, -1, 1, 1, 0, 0, 0]
D22[1, 1, -1, 0, 0, 1, 0, 0, 0]
D22[1, 1, -1, 0, 1, 0, 0, 0, 0]
D22[1, 1, -1, 0, 1, 1, -1, 0, 0]
D22[1, 1, -1, 0, 1, 1, 0, -1, 0]
D22[1, 1, -1, 0, 1, 1, 0, 0, -1]
D22[1, 1, -1, 1, 0, 0, 0, 0, 0]
D22[1, 1, -1, 1, 1, -1, 0, 0, 0]
D22[1, 1, -1, 1, 1, 0, -1, 0, 0]
D22[1, 1, -1, 1, 1, 0, 0, -1, 0]
D22[1, 1, -1, 1, 1, 0, 0, 0, -1]
D22[1, 1, 0, -1, 1, 1, -1, 0, 0]
D22[1, 1, 0, 0, 0, 1, -1, 0, 0]
D22[1, 1, 0, 0, 0, 1, 0, -1, 0]
D22[1, 1, 0, 0, 1, 0, -1, 0, 0]
D22[1, 1, 0, 0, 1, 1, -2, 0, 0]
D22[1, 1, 0, 0, 1, 1, -1, -1, 0]
D22[1, 1, 0, 0, 1, 1, -1, 0, -1]
D22[1, 1, 0, 1, 0, 0, -1, 0, 0]
D22[1, 1, 0, 1, 0, 0, 0, -1, 0]
D22[1, 2, 0, 0, 1, 0, 0, -1, 0]
D22[1, 1, 0, 0, 1, 0, 0, -1, 0]
D22[1, 2, 0, -1, 0, 1, 0, 0, 0]
D22[1, 2, 0, 0, 0, 0, 0, 0, 0]
D22[1, 2, 0, 0, 0, 1, 0, 0, -1]
D22[1, 2, 0, 1, 0, -1, 0, 0, 0]
D22[1, 2, 0, 1, 0, 0, 0, 0, -1]
D22[1, -1, 0, 0, 1, 1, 0, 0, 0]
D22[1, -1, 0, 1, 1, 0, 0, 0, 0]
D22[1, 0, 0, -1, 1, 1, 0, 0, 0]
D22[1, 0, 0, 0, 0, 1, 0, 0, 0]
D22[1, 0, 0, 0, 1, 0, 0, 0, 0]
D22[1, 0, 0, 0, 1, 1, 0, 0, -1]
D22[1, 0, 0, 1, 0, 0, 0, 0, 0]
D22[1, 0, 0, 1, 1, -1, 0, 0, 0]
D22[1, 0, 0, 1, 1, 0, 0, 0, -1]
D22[1, 1, 0, -1, 0, 1, 0, 0, 0]
D22[1, 1, 0, 0, 0, 0, 0, 0, 0]
D22[1, 1, 0, 0, 0, 1, 0, 0, -1]
D22[1, 1, 0, 1, 0, -1, 0, 0, 0]
D22[1, 1, 0, 1, 0, 0, 0, 0, -1]