B54[-1, 1, 1, 1, 1, 1, 0]
B54[0, 0, 1, 1, 1, 1, 0]
B54[0, 1, 0, 1, 1, 1, 0]
B54[0, 1, 1, 0, 1, 1, 0]
B54[0, 1, 1, 1, 1, 0, 0]
B54[0, 1, 1, 1, 1, 1, -1]
B54[0, 1, 1, 1, 1, 1, 0]
B54[1, 0, 0, 1, 1, 1, 0]
B54[1, 0, 1, 1, 1, 1, -1]
B54[1, 0, 1, 1, 1, 1, 0]
B54[1, 1, -1, 1, 1, 1, 0]
B54[1, 1, 0, 0, 1, 1, 0]
B54[1, 1, 0, 1, 0, 1, 0]
B54[1, 1, 0, 1, 1, 0, 0]
B54[1, 1, 0, 1, 1, 1, -1]
B54[1, 1, 0, 1, 1, 1, 0]
B54[1, 1, 1, 0, 1, 1, 0]
B54[1, 1, 1, 1, 0, 1, -1]
B54[1, 1, 1, 1, 0, 1, 0]
B54[1, 1, 1, 1, 1, 0, -1]
B54[1, 1, 1, 1, 1, 0, 0]
B54[1, 1, 1, 1, 1, 1, -2]
B54[1, 1, 1, 1, 1, 1, -1]
B54[1, 1, 1, 1, 1, 1, 0]
B54[-2, 1, 1, 1, 1, 1, 0]
B54[-1, 0, 1, 1, 1, 1, 0]
B54[-1, 1, 0, 1, 1, 1, 0]
B54[-1, 1, 1, 0, 1, 1, 0]
B54[-1, 1, 1, 1, 0, 1, 0]
B54[-1, 1, 1, 1, 1, 0, 0]
B54[-1, 1, 1, 1, 1, 1, -1]
B54[-1, 1, 1, 1, 1, 1, 0]
B54[0, 0, 0, 1, 1, 1, 0]
B54[0, 0, 1, 1, 1, 0, 0]
B54[0, 0, 1, 1, 1, 1, -1]
B54[0, 0, 1, 1, 1, 1, 0]
B54[0, 1, -1, 1, 1, 1, 0]
B54[0, 1, 0, 0, 1, 1, 0]
B54[0, 1, 0, 1, 0, 1, 0]
B54[0, 1, 0, 1, 1, 0, 0]
B54[0, 1, 0, 1, 1, 1, -1]
B54[0, 1, 0, 1, 1, 1, 0]
B54[0, 1, 1, 0, 1, 0, 0]
B54[0, 1, 1, 0, 1, 1, -1]
B54[0, 1, 1, 0, 1, 1, 0]
B54[0, 1, 1, 1, 0, 1, -1]
B54[0, 1, 1, 1, 0, 1, 0]
B54[0, 1, 1, 1, 1, -1, 0]
B54[0, 1, 1, 1, 1, 0, -1]
B54[0, 1, 1, 1, 1, 0, 0]
B54[0, 1, 1, 1, 1, 1, -2]
B54[0, 1, 1, 1, 1, 1, -1]
B54[0, 1, 1, 1, 1, 1, 0]
B54[1, 0, -1, 1, 1, 1, 0]
B54[1, 0, 0, 1, 1, 0, 0]
B54[1, 0, 0, 1, 1, 1, -1]
B54[1, 0, 0, 1, 1, 1, 0]
B54[1, 0, 1, 1, 1, 0, -1]
B54[1, 0, 1, 1, 1, 0, 0]
B54[1, 0, 1, 1, 1, 1, -2]
B54[1, 0, 1, 1, 1, 1, -1]
B54[1, 0, 1, 1, 1, 1, 0]
B54[1, 1, -2, 1, 1, 1, 0]
B54[1, 1, -1, 0, 1, 1, 0]
B54[1, 1, -1, 1, 0, 1, 0]
B54[1, 1, -1, 1, 1, 0, 0]
B54[1, 1, -1, 1, 1, 1, -1]
B54[1, 1, -1, 1, 1, 1, 0]
B54[1, 1, 0, 0, 1, 0, 0]
B54[1, 1, 0, 0, 1, 1, -1]
B54[1, 1, 0, 0, 1, 1, 0]
B54[1, 1, 0, 1, 0, 1, -1]
B54[1, 1, 0, 1, 0, 1, 0]
B54[1, 1, 0, 1, 1, -1, 0]
B54[1, 1, 0, 1, 1, 0, -1]
B54[1, 1, 0, 1, 1, 0, 0]
B54[1, 1, 0, 1, 1, 1, -2]
B54[1, 1, 0, 1, 1, 1, -1]
B54[1, 1, 0, 1, 1, 1, 0]
B54[1, 1, 1, 0, 1, 0, -1]
B54[1, 1, 1, 0, 1, 0, 0]
B54[1, 1, 1, 0, 1, 1, -2]
B54[1, 1, 1, 0, 1, 1, -1]
B54[1, 1, 1, 0, 1, 1, 0]
B54[1, 1, 1, 1, 0, 0, 0]
B54[1, 1, 1, 1, 0, 1, -2]
B54[1, 1, 1, 1, 0, 1, -1]
B54[1, 1, 1, 1, 0, 1, 0]
B54[1, 1, 1, 1, 1, -1, -1]
B54[1, 1, 1, 1, 1, -1, 0]
B54[1, 1, 1, 1, 1, 0, -2]
B54[1, 1, 1, 1, 1, 0, -1]
B54[1, 1, 1, 1, 1, 0, 0]
B54[1, 1, 1, 1, 1, 1, -3]
B54[1, 1, 1, 1, 1, 1, -2]
B54[1, 1, 1, 1, 1, 1, -1]
B54[1, 1, 1, 1, 1, 1, 0]
B54[1, 1, 1, 0, 1, 1, -1]
B54[1, -1, 1, 1, 1, 1, 0]
B54[1, 0, 1, 0, 1, 1, 0]
B54[1, 1, 1, -1, 1, 1, 0]
B54[0, -1, 1, 1, 1, 1, 0]
B54[0, 0, 1, 0, 1, 1, 0]
B54[0, 0, 1, 1, 0, 1, 0]
B54[0, 1, 1, -1, 1, 1, 0]
B54[0, 1, 1, 0, 0, 1, 0]
B54[0, 1, 1, 1, 0, 0, 0]
B54[1, -1, 0, 1, 1, 1, 0]
B54[1, -1, 1, 1, 1, 1, -1]
B54[1, -1, 1, 1, 1, 1, 0]
B54[1, 0, 0, 0, 1, 1, 0]
B54[1, 0, 0, 1, 0, 1, 0]
B54[1, 0, 1, 0, 1, 1, -1]
B54[1, 0, 1, 0, 1, 1, 0]
B54[1, 0, 1, 1, 0, 1, -1]
B54[1, 0, 1, 1, 0, 1, 0]
B54[1, 1, 0, -1, 1, 1, 0]
B54[1, 1, 0, 0, 0, 1, 0]
B54[1, 1, 0, 1, 0, 0, 0]
B54[1, 1, 1, -1, 1, 1, -1]
B54[1, 1, 1, -1, 1, 1, 0]
B54[1, 1, 1, 0, 0, 1, -1]
B54[1, 1, 1, 0, 0, 1, 0]
B54[1, 1, 1, 1, -1, 1, 0]
B54[1, 1, 1, 1, 0, 0, -1]