D45[-1, 0, 1, 1, 1, 1, 0]
D45[-1, 1, 1, 1, 0, 1, 0]
D45[-1, 1, 1, 1, 1, 1, 0]
D45[0, -1, 1, 1, 1, 1, 0]
D45[0, 0, 0, 1, 1, 1, 0]
D45[0, 0, 1, 0, 1, 1, 0]
D45[0, 0, 1, 1, 0, 1, 0]
D45[0, 0, 1, 1, 1, 0, 0]
D45[0, 0, 1, 1, 1, 1, -1]
D45[0, 0, 1, 1, 1, 1, 0]
D45[0, 1, 0, 1, 0, 1, 0]
D45[0, 1, 0, 1, 1, 1, -1]
D45[0, 1, 0, 1, 1, 1, 0]
D45[0, 1, 1, 0, 1, 1, -1]
D45[0, 1, 1, 0, 1, 1, 0]
D45[0, 1, 1, 1, -1, 1, 0]
D45[0, 1, 1, 1, 0, 0, 0]
D45[0, 1, 1, 1, 0, 1, -1]
D45[0, 1, 1, 1, 0, 1, 0]
D45[0, 1, 1, 1, 1, 0, -1]
D45[0, 1, 1, 1, 1, 0, 0]
D45[0, 1, 1, 1, 1, 1, -1]
D45[0, 1, 1, 1, 1, 1, 0]
D45[1, -1, 0, 1, 1, 1, 0]
D45[1, -1, 1, 0, 1, 1, 0]
D45[1, -1, 1, 1, 1, 1, 0]
D45[1, 0, -1, 1, 1, 1, 0]
D45[1, 0, 0, 0, 1, 1, 0]
D45[1, 0, 0, 1, 0, 1, 0]
D45[1, 0, 0, 1, 1, 0, 0]
D45[1, 0, 0, 1, 1, 1, -1]
D45[1, 0, 0, 1, 1, 1, 0]
D45[1, 0, 1, -1, 1, 1, 0]
D45[1, 0, 1, 0, 0, 1, 0]
D45[1, 0, 1, 0, 1, 0, 0]
D45[1, 0, 1, 0, 1, 1, -1]
D45[1, 0, 1, 0, 1, 1, 0]
D45[1, 0, 1, 1, 0, 1, 0]
D45[1, 0, 1, 1, 1, 0, 0]
D45[1, 0, 1, 1, 1, 1, -1]
D45[1, 0, 1, 1, 1, 1, 0]
D45[1, 1, -1, 1, 0, 1, 0]
D45[1, 1, -1, 1, 1, 1, -1]
D45[1, 1, -1, 1, 1, 1, 0]
D45[1, 1, 0, 0, 0, 1, 0]
D45[1, 1, 0, 0, 1, 1, -1]
D45[1, 1, 0, 0, 1, 1, 0]
D45[1, 1, 0, 1, -1, 1, 0]
D45[1, 1, 0, 1, 0, 0, 0]
D45[1, 1, 0, 1, 0, 1, -1]
D45[1, 1, 0, 1, 0, 1, 0]
D45[1, 1, 0, 1, 1, 0, -1]
D45[1, 1, 0, 1, 1, 0, 0]
D45[1, 1, 0, 1, 1, 1, -2]
D45[1, 1, 0, 1, 1, 1, -1]
D45[1, 1, 0, 1, 1, 1, 0]
D45[1, 1, 1, -1, 1, 1, 0]
D45[1, 1, 1, 0, 0, 0, 0]
D45[1, 1, 1, 0, 0, 1, -1]
D45[1, 1, 1, 0, 0, 1, 0]
D45[1, 1, 1, 0, 1, 0, -1]
D45[1, 1, 1, 0, 1, 0, 0]
D45[1, 1, 1, 0, 1, 1, -2]
D45[1, 1, 1, 0, 1, 1, -1]
D45[1, 1, 1, 0, 1, 1, 0]
D45[1, 1, 1, 1, -1, 1, 0]
D45[1, 1, 1, 1, 0, 0, 0]
D45[1, 1, 1, 1, 0, 1, -1]
D45[1, 1, 1, 1, 0, 1, 0]
D45[1, 1, 1, 1, 1, -1, 0]
D45[1, 1, 1, 1, 1, 0, -1]
D45[1, 1, 1, 1, 1, 0, 0]
D45[1, 1, 1, 1, 1, 1, -2]
D45[1, 1, 1, 1, 1, 1, -1]
D45[1, 1, 1, 1, 1, 1, 0]
D45[-1, 1, 1, 0, 1, 1, 0]
D45[-1, 1, 1, 1, 1, 0, 0]
D45[0, 1, 0, 0, 1, 1, 0]
D45[0, 1, 0, 1, 1, 0, 0]
D45[0, 1, 1, -1, 1, 1, 0]
D45[0, 1, 1, 0, 0, 1, 0]
D45[0, 1, 1, 0, 1, 0, 0]
D45[1, 1, -1, 0, 1, 1, 0]
D45[1, 1, -1, 1, 1, 0, 0]
D45[1, 1, 0, -1, 1, 1, 0]
D45[1, 1, 0, 0, 1, 0, 0]
D45[1, 1, 1, -2, 1, 1, 0]
D45[1, 1, 1, -1, 0, 1, 0]
D45[1, 1, 1, -1, 1, 0, 0]
D45[1, 1, 1, -1, 1, 1, -1]
D45[-1, 0, 2, 1, 0, 1, 0]
D45[-1, 1, 2, 1, 0, 0, 0]
D45[-1, 1, 2, 1, 0, 1, 0]
D45[0, 0, 2, 0, 0, 1, 0]
D45[0, 0, 2, 1, 0, 1, 0]
D45[0, 1, 2, 0, 0, 0, 0]
D45[0, 1, 2, 0, 0, 1, 0]
D45[0, 1, 2, 1, 0, 0, 0]
D45[0, 1, 2, 1, 0, 1, 0]
D45[1, 0, 2, -1, 0, 1, 0]
D45[1, 0, 2, 0, 0, 1, 0]
D45[1, 0, 2, 1, 0, 1, 0]
D45[1, 1, 1, 0, -1, 1, 0]
D45[1, 1, 2, -1, 0, 0, 0]
D45[1, 1, 2, -1, 0, 1, 0]
D45[1, 1, 2, 0, 0, 0, 0]
D45[1, 1, 2, 0, 0, 1, 0]
D45[1, 1, 2, 1, 0, 0, 0]
D45[1, 1, 2, 1, 0, 1, 0]
D45[0, 1, 2, 1, -1, 1, 0]
D45[0, 1, 2, 1, 0, 1, -1]
D45[1, 1, 2, 0, -1, 1, 0]
D45[1, 1, 2, 0, 0, 1, -1]
D45[1, 1, 2, 1, -1, 1, 0]
D45[1, 1, 2, 1, 0, 1, -1]