0
11 2
3 1
2 -1 0 0 2*m2^2 
1 0 0 0 0 
1 -1 1 0 s+m2^2-m1^2 
1 -1 0 1 m2^2-t 

0
11 3
3 3
0 1 0 0 0 
1 0 0 0 0 
1 1 -1 0 s+m2^2-m1^2 
1 1 0 -1 m2^2+t 

0
11 4
2 1
2 0 -1 0 2*m1^2 
1 1 -1 0 s-m2^2+m1^2 
1 0 0 0 0 
1 0 -1 1 m1^2-t 

1
11 5
2 3
0 1 0 0 0 
0 0 1 0 0 
1 0 0 0 0 
0 0 1 0 0 

0
11 9
0 9
1 0 0 0 0 
0 1 0 0 -m2^2 
0 0 1 0 -m1^2 
0 0 0 1 0 

1
11 10
3 3
0 0 1 0 0 
1 0 0 0 0 
0 0 1 0 0 
0 1 0 0 0 

1
11 12
2 3
0 0 1 0 0 
0 0 1 0 0 
1 0 0 0 0 
0 1 0 0 0 

0
11 13
4 13
1 0 0 0 0 
0 1 0 0 -m2^2 
0 0 1 0 0 
0 0 0 1 0 

1
11 14
11 7
0 0 0 1 0 
0 1 0 0 0 
0 0 1 0 0 
1 0 0 0 0 

