15 14411313485088569683 2 4
0 1 2 3 
0 2 1 3 

1 14078250449130258379 1 1
0 

14 13315906852779994993 2 3
1 2 3 
2 1 3 

2 13263621270244958009 1 1
1 

4 13263621270244958009 1 1
2 

3 13270983257597420402 1 2
0 1 

5 13270983257597420402 1 2
0 2 

6 10327945294018196263 2 2
1 2 
2 1 

9 15150420850584834323 1 2
0 3 

10 4103422201062320106 1 2
1 3 

12 4103422201062320106 1 2
2 3 

7 12453205201085192531 2 3
0 1 2 
0 2 1 

11 11056606940764381282 1 3
0 1 3 

13 11056606940764381282 1 3
0 2 3 

