504 5546057372100064763 1 6
4 7 5 8 6 3 

500 8531481772150959511 1 6
4 8 6 7 5 2 

498 15004172313537825100 1 6
4 7 5 8 6 1 

497 15351358204252737738 1 6
4 8 6 7 5 0 

492 4659027290840920580 2 6
7 5 2 6 8 3 
7 5 2 8 6 3 

490 11701882895917131761 4 6
5 7 6 8 3 1 
5 7 8 6 3 1 
7 5 6 8 3 1 
7 5 8 6 3 1 

489 7713486802556572280 4 6
5 7 0 6 8 3 
5 7 0 8 6 3 
7 5 0 6 8 3 
7 5 0 8 6 3 

486 3539486143111680260 2 6
7 5 2 6 8 1 
7 5 2 8 6 1 

485 3062786046182348445 2 6
6 8 7 5 2 0 
8 6 7 5 2 0 

483 2932026229268264356 4 6
5 7 0 6 8 1 
5 7 0 8 6 1 
7 5 0 6 8 1 
7 5 0 8 6 1 

476 12176791614755498926 1 6
4 7 2 8 6 3 

474 3931633467760331285 2 6
4 7 8 6 3 1 
7 4 8 6 3 1 

473 7533632798336168848 1 6
4 7 0 8 6 3 

470 11480516590791535860 1 6
4 7 2 8 6 1 

469 14862879005107973766 1 6
4 8 6 7 2 0 

467 12113273335190325570 1 6
4 7 0 8 6 1 

462 474535293427379883 4 6
2 7 6 8 3 1 
2 7 8 6 3 1 
7 2 6 8 3 1 
7 2 8 6 3 1 

461 10782896126956776468 4 6
6 8 3 7 2 0 
6 8 3 2 7 0 
8 6 3 2 7 0 
8 6 3 7 2 0 

459 8110887992855088075 2 6
0 7 6 8 3 1 
0 7 8 6 3 1 

455 12944836943214420295 4 6
6 8 1 7 2 0 
6 8 1 2 7 0 
8 6 1 2 7 0 
8 6 1 7 2 0 

444 7477975574510610298 1 6
4 8 3 7 5 2 

442 7045908862608892906 1 6
4 7 5 8 3 1 

441 657479018628035703 1 6
4 8 3 7 5 0 

438 2125059377025135130 1 6
4 8 1 7 5 2 

437 2689912363426377693 2 6
4 8 7 5 2 0 
8 4 7 5 2 0 

435 2993478547740210126 1 6
4 8 1 7 5 0 

430 10660301057158509131 1 6
7 5 2 3 1 8 

429 7292818828530729370 1 6
3 8 7 5 2 0 

427 2163215565204367006 2 6
5 7 0 3 1 8 
7 5 0 3 1 8 

423 9434421836244259155 1 6
1 8 7 5 2 0 

414 6427459860875108542 1 6
4 7 2 8 3 1 

413 1359281164165127990 1 6
4 8 3 7 2 0 

411 7322065623523071525 1 6
4 7 0 8 3 1 

407 14361833674341584179 1 6
4 8 1 7 2 0 

399 17258841517954009452 2 6
2 7 0 3 1 8 
7 2 0 3 1 8 

380 9977962117561258986 2 6
4 2 5 6 8 3 
4 2 5 8 6 3 

378 16475838267494597782 4 6
4 5 6 8 3 1 
4 5 8 6 3 1 
5 4 6 8 3 1 
5 4 8 6 3 1 

377 10357726635059846343 1 6
4 0 5 6 8 3 

374 3004758841909971125 2 6
4 5 2 6 8 1 
4 5 2 8 6 1 

373 2332798825802353874 1 6
4 6 8 0 5 2 

371 5081840990005307703 1 6
4 0 5 6 8 1 

366 3643599778170497599 4 6
2 5 6 8 3 1 
2 5 8 6 3 1 
5 2 6 8 3 1 
5 2 8 6 3 1 

365 3314508388740198485 4 6
6 8 3 0 5 2 
6 8 3 0 2 5 
8 6 3 0 2 5 
8 6 3 0 5 2 

363 8110887992855088075 2 6
0 5 6 8 3 1 
0 5 8 6 3 1 

359 15635468006993559723 4 6
6 8 1 0 5 2 
6 8 1 0 2 5 
8 6 1 0 2 5 
8 6 1 0 5 2 

350 1533790438215626693 4 6
2 4 6 8 3 1 
2 4 8 6 3 1 
4 2 6 8 3 1 
4 2 8 6 3 1 

349 15132260868609374977 1 6
4 0 2 6 8 3 

347 9327708468433395154 1 6
0 4 6 8 3 1 

343 15194823626563627791 1 6
4 0 2 6 8 1 

335 8110887992855088075 2 6
0 2 6 8 3 1 
0 2 8 6 3 1 

318 12518444160125606570 1 6
4 5 2 3 1 8 

317 1372916616070839896 1 6
4 3 8 0 2 5 

315 7468660055475950597 1 6
4 0 5 3 1 8 

311 311836791161116145 1 6
4 1 8 0 5 2 

303 14682487856740797367 2 6
3 1 8 0 5 2 
3 1 8 0 2 5 

287 8069458780703758998 1 6
4 0 2 3 1 8 

252 1408164878041407541 1 6
4 3 6 7 5 2 

250 17228226932557670669 1 6
4 5 7 3 1 6 

249 14175673683509981808 1 6
4 3 6 5 7 0 

246 2399237270044014860 1 6
4 1 6 7 5 2 

245 7013525223391404686 2 6
4 6 7 5 2 0 
6 4 7 5 2 0 

243 7883994761545380705 1 6
4 1 6 5 7 0 

238 10660301057158509131 1 6
7 5 2 3 1 6 

237 7292818828530729370 1 6
3 6 7 5 2 0 

235 2163215565204367006 2 6
5 7 0 3 1 6 
7 5 0 3 1 6 

231 9434421836244259155 1 6
1 6 7 5 2 0 

222 11021825676366202103 1 6
4 2 7 3 1 6 

221 6976772482704934328 1 6
4 3 6 2 7 0 

219 5991846504963319950 1 6
4 0 7 3 1 6 

215 9763419482099052235 1 6
4 1 6 2 7 0 

207 17258841517954009452 2 6
2 7 0 3 1 6 
7 2 0 3 1 6 

190 1483303396265678363 1 6
4 3 1 7 5 2 

189 7898049252798872456 1 6
3 4 7 5 2 0 

187 2999595989589082374 1 6
4 1 3 5 7 0 

183 16030055910833489940 1 6
1 4 7 5 2 0 

387 4588159413583185618 1 4
1 8 0 7 

323 4835524456154860140 2 4
0 6 8 1 
0 8 6 1 

306 15541438014415062715 2 4
4 5 1 8 
5 4 1 8 

294 14141705429173509397 2 4
1 8 5 2 
1 8 2 5 

418 11111841991901813737 2 4
5 7 1 8 
7 5 1 8 

291 4588159413583185618 1 4
1 8 0 5 

278 13062638386771166472 2 4
2 4 1 8 
4 2 1 8 

402 16477077753349654266 2 4
4 7 8 1 
7 4 8 1 

275 3549739056365016550 1 4
0 4 1 8 

209 11608573522951737483 2 4
4 6 0 7 
6 4 0 7 

466 3017844654007505847 2 5
4 7 8 6 1 
7 4 8 6 1 

201 505479176601714564 1 4
3 6 0 7 

449 17520452208558333313 2 4
6 8 0 7 
8 6 0 7 

195 4588159413583185618 1 4
1 6 0 7 

452 5568158931765736262 8 4
2 7 6 8 
2 7 8 6 
6 8 7 2 
6 8 2 7 
7 2 6 8 
7 2 8 6 
8 6 7 2 
8 6 2 7 

169 15472203316632281818 2 4
3 5 7 0 
3 7 5 0 

426 11517347938760826068 2 5
5 7 3 1 8 
7 5 3 1 8 

163 15472203316632281818 2 4
1 5 7 0 
1 7 5 0 

153 13986042673808297518 1 4
3 4 0 7 

410 9651374845830251496 2 5
4 7 8 3 1 
7 4 8 3 1 

401 17907932805838067554 2 4
4 8 7 0 
8 4 7 0 

147 4429375105999533098 1 4
1 4 0 7 

404 9116344959574332654 2 4
4 8 7 2 
8 4 7 2 

141 4958041139356027288 2 4
3 2 7 0 
3 7 2 0 

398 16723959569530753563 2 5
2 7 3 1 8 
7 2 3 1 8 

393 505479176601714564 1 4
3 8 0 7 

139 14074711550630585124 2 4
1 3 0 7 
3 1 0 7 

396 8493663442729239952 2 4
2 7 3 8 
7 2 3 8 

135 4958041139356027288 2 4
1 2 7 0 
1 7 2 0 

120 1155519426097035543 2 4
4 5 3 6 
5 4 3 6 

116 13697909126296567058 2 4
4 6 5 2 
6 4 5 2 

368 10033919425389183793 4 4
4 5 6 8 
4 5 8 6 
5 4 6 8 
5 4 8 6 

111 14682487856740797367 2 6
3 1 6 0 5 2 
3 1 6 0 2 5 

114 15541438014415062715 2 4
4 5 1 6 
5 4 1 6 

240 16954421592595156864 2 4
4 6 5 7 
6 4 5 7 

113 4135888722880830898 2 4
4 6 0 5 
6 4 0 5 

370 10105118568244039158 4 5
4 5 6 8 1 
4 5 8 6 1 
5 4 6 8 1 
5 4 8 6 1 

156 1806874480302202568 1 4
3 4 2 7 

29 11984008688150228790 1 4
3 4 0 2 

286 8619292109823287981 2 5
2 4 3 1 8 
4 2 3 1 8 

44 15723464080197416095 2 3
3 2 5 
3 5 2 

301 1310468932811747285 2 5
3 8 0 5 2 
3 8 0 2 5 

28 5028852684166619871 2 3
3 2 4 
3 4 2 

285 5710448406586513409 1 5
4 3 8 0 2 

81 5398266633630539269 2 3
0 4 6 
0 6 4 

22 17615132805313434940 2 3
1 2 4 
1 4 2 

279 15881079638642777193 1 5
4 1 8 0 2 

329 6017716321959990522 2 4
0 6 8 3 
0 8 6 3 

75 10373105116843450514 1 4
0 3 1 6 

259 108422713436611649 1 3
0 1 8 

277 5871201165218803500 2 4
4 8 0 2 
8 4 0 2 

150 8710058343272588507 1 4
1 4 2 7 

23 896286628700247726 1 4
1 4 0 2 

56 17615132805313434940 2 3
3 4 5 
3 5 4 

313 13712078316000022990 1 5
4 3 8 0 5 

137 4189010045326060690 1 3
3 0 7 

3 16057663672689140328 1 2
1 0 

162 4643084119836123307 2 3
1 5 7 
1 7 5 

419 11248996314345593338 2 5
1 8 5 7 0 
1 8 7 5 0 

35 4189010045326060690 1 3
1 0 5 

134 5080913640879023083 2 3
1 2 7 
1 7 2 

391 17271942903054826368 2 5
1 8 2 7 0 
1 8 7 2 0 

7 4189010045326060690 1 3
1 0 2 

265 5019863189302586700 1 3
0 3 8 

11 11732794835329956294 2 3
0 1 3 
0 3 1 

267 10373105116843450514 1 4
0 3 1 8 

140 5080913640879023083 2 3
3 2 7 
3 7 2 

397 15298389174906566132 2 5
3 8 7 2 0 
3 8 2 7 0 

13 4189010045326060690 1 3
3 0 2 

131 4189010045326060690 1 3
1 0 7 

112 5180365401916553282 6 3
4 5 6 
4 6 5 
5 4 6 
5 6 4 
6 5 4 
6 4 5 

369 2701444106721768715 1 5
4 6 8 0 5 

152 5600260576718840051 2 3
3 4 7 
3 7 4 

409 16387675527634688787 1 5
4 8 3 7 0 

25 8314182141702135009 1 3
3 0 4 

390 4031891465063058232 2 4
2 7 1 8 
7 2 1 8 

263 4588159413583185618 1 4
1 8 0 2 

9 16057663672689140328 1 2
3 0 

50 5028852684166619871 2 3
1 4 5 
1 5 4 

307 11694044901948764704 1 5
4 1 8 0 5 

304 5180365401916553282 6 3
4 5 8 
4 8 5 
5 4 8 
5 8 4 
8 5 4 
8 4 5 

47 12469143660826193987 4 5
1 3 0 2 5 
1 3 0 5 2 
3 1 0 2 5 
3 1 0 5 2 

38 15723464080197416095 2 3
1 2 5 
1 5 2 

295 10471097632664733169 2 5
1 8 0 5 2 
1 8 0 2 5 

168 4643084119836123307 2 3
3 5 7 
3 7 5 

425 13057098176965876123 2 5
3 8 5 7 0 
3 8 7 5 0 

41 4189010045326060690 1 3
3 0 5 

73 5019863189302586700 1 3
0 3 6 

67 108422713436611649 1 3
0 1 6 

321 5697750978532764374 2 3
0 6 8 
0 8 6 

212 6302551238620928965 4 4
4 6 2 7 
4 6 7 2 
6 4 2 7 
6 4 7 2 

85 11608573522951737483 2 4
4 6 0 2 
6 4 0 2 

342 17990520331220737019 4 5
2 4 6 8 1 
2 4 8 6 1 
4 2 6 8 1 
4 2 8 6 1 

146 15408527046401197363 2 3
1 4 7 
1 7 4 

403 7532441234735585317 1 5
4 8 1 7 0 

19 8314182141702135009 1 3
1 0 4 

273 14464322681345727777 2 3
0 4 8 
0 8 4 

400 301608002787460125 6 3
4 7 8 
4 8 7 
7 4 8 
7 8 4 
8 7 4 
8 4 7 

143 1111947670252056596 4 5
1 3 2 7 0 
1 3 7 2 0 
3 1 2 7 0 
3 1 7 2 0 

300 9226554193109313133 2 4
3 8 5 2 
3 8 2 5 

43 14074711550630585124 2 4
1 3 0 5 
3 1 0 5 

46 12085039984551868779 4 4
1 3 2 5 
1 3 5 2 
3 1 2 5 
3 1 5 2 

232 14853543608269852183 2 4
5 7 3 6 
7 5 3 6 

105 505479176601714564 1 4
3 6 0 5 

269 505479176601714564 1 4
3 8 0 2 

142 12515101411917882250 4 4
2 7 3 1 
2 7 1 3 
7 2 3 1 
7 2 1 3 

15 14074711550630585124 2 4
1 3 0 2 
3 1 0 2 

408 7832035564681617266 2 4
4 7 8 3 
7 4 8 3 

151 9372940838201201917 1 5
1 4 2 7 0 

281 14083491171223893525 1 4
0 4 3 8 

154 16463749903165372320 2 4
4 7 3 1 
7 4 3 1 

27 10471629355100509364 2 4
0 4 3 1 
0 4 1 3 

284 5302768786885856582 2 4
2 4 3 8 
4 2 3 8 

340 6302551238620928965 4 4
2 4 6 8 
2 4 8 6 
4 2 6 8 
4 2 8 6 

83 11677579445056724794 1 4
0 4 1 6 

86 13062638386771166472 2 4
2 4 1 6 
4 2 1 6 

30 17858748493060172487 2 4
2 4 3 1 
4 2 3 1 

216 14169067539522233062 2 4
4 7 3 6 
7 4 3 6 

89 10977433399787881549 1 4
0 4 3 6 

166 6453723533740424504 1 4
1 7 5 2 

39 1729011882190651123 2 4
1 0 2 5 
1 0 5 2 

424 14853543608269852183 2 4
5 7 3 8 
7 5 3 8 

167 3436973252715689114 1 5
1 7 5 2 0 

297 505479176601714564 1 4
3 8 0 5 

170 8555704418064425531 4 4
5 7 1 3 
5 7 3 1 
7 5 3 1 
7 5 1 3 

356 11817618753924715730 4 4
6 8 2 5 
6 8 5 2 
8 6 5 2 
8 6 2 5 

99 4588159413583185618 1 4
1 6 0 5 

102 14141705429173509397 2 4
1 6 5 2 
1 6 2 5 

172 6453723533740424504 1 4
3 7 5 2 

45 1729011882190651123 2 4
3 0 2 5 
3 0 5 2 

302 548336414701416262 2 5
2 5 3 1 8 
5 2 3 1 8 

432 14985943103838419052 2 4
4 8 7 5 
8 4 7 5 

175 10539150134493055446 2 6
1 3 7 5 2 0 
3 1 7 5 2 0 

305 5406392056858795067 2 4
4 8 0 5 
8 4 0 5 

178 2627288482412407826 1 4
1 4 5 7 

51 11984008688150228790 1 4
1 4 0 5 

308 13697909126296567058 2 4
4 8 5 2 
8 4 5 2 

54 1780344043382195799 1 4
1 4 5 2 

184 7419116844006530007 1 4
3 4 5 7 

57 896286628700247726 1 4
3 4 0 5 

314 16324617695494575847 2 5
4 5 3 1 8 
5 4 3 1 8 

312 1155519426097035543 2 4
4 5 3 8 
5 4 3 8 

55 5428320318024659652 1 5
1 4 0 5 2 

58 17858748493060172487 2 4
4 5 1 3 
5 4 1 3 

60 1780344043382195799 1 4
3 4 2 5 

325 17520452208558333313 2 4
6 8 0 2 
8 6 0 2 

198 4031891465063058232 2 4
2 7 1 6 
7 2 1 6 

71 4588159413583185618 1 4
1 6 0 2 

204 8493663442729239952 2 4
2 7 3 6 
7 2 3 6 

77 505479176601714564 1 4
3 6 0 2 

337 14609479646097825927 1 4
0 4 6 8 

210 16688241175995187185 2 4
4 7 1 6 
7 4 1 6 

92 5302768786885856582 2 4
2 4 3 6 
4 2 3 6 

353 17520452208558333313 2 4
6 8 0 5 
8 6 0 5 

226 11111841991901813737 2 4
5 7 1 6 
7 5 1 6 

108 9226554193109313133 2 4
3 6 5 2 
3 6 2 5 

464 9116344959574332654 2 4
4 7 8 6 
7 4 8 6 

480 18159398951093837362 4 4
5 7 6 8 
5 7 8 6 
7 5 6 8 
7 5 8 6 

31 17089206736132109280 1 5
4 3 1 0 2 

59 17089206736132109280 1 5
4 1 3 0 5 

316 3894816740194736346 1 5
4 3 8 2 5 

61 5428320318024659652 1 5
3 4 0 2 5 

62 1786544085052606254 2 5
4 3 1 5 2 
4 1 3 2 5 

79 3696986549468210503 1 5
0 2 3 1 6 

87 3163849177188515945 1 5
4 0 2 1 6 

91 17800530419346009860 1 5
0 4 3 1 6 

348 14492575263528043179 4 5
2 4 6 8 3 
2 4 8 6 3 
4 2 6 8 3 
4 2 8 6 3 

93 16940429253837336693 1 5
4 3 6 0 2 

94 8619292109823287981 2 5
2 4 3 1 6 
4 2 3 1 6 

103 10471097632664733169 2 5
1 6 0 5 2 
1 6 0 2 5 

107 3696986549468210503 1 5
0 5 3 1 6 

364 15788273877331024498 4 5
2 5 6 8 3 
2 5 8 6 3 
5 2 6 8 3 
5 2 8 6 3 

109 1310468932811747285 2 5
3 6 0 5 2 
3 6 0 2 5 

110 548336414701416262 2 5
2 5 3 1 6 
5 2 3 1 6 

115 3539120029333280847 1 5
4 1 6 0 5 

372 17589355834540419352 2 5
4 6 8 5 2 
4 8 6 5 2 

117 9527057798084165022 2 5
4 6 0 5 2 
6 4 0 5 2 

118 15787798841207862330 1 5
4 1 6 5 2 

121 3341956027943369633 1 5
4 3 6 0 5 

122 16324617695494575847 2 5
4 5 3 1 6 
5 4 3 1 6 

124 3894816740194736346 1 5
4 3 6 2 5 

155 8660041223591734640 1 5
4 3 1 0 7 

412 18098174227629981437 1 5
4 7 2 8 3 

157 16663992480087758645 1 5
3 4 2 7 0 

158 16070078738574001091 1 5
4 2 7 3 1 

171 16900230579011609809 4 5
1 3 5 7 0 
1 3 7 5 0 
3 1 5 7 0 
3 1 7 5 0 

428 9090734580998481271 1 5
3 8 7 5 2 

173 3436973252715689114 1 5
3 7 5 2 0 

174 1270981926211512228 2 5
1 3 7 5 2 
3 1 7 5 2 

179 9802183478893593827 1 5
1 4 5 7 0 

436 14572538776854345278 2 5
4 8 7 5 2 
8 4 7 5 2 

182 17157562837515316564 1 5
1 4 7 5 2 

185 1323216865421661398 1 5
3 4 5 7 0 

186 6296706398319547187 1 5
4 5 7 1 3 

188 17096426498371040155 1 5
3 4 7 5 2 

199 17271942903054826368 2 5
1 6 2 7 0 
1 6 7 2 0 

203 3696986549468210503 1 5
0 7 3 1 6 

460 9645966316441177347 4 5
2 7 6 8 3 
2 7 8 6 3 
7 2 6 8 3 
7 2 8 6 3 

205 15298389174906566132 2 5
3 6 2 7 0 
3 6 7 2 0 

206 16723959569530753563 2 5
2 7 3 1 6 
7 2 3 1 6 

211 7775697178507853921 1 5
4 0 7 1 6 

468 287899329659801567 2 5
4 7 2 8 6 
4 8 6 7 2 

213 964593644927953065 4 5
4 6 2 7 0 
4 6 7 2 0 
6 4 2 7 0 
6 4 7 2 0 

214 16360371406766872486 1 5
4 2 7 1 6 

217 17917331050833510385 1 5
4 3 6 0 7 

218 2741289826804160051 2 5
4 7 3 1 6 
7 4 3 1 6 

220 10668919756801090483 1 5
4 2 7 3 6 

227 11248996314345593338 2 5
1 6 5 7 0 
1 6 7 5 0 

484 3021136800975965599 2 5
6 8 7 5 2 
8 6 7 5 2 

230 17692112085780646803 1 5
1 6 7 5 2 

233 13057098176965876123 2 5
3 6 5 7 0 
3 6 7 5 0 

234 11517347938760826068 2 5
5 7 3 1 6 
7 5 3 1 6 

236 9090734580998481271 1 5
3 6 7 5 2 

241 9512556406955468232 2 5
4 6 5 7 0 
6 4 5 7 0 

242 1008109732737680270 1 5
4 5 7 1 6 

244 15932246324430079131 2 5
4 6 7 5 2 
6 4 7 5 2 

248 12759846818535857091 1 5
4 5 7 3 6 

271 3696986549468210503 1 5
0 2 3 1 8 

283 6471606338801017674 1 5
0 4 3 1 8 

299 3696986549468210503 1 5
0 5 3 1 8 

309 6498926548458336637 2 5
4 8 0 5 2 
8 4 0 5 2 

310 15787798841207862330 1 5
4 1 8 5 2 

327 11778207928077577380 2 5
0 2 6 8 1 
0 2 8 6 1 

331 12042248289136424661 2 5
0 6 8 3 1 
0 8 6 3 1 

333 5903600775802830531 2 5
0 2 6 8 3 
0 2 8 6 3 

339 15574180205941793344 1 5
0 4 6 8 1 

341 1972280957674465470 1 5
4 6 8 0 2 

345 18167875995900543860 1 5
0 4 6 8 3 

355 11778207928077577380 2 5
0 5 6 8 1 
0 5 8 6 1 

357 14795155023043024095 4 5
6 8 0 5 2 
6 8 0 2 5 
8 6 0 2 5 
8 6 0 5 2 

358 7216352281015908045 4 5
2 5 6 8 1 
2 5 8 6 1 
5 2 6 8 1 
5 2 8 6 1 

361 5903600775802830531 2 5
0 5 6 8 3 
0 5 8 6 3 

376 14212304368007610652 4 5
4 5 6 8 3 
4 5 8 6 3 
5 4 6 8 3 
5 4 8 6 3 

119 1144363957130378821 1 6
4 1 6 0 5 2 

395 3696986549468210503 1 5
0 7 3 1 8 

405 12353522339522992914 2 5
4 8 7 2 0 
8 4 7 2 0 

406 5228416697386035107 1 5
4 7 2 8 1 

422 17692112085780646803 1 5
1 8 7 5 2 

433 1111724308908576627 2 5
4 8 7 5 0 
8 4 7 5 0 

434 6709412732686086697 1 5
4 7 5 8 1 

440 1473484041416433777 1 5
4 7 5 8 3 

451 11778207928077577380 2 5
0 7 6 8 1 
0 7 8 6 1 

453 6452873930458632724 4 5
6 8 7 2 0 
6 8 2 7 0 
8 6 2 7 0 
8 6 7 2 0 

454 5835472156958768138 4 5
2 7 6 8 1 
2 7 8 6 1 
7 2 6 8 1 
7 2 8 6 1 

457 5903600775802830531 2 5
0 7 6 8 3 
0 7 8 6 3 

465 6179749097051427677 1 5
4 8 6 7 0 

472 11073202795296403628 2 5
4 7 8 6 3 
7 4 8 6 3 

481 11037186840493472387 4 5
6 8 7 5 0 
6 8 5 7 0 
8 6 5 7 0 
8 6 7 5 0 

482 2796733226497059163 4 5
5 7 6 8 1 
5 7 8 6 1 
7 5 6 8 1 
7 5 8 6 1 

488 10769283986780621465 4 5
5 7 6 8 3 
5 7 8 6 3 
7 5 6 8 3 
7 5 8 6 3 

496 54384981478515667 1 5
4 7 5 8 6 

63 7380881847640522025 2 6
4 1 3 0 2 5 
4 3 1 0 5 2 

95 12315472695330043602 1 6
4 0 2 3 1 6 

123 3522006866961620846 1 6
4 0 5 3 1 6 

125 5572635068969675946 1 6
4 3 6 0 2 5 

126 12518444160125606570 1 6
4 5 2 3 1 6 

159 12242015022798216445 1 6
4 3 1 2 7 0 

