0
11 11
11 11
1 0 0 0 0 0 0 0 0 0 
0 0 0 1 0 0 0 0 0 0 
0 0 1 0 0 0 0 0 0 0 
0 1 0 0 0 0 0 0 0 0 
0 1 1 1 -1 1 0 0 0 -s+2*m2^2 
0 0 0 0 0 1 0 0 0 0 
0 1 0 1 0 0 -1 0 0 s+2*m2^2 
0 0 0 0 0 0 0 1 0 0 
0 1 0 1 0 0 0 0 -1 s+2*m2^2 

0
11 15
11 15
1 0 0 0 0 0 0 0 0 0 
0 0 0 1 0 0 0 0 0 0 
0 0 1 0 0 0 0 0 0 0 
0 1 0 0 0 0 0 0 0 0 
0 1 1 1 -1 1 0 0 0 -s+2*m2^2 
0 0 0 0 0 1 0 0 0 0 
0 1 0 1 0 0 -1 0 0 s+2*m2^2 
0 0 0 0 0 0 0 1 0 0 
0 1 0 1 0 0 0 0 -1 s+2*m2^2 

0
11 22
11 22
1 -1 -1 0 1 0 0 0 1 -m2^2 
0 1 0 0 0 0 0 0 0 0 
0 0 0 0 1 0 0 0 0 0 
0 2 0 -1 0 0 0 0 0 2*s 
0 0 1 0 0 0 0 0 0 0 
0 1 -1 -1 1 1 0 0 0 s 
0 2 0 0 0 0 -1 0 0 2*m2^2 
0 0 -1 0 1 0 -1 1 1 0 
0 2 0 0 0 0 0 0 -1 2*m2^2 

1
11 27
11 27
1 0 0 0 0 0 0 0 0 0 
0 0 0 1 0 0 0 0 0 0 
0 0 1 0 0 0 0 0 0 0 
0 1 0 0 0 0 0 0 0 0 
0 0 0 0 1 0 0 0 0 0 
0 0 1 0 0 0 0 0 0 0 
0 0 1 0 0 0 0 0 0 0 
0 0 1 0 0 0 0 0 0 0 
0 0 1 0 0 0 0 0 0 0 

0
11 28
11 28
-1 1 1 0 1 0 0 0 -1 m2^2-2*m1^2 
0 1 0 0 0 0 0 0 0 0 
0 0 0 0 1 0 0 0 0 0 
0 0 0 1 0 0 0 0 0 0 
0 0 1 0 0 0 0 0 0 0 
0 -1 1 1 1 -1 0 0 0 s 
0 0 0 0 0 0 1 0 0 0 
0 0 1 0 1 0 1 -1 -1 2*t 
0 0 0 0 0 0 0 0 1 0 

0
11 30
11 30
-1 1 1 0 1 0 0 0 -1 m2^2-2*m1^2 
0 1 0 0 0 0 0 0 0 0 
0 0 0 0 1 0 0 0 0 0 
0 0 0 1 0 0 0 0 0 0 
0 0 1 0 0 0 0 0 0 0 
0 -1 1 1 1 -1 0 0 0 s 
0 0 0 0 0 0 1 0 0 0 
0 0 1 0 1 0 1 -1 -1 2*t 
0 0 0 0 0 0 0 0 1 0 

0
11 38
11 38
-1 0 1 0 0 1 0 0 0 -s-2*m1^2 
0 1 0 0 0 0 0 0 0 0 
0 0 0 0 0 1 0 0 0 0 
0 0 0 1 0 0 0 0 0 0 
0 1 1 1 -1 1 0 0 0 -s+2*m2^2 
0 0 1 0 0 0 0 0 0 0 
0 0 0 0 0 0 1 0 0 0 
0 0 1 0 0 1 0 -1 0 2*t 
0 0 0 0 0 0 0 0 1 0 

1
11 39
11 39
1 0 0 0 0 0 0 0 0 0 
0 1 0 0 0 0 0 0 0 0 
0 0 0 0 0 1 0 0 0 0 
0 0 0 1 0 0 0 0 0 0 
0 0 0 1 0 0 0 0 0 0 
0 0 1 0 0 0 0 0 0 0 
0 0 0 1 0 0 0 0 0 0 
0 0 0 1 0 0 0 0 0 0 
0 0 0 1 0 0 0 0 0 0 

0
11 46
11 46
-1 0 1 0 0 1 0 0 0 -s-2*m1^2 
0 1 0 0 0 0 0 0 0 0 
0 0 0 0 0 1 0 0 0 0 
0 0 0 1 0 0 0 0 0 0 
0 1 1 1 -1 1 0 0 0 -s+2*m2^2 
0 0 1 0 0 0 0 0 0 0 
0 0 0 0 0 0 1 0 0 0 
0 0 1 0 0 1 0 -1 0 2*t 
0 0 0 0 0 0 0 0 1 0 

0
11 46
11 46
1 0 0 0 0 0 0 0 0 0 
0 0 0 1 0 0 0 0 0 0 
0 0 1 0 0 0 0 0 0 0 
0 1 0 0 0 0 0 0 0 0 
0 1 1 1 -1 1 0 0 0 -s+2*m2^2 
0 0 0 0 0 1 0 0 0 0 
0 1 0 1 0 0 -1 0 0 s+2*m2^2 
0 0 0 0 0 0 0 1 0 0 
0 1 0 1 0 0 0 0 -1 s+2*m2^2 

0
11 46
11 46
-1 0 1 0 0 1 0 0 0 -s-2*m1^2 
0 0 0 1 0 0 0 0 0 0 
0 0 0 0 0 1 0 0 0 0 
0 1 0 0 0 0 0 0 0 0 
0 0 0 0 1 0 0 0 0 0 
0 0 1 0 0 0 0 0 0 0 
0 1 0 1 0 0 -1 0 0 s+2*m2^2 
0 0 1 0 0 1 0 -1 0 2*t 
0 1 0 1 0 0 0 0 -1 s+2*m2^2 

0
11 47
11 47
1 0 0 0 0 0 0 0 0 0 
0 0 0 1 0 0 0 0 0 0 
0 0 1 0 0 0 0 0 0 0 
0 1 0 0 0 0 0 0 0 0 
0 1 1 1 -1 1 0 0 0 -s+2*m2^2 
0 0 0 0 0 1 0 0 0 0 
0 1 0 1 0 0 -1 0 0 s+2*m2^2 
0 0 0 0 0 0 0 1 0 0 
0 1 0 1 0 0 0 0 -1 s+2*m2^2 

1
11 47
11 47
1 0 0 0 0 0 0 0 0 0 
0 1 0 0 0 0 0 0 0 0 
0 0 0 0 0 1 0 0 0 0 
0 0 0 1 0 0 0 0 0 0 
0 0 0 0 1 0 0 0 0 0 
0 0 1 0 0 0 0 0 0 0 
0 0 0 0 1 0 0 0 0 0 
0 0 0 0 1 0 0 0 0 0 
0 0 0 0 1 0 0 0 0 0 

1
11 47
11 47
1 0 0 0 0 0 0 0 0 0 
0 0 0 1 0 0 0 0 0 0 
0 0 0 0 0 1 0 0 0 0 
0 1 0 0 0 0 0 0 0 0 
0 0 0 0 1 0 0 0 0 0 
0 0 1 0 0 0 0 0 0 0 
0 0 0 0 1 0 0 0 0 0 
0 0 0 0 1 0 0 0 0 0 
0 0 0 0 1 0 0 0 0 0 

0
11 62
11 62
-1 0 1 0 0 1 0 0 0 -s-2*m1^2 
0 0 0 1 0 0 0 0 0 0 
0 0 0 0 0 1 0 0 0 0 
0 1 0 0 0 0 0 0 0 0 
0 0 0 0 1 0 0 0 0 0 
0 0 1 0 0 0 0 0 0 0 
0 1 0 1 0 0 -1 0 0 s+2*m2^2 
0 0 1 0 0 1 0 -1 0 2*t 
0 1 0 1 0 0 0 0 -1 s+2*m2^2 

1
11 63
11 63
1 0 0 0 0 0 0 0 0 0 
0 0 0 1 0 0 0 0 0 0 
0 0 0 0 0 1 0 0 0 0 
0 1 0 0 0 0 0 0 0 0 
0 0 0 0 1 0 0 0 0 0 
0 0 1 0 0 0 0 0 0 0 
0 0 0 0 0 0 1 0 0 0 
0 0 0 0 0 0 1 0 0 0 
0 0 0 0 0 0 1 0 0 0 

