B3[0,0,0,0,0,0,0,0,0]*(-a2-2*a0-a7-a1-a5+d)
B3[-1,1,0,0,0,0,0,0,0]*(-a1)
B3[-1,0,0,0,0,0,0,1,0]*(-a7)
B3[0,1,0,0,0,0,0,0,0]*(-m1^2*a1+mm^2*a1)
B3[-1,0,1,0,0,0,0,0,0]*(-a2)
B3[0,0,0,0,0,1,0,0,-1]*(a5)
B3[0,0,1,0,0,0,0,0,0]*(a2*mm^2-a2*m1^2)
B3[-1,0,0,0,0,1,0,0,0]*(-a5)

B3[0,0,0,0,0,0,0,0,0]*(-a6-2*a3-a4-a5+d-a8)
B3[0,0,0,1,0,0,0,0,0]*(-2*m1^2*a3)
B3[0,0,0,-1,1,0,0,0,0]*(-a4)
B3[0,0,0,0,0,0,0,0,1]*(mm^2*a8-m1^2*a8)
B3[0,0,0,0,1,0,0,0,0]*(-2*m1^2*a4+s*a4)
B3[0,-1,0,0,0,1,0,0,0]*(a5)
B3[0,0,0,-1,0,1,0,0,0]*(-a5)
B3[0,0,0,-1,0,0,0,0,1]*(-a8)
B3[0,0,0,-1,0,0,1,0,0]*(-a6)
B3[0,0,0,0,0,0,1,0,0]*(-m1^2*a6)

B3[0,0,0,0,0,0,0,0,0]*(a0-a7)
B3[1,0,0,0,0,0,0,-1,0]*(-a0)
B3[-1,1,0,0,0,0,0,0,0]*(a1)
B3[0,1,0,0,0,0,0,-1,0]*(-a1)
B3[0,1,0,0,0,0,0,0,0]*(-mm^2*a1+a1*t)
B3[-1,0,1,0,0,0,0,0,0]*(a2)
B3[0,0,1,0,0,0,0,-1,0]*(-a2)
B3[0,0,1,0,0,0,0,0,0]*(a2*t-a2*mm^2+a2*s)
B3[-1,0,0,0,0,1,0,0,0]*(a5)
B3[0,0,0,-1,0,1,0,0,0]*(a5)
B3[0,0,0,0,0,1,-1,0,0]*(-a5)
B3[0,0,0,0,0,1,0,-1,0]*(-a5)
B3[0,0,0,0,0,1,0,0,0]*(-mm^2*a5+t*a5+m1^2*a5)
B3[-1,0,0,0,0,0,0,1,0]*(a7)

B3[0,0,0,0,0,0,0,0,0]*(a0-a1)
B3[1,-1,0,0,0,0,0,0,0]*(-a0)
B3[1,0,0,0,0,0,0,0,0]*(a0*mm^2-m1^2*a0)
B3[-1,1,0,0,0,0,0,0,0]*(a1)
B3[0,0,0,0,0,0,0,1,0]*(a7*t-m1^2*a7)
B3[0,1,0,0,0,0,0,0,0]*(-m1^2*a1-mm^2*a1)
B3[-1,0,1,0,0,0,0,0,0]*(a2)
B3[0,-1,1,0,0,0,0,0,0]*(-a2)
B3[0,0,1,0,0,0,0,0,0]*(-a2*mm^2+a2*s-a2*m1^2)
B3[-1,0,0,0,0,1,0,0,0]*(a5)
B3[0,-1,0,0,0,1,0,0,0]*(-a5)
B3[0,0,0,-1,0,1,0,0,0]*(a5)
B3[0,0,0,0,0,1,0,0,-1]*(-a5)
B3[-1,0,0,0,0,0,0,1,0]*(a7)
B3[0,-1,0,0,0,0,0,1,0]*(-a7)

B3[0,0,0,0,0,0,0,0,0]*(a3-a8)
B3[0,0,0,1,0,0,0,0,-1]*(-a3)
B3[0,0,0,1,0,0,0,0,0]*(a3*mm^2+m1^2*a3)
B3[0,0,0,-1,1,0,0,0,0]*(a4)
B3[0,0,0,0,1,0,0,0,-1]*(-a4)
B3[0,0,0,0,1,0,0,0,0]*(m1^2*a4-s*a4+mm^2*a4)
B3[-1,0,0,0,0,1,0,0,0]*(a5)
B3[0,-1,0,0,0,1,0,0,0]*(-a5)
B3[0,0,0,-1,0,1,0,0,0]*(a5)
B3[0,0,0,0,0,1,0,0,-1]*(-a5)
B3[0,0,0,-1,0,0,1,0,0]*(a6)
B3[0,0,0,0,0,0,1,0,-1]*(-a6)
B3[0,0,0,0,0,0,1,0,0]*(a6*t+m1^2*a6)
B3[0,0,0,-1,0,0,0,0,1]*(a8)
B3[0,0,0,0,0,0,0,0,1]*(-mm^2*a8+m1^2*a8)

B3[0,0,0,0,0,0,0,0,0]*(-a6+a3)
B3[0,0,0,1,0,0,-1,0,0]*(-a3)
B3[0,0,0,1,0,0,0,0,0]*(m1^2*a3)
B3[0,0,0,-1,1,0,0,0,0]*(a4)
B3[0,0,0,0,1,0,-1,0,0]*(-a4)
B3[0,0,0,0,1,0,0,0,0]*(m1^2*a4-s*a4)
B3[-1,0,0,0,0,1,0,0,0]*(a5)
B3[0,0,0,-1,0,1,0,0,0]*(a5)
B3[0,0,0,0,0,1,-1,0,0]*(-a5)
B3[0,0,0,0,0,1,0,-1,0]*(-a5)
B3[0,0,0,0,0,1,0,0,0]*(-mm^2*a5+t*a5+m1^2*a5)
B3[0,0,0,-1,0,0,1,0,0]*(a6)
B3[0,0,0,0,0,0,0,0,1]*(-mm^2*a8+t*a8+m1^2*a8)
B3[0,0,0,0,0,0,1,0,0]*(m1^2*a6)
B3[0,0,0,-1,0,0,0,0,1]*(a8)
B3[0,0,0,0,0,0,-1,0,1]*(-a8)

B3[0,0,0,1,-1,0,0,0,0]*(-a3)
B3[0,0,0,1,0,0,-1,0,0]*(a3)
B3[0,0,0,1,0,0,0,0,0]*(s*a3-m1^2*a3)
B3[0,0,0,0,0,0,0,0,0]*(a6-a4)
B3[0,0,0,0,1,0,-1,0,0]*(a4)
B3[0,0,0,0,1,0,0,0,0]*(-m1^2*a4)
B3[-1,0,0,0,0,1,0,0,0]*(-a5)
B3[0,-1,0,0,0,1,0,0,0]*(-a5)
B3[0,0,-1,0,0,1,0,0,0]*(a5)
B3[0,0,0,0,-1,1,0,0,0]*(-a5)
B3[0,0,0,0,0,1,-1,0,0]*(a5)
B3[0,0,0,0,0,1,0,-1,0]*(a5)
B3[0,0,0,0,0,1,0,0,0]*(mm^2*a5-t*a5-m1^2*a5)
B3[0,0,0,0,-1,0,1,0,0]*(-a6)
B3[0,0,0,0,0,0,0,0,1]*(mm^2*a8-t*a8-m1^2*a8)
B3[0,0,0,0,0,0,1,0,0]*(-m1^2*a6)
B3[0,0,0,0,-1,0,0,0,1]*(-a8)
B3[0,0,0,0,0,0,-1,0,1]*(a8)

B3[0,-1,0,1,0,0,0,0,0]*(a3)
B3[0,0,0,1,0,-1,0,0,0]*(-a3)
B3[0,0,0,1,0,0,0,0,-1]*(a3)
B3[0,0,0,1,0,0,0,0,0]*(-a3*mm^2+m1^2*a3)
B3[0,0,-1,0,1,0,0,0,0]*(a4)
B3[0,0,0,0,1,-1,0,0,0]*(-a4)
B3[0,0,0,0,1,0,0,0,-1]*(a4)
B3[0,0,0,0,1,0,0,0,0]*(m1^2*a4-mm^2*a4)
B3[-1,0,0,0,0,1,0,0,0]*(-a5)
B3[0,0,0,0,0,0,0,0,0]*(-a5+a8)
B3[0,0,0,0,0,1,0,0,-1]*(a5)
B3[-1,0,0,0,0,0,1,0,0]*(a6)
B3[0,-1,0,0,0,0,1,0,0]*(a6)
B3[0,0,0,0,0,-1,1,0,0]*(-a6)
B3[0,0,0,0,0,0,1,-1,0]*(-a6)
B3[0,0,0,0,0,0,1,0,-1]*(a6)
B3[0,0,0,0,0,0,1,0,0]*(-a6*mm^2+m1^2*a6)
B3[-1,0,0,0,0,0,0,0,1]*(a8)
B3[0,0,0,0,0,-1,0,0,1]*(-a8)

B3[1,-1,0,0,0,0,0,0,0]*(a0)
B3[1,0,0,0,0,-1,0,0,0]*(-a0)
B3[1,0,0,0,0,0,0,0,-1]*(a0)
B3[1,0,0,0,0,0,0,0,0]*(-a0*mm^2+m1^2*a0)
B3[0,0,0,0,0,0,0,0,0]*(a1-a5)
B3[0,1,0,-1,0,0,0,0,0]*(a1)
B3[0,1,0,0,0,-1,0,0,0]*(-a1)
B3[0,1,0,0,0,0,0,0,0]*(2*m1^2*a1)
B3[0,-1,1,0,0,0,0,0,0]*(a2)
B3[0,0,1,0,-1,0,0,0,0]*(a2)
B3[0,0,1,0,0,-1,0,0,0]*(-a2)
B3[0,0,1,0,0,0,0,0,0]*(-a2*s+2*a2*m1^2)
B3[0,-1,0,0,0,1,0,0,0]*(a5)
B3[0,0,0,-1,0,1,0,0,0]*(-a5)
B3[0,0,0,0,0,0,0,1,0]*(2*m1^2*a7-mm^2*a7)
B3[0,-1,0,0,0,0,0,1,0]*(a7)
B3[0,0,0,-1,0,0,0,1,0]*(a7)
B3[0,0,0,0,0,-1,0,1,0]*(-a7)
B3[0,0,0,0,0,0,-1,1,0]*(-a7)
B3[0,0,0,0,0,0,0,1,-1]*(a7)

B3[0,0,0,0,0,0,0,0,0]*(a2-a0+a7-a1)
B3[1,-1,0,0,0,0,0,0,0]*(-a0)
B3[1,0,-1,0,0,0,0,0,0]*(a0)
B3[1,0,0,0,0,0,0,-1,0]*(a0)
B3[-1,1,0,0,0,0,0,0,0]*(-a1)
B3[0,0,0,0,0,0,0,1,0]*(-s*a7)
B3[0,1,-1,0,0,0,0,0,0]*(a1)
B3[0,1,0,0,0,0,0,-1,0]*(a1)
B3[0,1,0,0,0,0,0,0,0]*(-s*a1+mm^2*a1-a1*t)
B3[-1,0,1,0,0,0,0,0,0]*(-a2)
B3[0,-1,1,0,0,0,0,0,0]*(-a2)
B3[0,0,-1,0,0,0,0,1,0]*(a7)
B3[0,0,1,0,0,0,0,-1,0]*(a2)
B3[0,0,1,0,0,0,0,0,0]*(-a2*t+a2*mm^2)
B3[-1,0,0,0,0,1,0,0,0]*(-a5)
B3[0,-1,0,0,0,1,0,0,0]*(-a5)
B3[0,0,-1,0,0,1,0,0,0]*(a5)
B3[0,0,0,0,-1,1,0,0,0]*(-a5)
B3[0,0,0,0,0,1,-1,0,0]*(a5)
B3[0,0,0,0,0,1,0,-1,0]*(a5)
B3[0,0,0,0,0,1,0,0,0]*(mm^2*a5-t*a5-m1^2*a5)
B3[-1,0,0,0,0,0,0,1,0]*(-a7)
B3[0,-1,0,0,0,0,0,1,0]*(-a7)

