0
2 30
2 30
1 0 0 0 0 0 0 0 0 0 
0 1 0 0 0 0 0 0 0 0 
0 0 1 0 0 0 0 0 0 0 
0 0 0 0 1 0 0 0 0 0 
0 0 0 1 0 0 0 0 0 0 
0 1 1 1 1 -1 0 0 0 -s+4*m1^2 
0 0 0 1 1 0 -1 0 0 -s+2*m1^2 
0 0 0 0 0 0 0 1 0 0 
0 0 0 1 1 0 0 0 -1 -s+2*m1^2+2*mm^2 

0
2 30
2 30
-1 1 1 0 0 0 0 0 0 -s+2*m1^2+2*mm^2 
0 0 1 0 0 0 0 0 0 0 
0 1 0 0 0 0 0 0 0 0 
0 0 0 1 0 0 0 0 0 0 
0 0 0 0 1 0 0 0 0 0 
0 1 1 1 1 -1 0 0 0 -s+4*m1^2 
0 0 0 0 0 0 1 0 0 0 
0 1 1 0 0 0 0 -1 0 2*m1^2+2*t 
0 0 0 0 0 0 0 0 1 0 

0
2 30
2 30
-1 1 1 0 0 0 0 0 0 -s+2*m1^2+2*mm^2 
0 0 1 0 0 0 0 0 0 0 
0 1 0 0 0 0 0 0 0 0 
0 0 0 0 1 0 0 0 0 0 
0 0 0 1 0 0 0 0 0 0 
0 0 0 0 0 1 0 0 0 0 
0 0 0 1 1 0 -1 0 0 -s+2*m1^2 
0 1 1 0 0 0 0 -1 0 2*m1^2+2*t 
0 0 0 1 1 0 0 0 -1 -s+2*m1^2+2*mm^2 

0
2 30
2 30
0 0 0 0 0 0 0 0 1 0 
0 0 0 1 0 0 0 0 0 0 
0 0 0 0 1 0 0 0 0 0 
0 1 0 0 0 0 0 0 0 0 
0 0 1 0 0 0 0 0 0 0 
0 0 0 0 0 1 0 0 0 0 
1 1 0 0 0 0 0 -1 0 m1^2-mm^2+t 
0 0 0 1 0 0 -1 0 1 m1^2-mm^2+t 
1 0 0 0 0 0 0 0 0 0 

0
2 30
2 30
0 0 0 0 0 0 0 0 1 0 
0 0 0 1 0 0 0 0 0 0 
0 0 0 0 1 0 0 0 0 0 
0 0 1 0 0 0 0 0 0 0 
0 1 0 0 0 0 0 0 0 0 
0 1 1 1 1 -1 0 0 0 -s+4*m1^2 
-1 0 1 0 0 0 0 1 0 -s+m1^2+mm^2-t 
0 0 0 1 0 0 -1 0 1 m1^2-mm^2+t 
-1 1 1 0 0 0 0 0 0 -s+2*m1^2+2*mm^2 

0
2 30
2 30
0 0 0 1 1 0 0 0 -1 -s+2*m1^2+2*mm^2 
0 0 0 0 1 0 0 0 0 0 
0 0 0 1 0 0 0 0 0 0 
0 0 1 0 0 0 0 0 0 0 
0 1 0 0 0 0 0 0 0 0 
0 0 0 0 0 1 0 0 0 0 
-1 0 1 0 0 0 0 1 0 -s+m1^2+mm^2-t 
0 0 0 0 1 0 1 0 -1 m1^2+mm^2+t 
-1 1 1 0 0 0 0 0 0 -s+2*m1^2+2*mm^2 

0
2 30
2 30
0 0 0 1 1 0 0 0 -1 -s+2*m1^2+2*mm^2 
0 0 0 0 1 0 0 0 0 0 
0 0 0 1 0 0 0 0 0 0 
0 1 0 0 0 0 0 0 0 0 
0 0 1 0 0 0 0 0 0 0 
0 1 1 1 1 -1 0 0 0 -s+4*m1^2 
1 1 0 0 0 0 0 -1 0 m1^2-mm^2+t 
0 0 0 0 1 0 1 0 -1 m1^2+mm^2+t 
1 0 0 0 0 0 0 0 0 0 

0
2 31
2 31
1 0 0 0 0 0 0 0 0 0 
0 1 0 0 0 0 0 0 0 0 
0 0 1 0 0 0 0 0 0 0 
0 0 0 0 1 0 0 0 0 0 
0 0 0 1 0 0 0 0 0 0 
0 1 1 1 1 -1 0 0 0 -s+4*m1^2 
0 0 0 1 1 0 -1 0 0 -s+2*m1^2 
0 0 0 0 0 0 0 1 0 0 
0 0 0 1 1 0 0 0 -1 -s+2*m1^2+2*mm^2 

1
2 31
2 31
1 0 0 0 0 0 0 0 0 0 
0 0 1 0 0 0 0 0 0 0 
0 1 0 0 0 0 0 0 0 0 
0 0 0 1 0 0 0 0 0 0 
0 0 0 0 1 0 0 0 0 0 
0 0 0 0 0 1 0 0 0 0 
0 0 0 0 0 1 0 0 0 0 
0 0 0 0 0 1 0 0 0 0 
0 0 0 0 0 1 0 0 0 0 

1
2 31
2 31
1 0 0 0 0 0 0 0 0 0 
0 0 1 0 0 0 0 0 0 0 
0 1 0 0 0 0 0 0 0 0 
0 0 0 0 1 0 0 0 0 0 
0 0 0 1 0 0 0 0 0 0 
0 0 0 0 0 1 0 0 0 0 
0 0 0 0 0 1 0 0 0 0 
0 0 0 0 0 1 0 0 0 0 
0 0 0 0 0 1 0 0 0 0 

0
2 57
2 57
0 0 0 0 0 1 0 0 0 0 
1 -1 0 1 0 1 0 0 -1 -m1^2+mm^2 
1 0 -1 0 1 1 0 0 -1 -m1^2+mm^2 
0 0 0 1 0 0 0 0 0 0 
0 0 0 0 1 0 0 0 0 0 
1 0 0 0 0 0 0 0 0 0 
0 0 0 0 0 0 1 0 0 0 
1 0 0 1 0 1 -1 -1 0 m1^2-mm^2+t 
0 0 0 0 0 0 0 0 1 0 

1
2 57
2 57
1 0 0 0 0 0 0 0 0 0 
0 1 0 0 0 0 0 0 0 0 
0 1 0 0 0 0 0 0 0 0 
0 0 0 0 1 0 0 0 0 0 
0 0 0 1 0 0 0 0 0 0 
0 0 0 0 0 1 0 0 0 0 
0 1 0 0 0 0 0 0 0 0 
0 1 0 0 0 0 0 0 0 0 
0 1 0 0 0 0 0 0 0 0 

1
2 57
2 57
0 0 0 0 0 1 0 0 0 0 
0 1 0 0 0 0 0 0 0 0 
0 1 0 0 0 0 0 0 0 0 
0 0 0 0 1 0 0 0 0 0 
0 0 0 1 0 0 0 0 0 0 
1 0 0 0 0 0 0 0 0 0 
0 1 0 0 0 0 0 0 0 0 
0 1 0 0 0 0 0 0 0 0 
0 1 0 0 0 0 0 0 0 0 

0
2 62
2 62
0 0 0 1 1 0 0 0 -1 -s+2*m1^2+2*mm^2 
0 0 0 0 1 0 0 0 0 0 
0 0 0 1 0 0 0 0 0 0 
0 0 1 0 0 0 0 0 0 0 
0 1 0 0 0 0 0 0 0 0 
0 0 0 0 0 1 0 0 0 0 
-1 0 1 0 0 0 0 1 0 -s+m1^2+mm^2-t 
0 0 0 0 1 0 1 0 -1 m1^2+mm^2+t 
-1 1 1 0 0 0 0 0 0 -s+2*m1^2+2*mm^2 

0
2 62
2 62
0 0 0 0 0 0 0 0 1 0 
0 0 0 1 0 0 0 0 0 0 
0 0 0 0 1 0 0 0 0 0 
0 1 0 0 0 0 0 0 0 0 
0 0 1 0 0 0 0 0 0 0 
0 0 0 0 0 1 0 0 0 0 
1 1 0 0 0 0 0 -1 0 m1^2-mm^2+t 
0 0 0 1 0 0 -1 0 1 m1^2-mm^2+t 
1 0 0 0 0 0 0 0 0 0 

0
2 62
2 62
-1 1 1 0 0 0 0 0 0 -s+2*m1^2+2*mm^2 
0 0 1 0 0 0 0 0 0 0 
0 1 0 0 0 0 0 0 0 0 
0 0 0 0 1 0 0 0 0 0 
0 0 0 1 0 0 0 0 0 0 
0 0 0 0 0 1 0 0 0 0 
0 0 0 1 1 0 -1 0 0 -s+2*m1^2 
0 1 1 0 0 0 0 -1 0 2*m1^2+2*t 
0 0 0 1 1 0 0 0 -1 -s+2*m1^2+2*mm^2 

1
2 63
2 63
1 0 0 0 0 0 0 0 0 0 
0 0 1 0 0 0 0 0 0 0 
0 1 0 0 0 0 0 0 0 0 
0 0 0 0 1 0 0 0 0 0 
0 0 0 1 0 0 0 0 0 0 
0 0 0 0 0 1 0 0 0 0 
0 0 0 0 0 0 1 0 0 0 
0 0 0 0 0 0 1 0 0 0 
0 0 0 0 0 0 1 0 0 0 

0
2 94
2 94
-1 1 1 0 0 0 0 0 0 -s+2*m1^2+2*mm^2 
0 0 1 0 0 0 0 0 0 0 
0 1 0 0 0 0 0 0 0 0 
0 0 0 1 0 0 0 0 0 0 
0 0 0 0 1 0 0 0 0 0 
0 1 1 1 1 -1 0 0 0 -s+4*m1^2 
0 0 0 0 0 0 1 0 0 0 
0 1 1 0 0 0 0 -1 0 2*m1^2+2*t 
0 0 0 0 0 0 0 0 1 0 

1
2 94
2 94
1 0 0 0 0 0 0 0 0 0 
0 1 0 0 0 0 0 0 0 0 
0 0 1 0 0 0 0 0 0 0 
0 0 0 0 1 0 0 0 0 0 
0 0 0 1 0 0 0 0 0 0 
1 0 0 0 0 0 0 0 0 0 
0 0 0 0 0 0 1 0 0 0 
1 0 0 0 0 0 0 0 0 0 
1 0 0 0 0 0 0 0 0 0 

1
2 94
2 94
1 0 0 0 0 0 0 0 0 0 
0 0 1 0 0 0 0 0 0 0 
0 1 0 0 0 0 0 0 0 0 
0 0 0 0 1 0 0 0 0 0 
0 0 0 1 0 0 0 0 0 0 
1 0 0 0 0 0 0 0 0 0 
0 0 0 0 0 0 1 0 0 0 
1 0 0 0 0 0 0 0 0 0 
1 0 0 0 0 0 0 0 0 0 

1
2 95
2 95
1 0 0 0 0 0 0 0 0 0 
0 0 1 0 0 0 0 0 0 0 
0 1 0 0 0 0 0 0 0 0 
0 0 0 1 0 0 0 0 0 0 
0 0 0 0 1 0 0 0 0 0 
0 0 0 0 0 1 0 0 0 0 
0 0 0 0 0 0 1 0 0 0 
0 0 0 0 0 1 0 0 0 0 
0 0 0 0 0 1 0 0 0 0 

1
2 95
2 95
1 0 0 0 0 0 0 0 0 0 
0 1 0 0 0 0 0 0 0 0 
0 0 1 0 0 0 0 0 0 0 
0 0 0 0 1 0 0 0 0 0 
0 0 0 1 0 0 0 0 0 0 
0 0 0 0 0 1 0 0 0 0 
0 0 0 0 0 0 1 0 0 0 
0 0 0 0 0 1 0 0 0 0 
0 0 0 0 0 1 0 0 0 0 

1
2 95
2 95
1 0 0 0 0 0 0 0 0 0 
0 0 1 0 0 0 0 0 0 0 
0 1 0 0 0 0 0 0 0 0 
0 0 0 0 1 0 0 0 0 0 
0 0 0 1 0 0 0 0 0 0 
0 0 0 0 0 1 0 0 0 0 
0 0 0 0 0 0 1 0 0 0 
0 0 0 0 0 1 0 0 0 0 
0 0 0 0 0 1 0 0 0 0 

0
2 97
2 97
1 0 0 0 0 0 0 0 0 0 
0 1 0 0 0 0 0 0 0 0 
0 0 1 0 0 0 0 0 0 0 
-1 0 0 -1 0 1 1 1 0 -2*m1^2+mm^2-t 
-1 -1 1 0 -1 1 1 1 0 -2*m1^2+mm^2-t 
0 0 0 0 0 0 1 0 0 0 
0 0 0 0 0 1 0 0 0 0 
0 0 0 0 0 0 0 1 0 0 
0 -1 0 0 0 1 1 1 -1 -m1^2+mm^2 

0
2 97
2 97
0 0 0 0 0 1 0 0 0 0 
1 -1 0 1 0 1 0 0 -1 -m1^2+mm^2 
1 0 -1 0 1 1 0 0 -1 -m1^2+mm^2 
0 0 0 1 0 0 0 0 0 0 
0 0 0 0 1 0 0 0 0 0 
1 0 0 0 0 0 0 0 0 0 
0 0 0 0 0 0 1 0 0 0 
1 0 0 1 0 1 -1 -1 0 m1^2-mm^2+t 
0 0 0 0 0 0 0 0 1 0 

0
2 97
2 97
0 0 0 0 0 1 0 0 0 0 
1 -1 0 1 0 1 0 0 -1 -m1^2+mm^2 
1 0 -1 0 1 1 0 0 -1 -m1^2+mm^2 
2 0 0 0 0 0 0 -1 0 -m1^2 
2 1 -1 0 0 0 0 -1 0 -m1^2 
0 0 0 0 0 0 1 0 0 0 
1 0 0 0 0 0 0 0 0 0 
1 0 0 1 0 1 -1 -1 0 m1^2-mm^2+t 
1 1 0 0 0 0 0 -1 0 m1^2-mm^2+t 

0
2 97
2 97
0 0 0 0 0 0 1 0 0 0 
0 0 0 -1 0 0 1 0 1 -2*m1^2+mm^2-t 
0 0 0 0 -1 0 1 0 1 -2*m1^2+mm^2-t 
2 0 0 0 0 0 0 -1 0 -m1^2 
2 1 -1 0 0 0 0 -1 0 -m1^2 
0 0 0 0 0 1 0 0 0 0 
1 0 0 0 0 0 0 0 0 0 
0 0 0 -1 0 0 2 0 0 -m1^2 
1 1 0 0 0 0 0 -1 0 m1^2-mm^2+t 

0
2 97
2 97
0 0 0 0 0 0 1 0 0 0 
0 0 0 -1 0 0 1 0 1 -2*m1^2+mm^2-t 
0 0 0 0 -1 0 1 0 1 -2*m1^2+mm^2-t 
-1 0 0 -1 0 1 1 1 0 -2*m1^2+mm^2-t 
-1 -1 1 0 -1 1 1 1 0 -2*m1^2+mm^2-t 
1 0 0 0 0 0 0 0 0 0 
0 0 0 0 0 1 0 0 0 0 
0 0 0 -1 0 0 2 0 0 -m1^2 
0 -1 0 0 0 1 1 1 -1 -m1^2+mm^2 

0
2 99
2 99
1 0 0 0 0 0 0 0 0 0 
0 1 0 0 0 0 0 0 0 0 
0 0 1 0 0 0 0 0 0 0 
-1 0 0 -1 0 1 1 1 0 -2*m1^2+mm^2-t 
-1 -1 1 0 -1 1 1 1 0 -2*m1^2+mm^2-t 
0 0 0 0 0 0 1 0 0 0 
0 0 0 0 0 1 0 0 0 0 
0 0 0 0 0 0 0 1 0 0 
0 -1 0 0 0 1 1 1 -1 -m1^2+mm^2 

0
2 102
2 102
1 0 0 0 0 0 0 0 0 0 
0 1 0 0 0 0 0 0 0 0 
0 0 1 0 0 0 0 0 0 0 
-1 0 0 -1 0 1 1 1 0 -2*m1^2+mm^2-t 
-1 -1 1 0 -1 1 1 1 0 -2*m1^2+mm^2-t 
0 0 0 0 0 0 1 0 0 0 
0 0 0 0 0 1 0 0 0 0 
0 0 0 0 0 0 0 1 0 0 
0 -1 0 0 0 1 1 1 -1 -m1^2+mm^2 

1
2 102
2 102
1 0 0 0 0 0 0 0 0 0 
0 0 1 0 0 0 0 0 0 0 
0 1 0 0 0 0 0 0 0 0 
1 0 0 0 0 0 0 0 0 0 
1 0 0 0 0 0 0 0 0 0 
0 0 0 0 0 1 0 0 0 0 
0 0 0 0 0 0 1 0 0 0 
1 0 0 0 0 0 0 0 0 0 
1 0 0 0 0 0 0 0 0 0 

1
2 102
2 102
1 0 0 0 0 0 0 0 0 0 
0 0 1 0 0 0 0 0 0 0 
0 1 0 0 0 0 0 0 0 0 
1 0 0 0 0 0 0 0 0 0 
1 0 0 0 0 0 0 0 0 0 
0 0 0 0 0 0 1 0 0 0 
0 0 0 0 0 1 0 0 0 0 
1 0 0 0 0 0 0 0 0 0 
1 0 0 0 0 0 0 0 0 0 

0
2 103
2 103
1 0 0 0 0 0 0 0 0 0 
0 1 0 0 0 0 0 0 0 0 
0 0 1 0 0 0 0 0 0 0 
-1 0 0 -1 0 1 1 1 0 -2*m1^2+mm^2-t 
-1 -1 1 0 -1 1 1 1 0 -2*m1^2+mm^2-t 
0 0 0 0 0 0 1 0 0 0 
0 0 0 0 0 1 0 0 0 0 
0 0 0 0 0 0 0 1 0 0 
0 -1 0 0 0 1 1 1 -1 -m1^2+mm^2 

1
2 103
2 103
1 0 0 0 0 0 0 0 0 0 
0 0 1 0 0 0 0 0 0 0 
0 1 0 0 0 0 0 0 0 0 
0 0 0 1 0 0 0 0 0 0 
0 0 0 1 0 0 0 0 0 0 
0 0 0 0 0 1 0 0 0 0 
0 0 0 0 0 0 1 0 0 0 
0 0 0 1 0 0 0 0 0 0 
0 0 0 1 0 0 0 0 0 0 

1
2 103
2 103
1 0 0 0 0 0 0 0 0 0 
0 0 1 0 0 0 0 0 0 0 
0 1 0 0 0 0 0 0 0 0 
0 0 0 1 0 0 0 0 0 0 
0 0 0 1 0 0 0 0 0 0 
0 0 0 0 0 0 1 0 0 0 
0 0 0 0 0 1 0 0 0 0 
0 0 0 1 0 0 0 0 0 0 
0 0 0 1 0 0 0 0 0 0 

0
2 105
2 105
0 0 0 0 0 1 0 0 0 0 
1 -1 0 1 0 1 0 0 -1 -m1^2+mm^2 
1 0 -1 0 1 1 0 0 -1 -m1^2+mm^2 
0 0 0 1 0 0 0 0 0 0 
0 0 0 0 1 0 0 0 0 0 
1 0 0 0 0 0 0 0 0 0 
0 0 0 0 0 0 1 0 0 0 
1 0 0 1 0 1 -1 -1 0 m1^2-mm^2+t 
0 0 0 0 0 0 0 0 1 0 

0
2 121
2 121
0 0 0 0 0 1 0 0 0 0 
1 -1 0 1 0 1 0 0 -1 -m1^2+mm^2 
1 0 -1 0 1 1 0 0 -1 -m1^2+mm^2 
0 0 0 1 0 0 0 0 0 0 
0 0 0 0 1 0 0 0 0 0 
1 0 0 0 0 0 0 0 0 0 
0 0 0 0 0 0 1 0 0 0 
1 0 0 1 0 1 -1 -1 0 m1^2-mm^2+t 
0 0 0 0 0 0 0 0 1 0 

1
2 121
2 121
1 0 0 0 0 0 0 0 0 0 
0 1 0 0 0 0 0 0 0 0 
0 1 0 0 0 0 0 0 0 0 
0 0 0 0 1 0 0 0 0 0 
0 0 0 1 0 0 0 0 0 0 
0 0 0 0 0 1 0 0 0 0 
0 0 0 0 0 0 1 0 0 0 
0 1 0 0 0 0 0 0 0 0 
0 1 0 0 0 0 0 0 0 0 

1
2 121
2 121
0 0 0 0 0 1 0 0 0 0 
0 1 0 0 0 0 0 0 0 0 
0 1 0 0 0 0 0 0 0 0 
0 0 0 0 1 0 0 0 0 0 
0 0 0 1 0 0 0 0 0 0 
1 0 0 0 0 0 0 0 0 0 
0 0 0 0 0 0 1 0 0 0 
0 1 0 0 0 0 0 0 0 0 
0 1 0 0 0 0 0 0 0 0 

1
2 126
2 126
1 0 0 0 0 0 0 0 0 0 
0 0 1 0 0 0 0 0 0 0 
0 1 0 0 0 0 0 0 0 0 
0 0 0 0 1 0 0 0 0 0 
0 0 0 1 0 0 0 0 0 0 
0 0 0 0 0 1 0 0 0 0 
0 0 0 0 0 0 1 0 0 0 
1 0 0 0 0 0 0 0 0 0 
1 0 0 0 0 0 0 0 0 0 

1
2 127
2 127
1 0 0 0 0 0 0 0 0 0 
0 0 1 0 0 0 0 0 0 0 
0 1 0 0 0 0 0 0 0 0 
0 0 0 0 1 0 0 0 0 0 
0 0 0 1 0 0 0 0 0 0 
0 0 0 0 0 1 0 0 0 0 
0 0 0 0 0 0 1 0 0 0 
0 0 0 0 0 0 0 1 0 0 
0 0 0 0 0 0 0 1 0 0 

0
2 154
2 154
1 0 0 0 0 0 0 0 0 0 
0 1 0 0 0 0 0 0 0 0 
0 0 1 0 0 0 0 0 0 0 
0 0 0 0 1 0 0 0 0 0 
0 0 0 1 0 0 0 0 0 0 
0 1 1 1 1 -1 0 0 0 -s+4*m1^2 
0 0 0 1 1 0 -1 0 0 -s+2*m1^2 
0 0 0 0 0 0 0 1 0 0 
0 0 0 1 1 0 0 0 -1 -s+2*m1^2+2*mm^2 

0
2 155
2 155
1 0 0 0 0 0 0 0 0 0 
0 1 0 0 0 0 0 0 0 0 
0 0 1 0 0 0 0 0 0 0 
0 0 0 0 1 0 0 0 0 0 
0 0 0 1 0 0 0 0 0 0 
0 1 1 1 1 -1 0 0 0 -s+4*m1^2 
0 0 0 1 1 0 -1 0 0 -s+2*m1^2 
0 0 0 0 0 0 0 1 0 0 
0 0 0 1 1 0 0 0 -1 -s+2*m1^2+2*mm^2 

0
2 156
2 156
1 0 0 0 0 0 0 0 0 0 
0 1 0 0 0 0 0 0 0 0 
0 0 1 0 0 0 0 0 0 0 
0 0 0 0 1 0 0 0 0 0 
0 0 0 1 0 0 0 0 0 0 
0 1 1 1 1 -1 0 0 0 -s+4*m1^2 
0 0 0 1 1 0 -1 0 0 -s+2*m1^2 
0 0 0 0 0 0 0 1 0 0 
0 0 0 1 1 0 0 0 -1 -s+2*m1^2+2*mm^2 

0
2 157
2 157
1 0 0 0 0 0 0 0 0 0 
0 1 0 0 0 0 0 0 0 0 
0 0 1 0 0 0 0 0 0 0 
0 0 0 0 1 0 0 0 0 0 
0 0 0 1 0 0 0 0 0 0 
0 1 1 1 1 -1 0 0 0 -s+4*m1^2 
0 0 0 1 1 0 -1 0 0 -s+2*m1^2 
0 0 0 0 0 0 0 1 0 0 
0 0 0 1 1 0 0 0 -1 -s+2*m1^2+2*mm^2 

0
2 158
2 158
1 0 0 0 0 0 0 0 0 0 
0 1 0 0 0 0 0 0 0 0 
0 0 1 0 0 0 0 0 0 0 
0 0 0 0 1 0 0 0 0 0 
0 0 0 1 0 0 0 0 0 0 
0 1 1 1 1 -1 0 0 0 -s+4*m1^2 
0 0 0 1 1 0 -1 0 0 -s+2*m1^2 
0 0 0 0 0 0 0 1 0 0 
0 0 0 1 1 0 0 0 -1 -s+2*m1^2+2*mm^2 

0
2 159
2 159
1 0 0 0 0 0 0 0 0 0 
0 1 0 0 0 0 0 0 0 0 
0 0 1 0 0 0 0 0 0 0 
0 0 0 0 1 0 0 0 0 0 
0 0 0 1 0 0 0 0 0 0 
0 1 1 1 1 -1 0 0 0 -s+4*m1^2 
0 0 0 1 1 0 -1 0 0 -s+2*m1^2 
0 0 0 0 0 0 0 1 0 0 
0 0 0 1 1 0 0 0 -1 -s+2*m1^2+2*mm^2 

0
2 168
2 168
-1 0 0 -1 0 1 1 1 0 -m1^2+mm^2-t 
0 -1 0 0 0 1 1 1 -1 -2*m1^2+mm^2 
0 0 -1 -1 1 1 1 1 -1 s-2*m1^2+mm^2 
0 0 0 1 0 0 0 0 0 0 
0 0 0 0 1 0 0 0 0 0 
0 0 0 0 0 0 0 1 0 0 
0 0 0 0 0 0 1 0 0 0 
0 0 0 0 0 1 0 0 0 0 
0 0 0 0 0 0 0 0 1 0 

0
2 176
2 176
-1 0 0 -1 0 1 1 1 0 -m1^2+mm^2-t 
0 -1 0 0 0 1 1 1 -1 -2*m1^2+mm^2 
0 0 -1 -1 1 1 1 1 -1 s-2*m1^2+mm^2 
0 0 0 1 0 0 0 0 0 0 
0 0 0 0 1 0 0 0 0 0 
0 0 0 0 0 0 0 1 0 0 
0 0 0 0 0 0 1 0 0 0 
0 0 0 0 0 1 0 0 0 0 
0 0 0 0 0 0 0 0 1 0 

0
2 184
2 184
-1 0 0 -1 0 1 1 1 0 -m1^2+mm^2-t 
0 -1 0 0 0 1 1 1 -1 -2*m1^2+mm^2 
0 0 -1 -1 1 1 1 1 -1 s-2*m1^2+mm^2 
0 0 0 1 0 0 0 0 0 0 
0 0 0 0 1 0 0 0 0 0 
0 0 0 0 0 0 0 1 0 0 
0 0 0 0 0 0 1 0 0 0 
0 0 0 0 0 1 0 0 0 0 
0 0 0 0 0 0 0 0 1 0 

1
2 218
2 218
1 0 0 0 0 0 0 0 0 0 
0 1 0 0 0 0 0 0 0 0 
1 0 0 0 0 0 0 0 0 0 
0 0 0 0 1 0 0 0 0 0 
0 0 0 1 0 0 0 0 0 0 
1 0 0 0 0 0 0 0 0 0 
0 0 0 0 0 0 1 0 0 0 
0 0 0 0 0 0 0 1 0 0 
1 0 0 0 0 0 0 0 0 0 

1
2 219
2 219
1 0 0 0 0 0 0 0 0 0 
0 1 0 0 0 0 0 0 0 0 
0 0 1 0 0 0 0 0 0 0 
0 0 0 0 1 0 0 0 0 0 
0 0 0 1 0 0 0 0 0 0 
0 0 1 0 0 0 0 0 0 0 
0 0 0 0 0 0 1 0 0 0 
0 0 0 0 0 0 0 1 0 0 
0 0 1 0 0 0 0 0 0 0 

1
2 220
2 220
1 0 0 0 0 0 0 0 0 0 
1 0 0 0 0 0 0 0 0 0 
0 0 1 0 0 0 0 0 0 0 
0 0 0 0 1 0 0 0 0 0 
0 0 0 1 0 0 0 0 0 0 
1 0 0 0 0 0 0 0 0 0 
0 0 0 0 0 0 1 0 0 0 
0 0 0 0 0 0 0 1 0 0 
1 0 0 0 0 0 0 0 0 0 

1
2 221
2 221
1 0 0 0 0 0 0 0 0 0 
0 1 0 0 0 0 0 0 0 0 
0 0 1 0 0 0 0 0 0 0 
0 0 0 0 1 0 0 0 0 0 
0 0 0 1 0 0 0 0 0 0 
0 1 0 0 0 0 0 0 0 0 
0 0 0 0 0 0 1 0 0 0 
0 0 0 0 0 0 0 1 0 0 
0 1 0 0 0 0 0 0 0 0 

1
2 222
2 222
1 0 0 0 0 0 0 0 0 0 
0 1 0 0 0 0 0 0 0 0 
0 0 1 0 0 0 0 0 0 0 
0 0 0 0 1 0 0 0 0 0 
0 0 0 1 0 0 0 0 0 0 
1 0 0 0 0 0 0 0 0 0 
0 0 0 0 0 0 1 0 0 0 
0 0 0 0 0 0 0 1 0 0 
1 0 0 0 0 0 0 0 0 0 

1
2 223
2 223
1 0 0 0 0 0 0 0 0 0 
0 1 0 0 0 0 0 0 0 0 
0 0 1 0 0 0 0 0 0 0 
0 0 0 0 1 0 0 0 0 0 
0 0 0 1 0 0 0 0 0 0 
0 0 0 0 0 1 0 0 0 0 
0 0 0 0 0 0 1 0 0 0 
0 0 0 0 0 0 0 1 0 0 
0 0 0 0 0 1 0 0 0 0 

0
2 224
2 224
0 0 0 1 0 0 0 0 0 m1^2 
0 0 0 0 0 0 0 0 1 -m1^2 
0 0 0 1 -1 0 0 0 1 s-m1^2 
1 0 0 0 0 0 0 0 0 -m1^2 
1 1 -1 0 0 0 0 0 0 s-m1^2 
0 0 0 0 0 1 0 0 0 0 
0 0 0 0 0 0 0 1 0 0 
0 0 0 0 0 0 1 0 0 0 
0 1 0 0 0 0 0 0 0 m1^2 

0
2 224
2 224
1 0 0 0 0 0 0 0 0 0 
0 1 0 0 0 0 0 0 0 0 
0 0 1 0 0 0 0 0 0 0 
-1 0 0 -1 0 1 1 1 0 -2*m1^2+mm^2-t 
-1 -1 1 0 -1 1 1 1 0 -2*m1^2+mm^2-t 
0 0 0 0 0 0 1 0 0 0 
0 0 0 0 0 1 0 0 0 0 
0 0 0 0 0 0 0 1 0 0 
0 -1 0 0 0 1 1 1 -1 -m1^2+mm^2 

0
2 224
2 224
-1 0 0 -1 0 1 1 1 0 -m1^2+mm^2-t 
0 -1 0 0 0 1 1 1 -1 -2*m1^2+mm^2 
0 0 -1 -1 1 1 1 1 -1 s-2*m1^2+mm^2 
1 0 0 0 0 0 0 0 0 -m1^2 
1 1 -1 0 0 0 0 0 0 s-m1^2 
0 0 0 0 0 0 1 0 0 0 
0 0 0 0 0 0 0 1 0 0 
0 0 0 0 0 1 0 0 0 0 
0 1 0 0 0 0 0 0 0 m1^2 

0
2 224
2 224
-1 0 0 -1 0 1 1 1 0 -m1^2+mm^2-t 
0 -1 0 0 0 1 1 1 -1 -2*m1^2+mm^2 
0 0 -1 -1 1 1 1 1 -1 s-2*m1^2+mm^2 
0 0 0 1 0 0 0 0 0 0 
0 0 0 0 1 0 0 0 0 0 
0 0 0 0 0 0 0 1 0 0 
0 0 0 0 0 0 1 0 0 0 
0 0 0 0 0 1 0 0 0 0 
0 0 0 0 0 0 0 0 1 0 

0
2 224
2 224
0 0 0 1 0 0 0 0 0 m1^2 
0 0 0 0 0 0 0 0 1 -m1^2 
0 0 0 1 -1 0 0 0 1 s-m1^2 
-1 0 0 -1 0 1 1 1 0 -2*m1^2+mm^2-t 
-1 -1 1 0 -1 1 1 1 0 -2*m1^2+mm^2-t 
0 0 0 0 0 0 0 1 0 0 
0 0 0 0 0 1 0 0 0 0 
0 0 0 0 0 0 1 0 0 0 
0 -1 0 0 0 1 1 1 -1 -m1^2+mm^2 

0
2 225
2 225
1 0 0 0 0 0 0 0 0 0 
0 1 0 0 0 0 0 0 0 0 
0 0 1 0 0 0 0 0 0 0 
-1 0 0 -1 0 1 1 1 0 -2*m1^2+mm^2-t 
-1 -1 1 0 -1 1 1 1 0 -2*m1^2+mm^2-t 
0 0 0 0 0 0 1 0 0 0 
0 0 0 0 0 1 0 0 0 0 
0 0 0 0 0 0 0 1 0 0 
0 -1 0 0 0 1 1 1 -1 -m1^2+mm^2 

0
2 226
2 226
1 0 0 0 0 0 0 0 0 0 
0 1 0 0 0 0 0 0 0 0 
0 0 1 0 0 0 0 0 0 0 
-1 0 0 -1 0 1 1 1 0 -2*m1^2+mm^2-t 
-1 -1 1 0 -1 1 1 1 0 -2*m1^2+mm^2-t 
0 0 0 0 0 0 1 0 0 0 
0 0 0 0 0 1 0 0 0 0 
0 0 0 0 0 0 0 1 0 0 
0 -1 0 0 0 1 1 1 -1 -m1^2+mm^2 

0
2 227
2 227
1 0 0 0 0 0 0 0 0 0 
0 1 0 0 0 0 0 0 0 0 
0 0 1 0 0 0 0 0 0 0 
-1 0 0 -1 0 1 1 1 0 -2*m1^2+mm^2-t 
-1 -1 1 0 -1 1 1 1 0 -2*m1^2+mm^2-t 
0 0 0 0 0 0 1 0 0 0 
0 0 0 0 0 1 0 0 0 0 
0 0 0 0 0 0 0 1 0 0 
0 -1 0 0 0 1 1 1 -1 -m1^2+mm^2 

0
2 228
2 228
1 0 0 0 0 0 0 0 0 0 
0 1 0 0 0 0 0 0 0 0 
0 0 1 0 0 0 0 0 0 0 
-1 0 0 -1 0 1 1 1 0 -2*m1^2+mm^2-t 
-1 -1 1 0 -1 1 1 1 0 -2*m1^2+mm^2-t 
0 0 0 0 0 0 1 0 0 0 
0 0 0 0 0 1 0 0 0 0 
0 0 0 0 0 0 0 1 0 0 
0 -1 0 0 0 1 1 1 -1 -m1^2+mm^2 

0
2 229
2 229
1 0 0 0 0 0 0 0 0 0 
0 1 0 0 0 0 0 0 0 0 
0 0 1 0 0 0 0 0 0 0 
-1 0 0 -1 0 1 1 1 0 -2*m1^2+mm^2-t 
-1 -1 1 0 -1 1 1 1 0 -2*m1^2+mm^2-t 
0 0 0 0 0 0 1 0 0 0 
0 0 0 0 0 1 0 0 0 0 
0 0 0 0 0 0 0 1 0 0 
0 -1 0 0 0 1 1 1 -1 -m1^2+mm^2 

0
2 230
2 230
1 0 0 0 0 0 0 0 0 0 
0 1 0 0 0 0 0 0 0 0 
0 0 1 0 0 0 0 0 0 0 
-1 0 0 -1 0 1 1 1 0 -2*m1^2+mm^2-t 
-1 -1 1 0 -1 1 1 1 0 -2*m1^2+mm^2-t 
0 0 0 0 0 0 1 0 0 0 
0 0 0 0 0 1 0 0 0 0 
0 0 0 0 0 0 0 1 0 0 
0 -1 0 0 0 1 1 1 -1 -m1^2+mm^2 

0
2 231
2 231
1 0 0 0 0 0 0 0 0 0 
0 1 0 0 0 0 0 0 0 0 
0 0 1 0 0 0 0 0 0 0 
-1 0 0 -1 0 1 1 1 0 -2*m1^2+mm^2-t 
-1 -1 1 0 -1 1 1 1 0 -2*m1^2+mm^2-t 
0 0 0 0 0 0 1 0 0 0 
0 0 0 0 0 1 0 0 0 0 
0 0 0 0 0 0 0 1 0 0 
0 -1 0 0 0 1 1 1 -1 -m1^2+mm^2 

0
2 232
2 232
-1 0 0 -1 0 1 1 1 0 -m1^2+mm^2-t 
0 -1 0 0 0 1 1 1 -1 -2*m1^2+mm^2 
0 0 -1 -1 1 1 1 1 -1 s-2*m1^2+mm^2 
0 0 0 1 0 0 0 0 0 0 
0 0 0 0 1 0 0 0 0 0 
0 0 0 0 0 0 0 1 0 0 
0 0 0 0 0 0 1 0 0 0 
0 0 0 0 0 1 0 0 0 0 
0 0 0 0 0 0 0 0 1 0 

0
2 240
2 240
-1 0 0 -1 0 1 1 1 0 -m1^2+mm^2-t 
0 -1 0 0 0 1 1 1 -1 -2*m1^2+mm^2 
0 0 -1 -1 1 1 1 1 -1 s-2*m1^2+mm^2 
0 0 0 1 0 0 0 0 0 0 
0 0 0 0 1 0 0 0 0 0 
0 0 0 0 0 0 0 1 0 0 
0 0 0 0 0 0 1 0 0 0 
0 0 0 0 0 1 0 0 0 0 
0 0 0 0 0 0 0 0 1 0 

0
2 248
2 248
-1 0 0 -1 0 1 1 1 0 -m1^2+mm^2-t 
0 -1 0 0 0 1 1 1 -1 -2*m1^2+mm^2 
0 0 -1 -1 1 1 1 1 -1 s-2*m1^2+mm^2 
0 0 0 1 0 0 0 0 0 0 
0 0 0 0 1 0 0 0 0 0 
0 0 0 0 0 0 0 1 0 0 
0 0 0 0 0 0 1 0 0 0 
0 0 0 0 0 1 0 0 0 0 
0 0 0 0 0 0 0 0 1 0 

0
2 287
2 287
0 0 0 0 0 0 0 0 1 0 
0 0 0 1 0 0 0 0 0 0 
0 0 0 0 1 0 0 0 0 0 
0 1 0 0 0 0 0 0 0 0 
0 0 1 0 0 0 0 0 0 0 
0 0 0 0 0 1 0 0 0 0 
1 1 0 0 0 0 0 -1 0 m1^2-mm^2+t 
0 0 0 1 0 0 -1 0 1 m1^2-mm^2+t 
1 0 0 0 0 0 0 0 0 0 

1
2 287
2 287
1 0 0 0 0 0 0 0 0 0 
0 1 0 0 0 0 0 0 0 0 
0 0 1 0 0 0 0 0 0 0 
0 0 0 0 1 0 0 0 0 0 
0 0 0 1 0 0 0 0 0 0 
0 0 0 0 0 1 0 0 0 0 
0 0 0 0 0 1 0 0 0 0 
0 0 0 0 0 1 0 0 0 0 
0 0 0 0 0 0 0 0 1 0 

1
2 287
2 287
1 0 0 0 0 0 0 0 0 0 
0 0 1 0 0 0 0 0 0 0 
0 1 0 0 0 0 0 0 0 0 
0 0 0 1 0 0 0 0 0 0 
0 0 0 0 1 0 0 0 0 0 
0 0 0 0 0 1 0 0 0 0 
0 0 0 0 0 1 0 0 0 0 
0 0 0 0 0 1 0 0 0 0 
0 0 0 0 0 0 0 0 1 0 

1
2 287
2 287
1 0 0 0 0 0 0 0 0 0 
0 0 1 0 0 0 0 0 0 0 
0 1 0 0 0 0 0 0 0 0 
0 0 0 0 1 0 0 0 0 0 
0 0 0 1 0 0 0 0 0 0 
0 0 0 0 0 1 0 0 0 0 
0 0 0 0 0 1 0 0 0 0 
0 0 0 0 0 1 0 0 0 0 
0 0 0 0 0 0 0 0 1 0 

1
2 287
2 287
0 0 0 0 0 0 0 0 1 0 
0 0 0 1 0 0 0 0 0 0 
0 0 0 0 1 0 0 0 0 0 
0 0 1 0 0 0 0 0 0 0 
0 1 0 0 0 0 0 0 0 0 
0 0 0 0 0 1 0 0 0 0 
0 0 0 0 0 1 0 0 0 0 
0 0 0 0 0 1 0 0 0 0 
1 0 0 0 0 0 0 0 0 0 

1
2 287
2 287
0 0 0 0 0 0 0 0 1 0 
0 0 0 0 1 0 0 0 0 0 
0 0 0 1 0 0 0 0 0 0 
0 1 0 0 0 0 0 0 0 0 
0 0 1 0 0 0 0 0 0 0 
0 0 0 0 0 1 0 0 0 0 
0 0 0 0 0 1 0 0 0 0 
0 0 0 0 0 1 0 0 0 0 
1 0 0 0 0 0 0 0 0 0 

1
2 287
2 287
0 0 0 0 0 0 0 0 1 0 
0 0 0 0 1 0 0 0 0 0 
0 0 0 1 0 0 0 0 0 0 
0 0 1 0 0 0 0 0 0 0 
0 1 0 0 0 0 0 0 0 0 
0 0 0 0 0 1 0 0 0 0 
0 0 0 0 0 1 0 0 0 0 
0 0 0 0 0 1 0 0 0 0 
1 0 0 0 0 0 0 0 0 0 

0
2 291
2 291
1 0 0 0 0 0 0 0 0 0 
0 1 0 0 0 0 0 0 0 0 
0 0 1 0 0 0 0 0 0 0 
-1 1 0 -1 0 1 0 0 1 -m1^2+mm^2 
-1 0 1 0 -1 1 0 0 1 -m1^2+mm^2 
0 0 0 0 0 0 0 0 1 0 
0 1 0 0 0 1 -1 -1 1 m1^2-mm^2+2*t 
0 0 0 0 0 0 0 1 0 0 
0 0 0 0 0 1 0 0 0 0 

0
2 295
2 295
1 0 0 0 0 0 0 0 0 0 
0 1 0 0 0 0 0 0 0 0 
0 0 1 0 0 0 0 0 0 0 
-1 1 0 -1 0 1 0 0 1 -m1^2+mm^2 
-1 0 1 0 -1 1 0 0 1 -m1^2+mm^2 
0 0 0 0 0 0 0 0 1 0 
0 1 0 0 0 1 -1 -1 1 m1^2-mm^2+2*t 
0 0 0 0 0 0 0 1 0 0 
0 0 0 0 0 1 0 0 0 0 

1
2 295
2 295
1 0 0 0 0 0 0 0 0 0 
0 0 1 0 0 0 0 0 0 0 
0 1 0 0 0 0 0 0 0 0 
0 0 0 1 0 0 0 0 0 0 
0 0 0 1 0 0 0 0 0 0 
0 0 0 0 0 1 0 0 0 0 
0 0 0 1 0 0 0 0 0 0 
0 0 0 1 0 0 0 0 0 0 
0 0 0 0 0 0 0 0 1 0 

1
2 295
2 295
1 0 0 0 0 0 0 0 0 0 
0 0 1 0 0 0 0 0 0 0 
0 1 0 0 0 0 0 0 0 0 
0 0 0 1 0 0 0 0 0 0 
0 0 0 1 0 0 0 0 0 0 
0 0 0 0 0 0 0 0 1 0 
0 0 0 1 0 0 0 0 0 0 
0 0 0 1 0 0 0 0 0 0 
0 0 0 0 0 1 0 0 0 0 

0
2 299
2 299
0 0 0 0 0 0 0 0 1 0 
0 0 0 1 0 0 0 0 0 0 
0 0 0 0 1 0 0 0 0 0 
0 1 0 0 0 0 0 0 0 0 
0 0 1 0 0 0 0 0 0 0 
0 0 0 0 0 1 0 0 0 0 
1 1 0 0 0 0 0 -1 0 m1^2-mm^2+t 
0 0 0 1 0 0 -1 0 1 m1^2-mm^2+t 
1 0 0 0 0 0 0 0 0 0 

1
2 301
2 301
0 0 0 0 0 0 0 0 1 0 
0 1 0 0 0 0 0 0 0 0 
0 0 0 1 0 0 0 0 0 0 
0 0 1 0 0 0 0 0 0 0 
0 1 0 0 0 0 0 0 0 0 
0 0 0 0 0 1 0 0 0 0 
0 1 0 0 0 0 0 0 0 0 
0 1 0 0 0 0 0 0 0 0 
1 0 0 0 0 0 0 0 0 0 

0
2 319
2 319
0 0 0 0 0 0 0 0 1 0 
0 0 0 1 0 0 0 0 0 0 
0 0 0 0 1 0 0 0 0 0 
0 1 0 0 0 0 0 0 0 0 
0 0 1 0 0 0 0 0 0 0 
0 0 0 0 0 1 0 0 0 0 
1 1 0 0 0 0 0 -1 0 m1^2-mm^2+t 
0 0 0 1 0 0 -1 0 1 m1^2-mm^2+t 
1 0 0 0 0 0 0 0 0 0 

1
2 319
2 319
1 0 0 0 0 0 0 0 0 0 
0 0 1 0 0 0 0 0 0 0 
0 1 0 0 0 0 0 0 0 0 
0 0 0 0 1 0 0 0 0 0 
0 0 0 1 0 0 0 0 0 0 
0 0 0 0 0 1 0 0 0 0 
0 0 0 0 0 0 1 0 0 0 
0 0 0 0 0 0 1 0 0 0 
0 0 0 0 0 0 0 0 1 0 

1
2 319
2 319
0 0 0 0 0 0 0 0 1 0 
0 0 0 0 1 0 0 0 0 0 
0 0 0 1 0 0 0 0 0 0 
0 0 1 0 0 0 0 0 0 0 
0 1 0 0 0 0 0 0 0 0 
0 0 0 0 0 1 0 0 0 0 
0 0 0 0 0 0 1 0 0 0 
0 0 0 0 0 0 1 0 0 0 
1 0 0 0 0 0 0 0 0 0 

0
2 350
2 350
-1 1 1 0 0 0 0 0 0 -s+2*m1^2+2*mm^2 
0 0 1 0 0 0 0 0 0 0 
0 1 0 0 0 0 0 0 0 0 
0 0 0 1 0 0 0 0 0 0 
0 0 0 0 1 0 0 0 0 0 
0 1 1 1 1 -1 0 0 0 -s+4*m1^2 
0 0 0 0 0 0 1 0 0 0 
0 1 1 0 0 0 0 -1 0 2*m1^2+2*t 
0 0 0 0 0 0 0 0 1 0 

1
2 350
2 350
1 0 0 0 0 0 0 0 0 0 
0 1 0 0 0 0 0 0 0 0 
0 0 1 0 0 0 0 0 0 0 
0 0 0 0 1 0 0 0 0 0 
0 0 0 1 0 0 0 0 0 0 
1 0 0 0 0 0 0 0 0 0 
0 0 0 0 0 0 1 0 0 0 
1 0 0 0 0 0 0 0 0 0 
0 0 0 0 0 0 0 0 1 0 

1
2 350
2 350
1 0 0 0 0 0 0 0 0 0 
0 0 1 0 0 0 0 0 0 0 
0 1 0 0 0 0 0 0 0 0 
0 0 0 0 1 0 0 0 0 0 
0 0 0 1 0 0 0 0 0 0 
1 0 0 0 0 0 0 0 0 0 
0 0 0 0 0 0 1 0 0 0 
1 0 0 0 0 0 0 0 0 0 
0 0 0 0 0 0 0 0 1 0 

1
2 351
2 351
1 0 0 0 0 0 0 0 0 0 
0 1 0 0 0 0 0 0 0 0 
0 0 1 0 0 0 0 0 0 0 
0 0 0 0 1 0 0 0 0 0 
0 0 0 1 0 0 0 0 0 0 
0 0 0 0 0 1 0 0 0 0 
0 0 0 0 0 0 1 0 0 0 
0 0 0 0 0 1 0 0 0 0 
0 0 0 0 0 0 0 0 1 0 

1
2 351
2 351
1 0 0 0 0 0 0 0 0 0 
0 0 1 0 0 0 0 0 0 0 
0 1 0 0 0 0 0 0 0 0 
0 0 0 1 0 0 0 0 0 0 
0 0 0 0 1 0 0 0 0 0 
0 0 0 0 0 1 0 0 0 0 
0 0 0 0 0 0 1 0 0 0 
0 0 0 0 0 1 0 0 0 0 
0 0 0 0 0 0 0 0 1 0 

1
2 351
2 351
1 0 0 0 0 0 0 0 0 0 
0 0 1 0 0 0 0 0 0 0 
0 1 0 0 0 0 0 0 0 0 
0 0 0 0 1 0 0 0 0 0 
0 0 0 1 0 0 0 0 0 0 
0 0 0 0 0 1 0 0 0 0 
0 0 0 0 0 0 1 0 0 0 
0 0 0 0 0 1 0 0 0 0 
0 0 0 0 0 0 0 0 1 0 

0
2 353
2 353
0 0 0 0 0 1 0 0 0 0 
1 -1 0 1 0 1 0 0 -1 -m1^2+mm^2 
1 0 -1 0 1 1 0 0 -1 -m1^2+mm^2 
0 0 0 1 0 0 0 0 0 0 
0 0 0 0 1 0 0 0 0 0 
1 0 0 0 0 0 0 0 0 0 
0 0 0 0 0 0 1 0 0 0 
1 0 0 1 0 1 -1 -1 0 m1^2-mm^2+t 
0 0 0 0 0 0 0 0 1 0 

1
2 358
2 358
1 0 0 0 0 0 0 0 0 0 
0 0 1 0 0 0 0 0 0 0 
0 1 0 0 0 0 0 0 0 0 
1 0 0 0 0 0 0 0 0 0 
1 0 0 0 0 0 0 0 0 0 
0 0 0 0 0 1 0 0 0 0 
0 0 0 0 0 0 1 0 0 0 
1 0 0 0 0 0 0 0 0 0 
0 0 0 0 0 0 0 0 1 0 

1
2 359
2 359
1 0 0 0 0 0 0 0 0 0 
0 0 1 0 0 0 0 0 0 0 
0 1 0 0 0 0 0 0 0 0 
0 0 0 1 0 0 0 0 0 0 
0 0 0 1 0 0 0 0 0 0 
0 0 0 0 0 1 0 0 0 0 
0 0 0 0 0 0 1 0 0 0 
0 0 0 1 0 0 0 0 0 0 
0 0 0 0 0 0 0 0 1 0 

0
2 361
2 361
0 0 0 0 0 1 0 0 0 0 
1 -1 0 1 0 1 0 0 -1 -m1^2+mm^2 
1 0 -1 0 1 1 0 0 -1 -m1^2+mm^2 
0 0 0 1 0 0 0 0 0 0 
0 0 0 0 1 0 0 0 0 0 
1 0 0 0 0 0 0 0 0 0 
0 0 0 0 0 0 1 0 0 0 
1 0 0 1 0 1 -1 -1 0 m1^2-mm^2+t 
0 0 0 0 0 0 0 0 1 0 

0
2 377
2 377
0 0 0 0 0 1 0 0 0 0 
1 -1 0 1 0 1 0 0 -1 -m1^2+mm^2 
1 0 -1 0 1 1 0 0 -1 -m1^2+mm^2 
0 0 0 1 0 0 0 0 0 0 
0 0 0 0 1 0 0 0 0 0 
1 0 0 0 0 0 0 0 0 0 
0 0 0 0 0 0 1 0 0 0 
1 0 0 1 0 1 -1 -1 0 m1^2-mm^2+t 
0 0 0 0 0 0 0 0 1 0 

1
2 377
2 377
1 0 0 0 0 0 0 0 0 0 
0 1 0 0 0 0 0 0 0 0 
0 1 0 0 0 0 0 0 0 0 
0 0 0 0 1 0 0 0 0 0 
0 0 0 1 0 0 0 0 0 0 
0 0 0 0 0 1 0 0 0 0 
0 0 0 0 0 0 1 0 0 0 
0 1 0 0 0 0 0 0 0 0 
0 0 0 0 0 0 0 0 1 0 

1
2 377
2 377
0 0 0 0 0 1 0 0 0 0 
0 1 0 0 0 0 0 0 0 0 
0 1 0 0 0 0 0 0 0 0 
0 0 0 0 1 0 0 0 0 0 
0 0 0 1 0 0 0 0 0 0 
1 0 0 0 0 0 0 0 0 0 
0 0 0 0 0 0 1 0 0 0 
0 1 0 0 0 0 0 0 0 0 
0 0 0 0 0 0 0 0 1 0 

1
2 382
2 382
1 0 0 0 0 0 0 0 0 0 
0 0 1 0 0 0 0 0 0 0 
0 1 0 0 0 0 0 0 0 0 
0 0 0 0 1 0 0 0 0 0 
0 0 0 1 0 0 0 0 0 0 
0 0 0 0 0 1 0 0 0 0 
0 0 0 0 0 0 1 0 0 0 
1 0 0 0 0 0 0 0 0 0 
0 0 0 0 0 0 0 0 1 0 

1
2 383
2 383
1 0 0 0 0 0 0 0 0 0 
0 0 1 0 0 0 0 0 0 0 
0 1 0 0 0 0 0 0 0 0 
0 0 0 0 1 0 0 0 0 0 
0 0 0 1 0 0 0 0 0 0 
0 0 0 0 0 1 0 0 0 0 
0 0 0 0 0 0 1 0 0 0 
0 0 0 0 0 0 0 1 0 0 
0 0 0 0 0 0 0 0 1 0 

1
2 410
2 410
1 0 0 0 0 0 0 0 0 0 
0 1 0 0 0 0 0 0 0 0 
1 0 0 0 0 0 0 0 0 0 
0 0 0 0 1 0 0 0 0 0 
0 0 0 1 0 0 0 0 0 0 
1 0 0 0 0 0 0 0 0 0 
1 0 0 0 0 0 0 0 0 0 
0 0 0 0 0 0 0 1 0 0 
0 0 0 0 0 0 0 0 1 0 

1
2 411
2 411
1 0 0 0 0 0 0 0 0 0 
0 1 0 0 0 0 0 0 0 0 
0 0 1 0 0 0 0 0 0 0 
0 0 0 0 1 0 0 0 0 0 
0 0 0 1 0 0 0 0 0 0 
0 0 1 0 0 0 0 0 0 0 
0 0 1 0 0 0 0 0 0 0 
0 0 0 0 0 0 0 1 0 0 
0 0 0 0 0 0 0 0 1 0 

1
2 412
2 412
1 0 0 0 0 0 0 0 0 0 
1 0 0 0 0 0 0 0 0 0 
0 0 1 0 0 0 0 0 0 0 
0 0 0 0 1 0 0 0 0 0 
0 0 0 1 0 0 0 0 0 0 
1 0 0 0 0 0 0 0 0 0 
1 0 0 0 0 0 0 0 0 0 
0 0 0 0 0 0 0 1 0 0 
0 0 0 0 0 0 0 0 1 0 

1
2 413
2 413
1 0 0 0 0 0 0 0 0 0 
0 1 0 0 0 0 0 0 0 0 
0 0 1 0 0 0 0 0 0 0 
0 0 0 0 1 0 0 0 0 0 
0 0 0 1 0 0 0 0 0 0 
0 1 0 0 0 0 0 0 0 0 
0 1 0 0 0 0 0 0 0 0 
0 0 0 0 0 0 0 1 0 0 
0 0 0 0 0 0 0 0 1 0 

1
2 414
2 414
1 0 0 0 0 0 0 0 0 0 
0 1 0 0 0 0 0 0 0 0 
0 0 1 0 0 0 0 0 0 0 
0 0 0 0 1 0 0 0 0 0 
0 0 0 1 0 0 0 0 0 0 
1 0 0 0 0 0 0 0 0 0 
1 0 0 0 0 0 0 0 0 0 
0 0 0 0 0 0 0 1 0 0 
0 0 0 0 0 0 0 0 1 0 

1
2 415
2 415
1 0 0 0 0 0 0 0 0 0 
0 1 0 0 0 0 0 0 0 0 
0 0 1 0 0 0 0 0 0 0 
0 0 0 0 1 0 0 0 0 0 
0 0 0 1 0 0 0 0 0 0 
0 0 0 0 0 1 0 0 0 0 
0 0 0 0 0 1 0 0 0 0 
0 0 0 0 0 0 0 1 0 0 
0 0 0 0 0 0 0 0 1 0 

0
2 418
2 418
1 0 0 0 0 0 0 0 0 0 
0 1 0 0 0 0 0 0 0 0 
0 0 1 0 0 0 0 0 0 0 
-1 1 0 -1 0 1 0 0 1 -m1^2+mm^2 
-1 0 1 0 -1 1 0 0 1 -m1^2+mm^2 
0 0 0 0 0 0 0 0 1 0 
0 1 0 0 0 1 -1 -1 1 m1^2-mm^2+2*t 
0 0 0 0 0 0 0 1 0 0 
0 0 0 0 0 1 0 0 0 0 

0
2 419
2 419
1 0 0 0 0 0 0 0 0 0 
0 1 0 0 0 0 0 0 0 0 
0 0 1 0 0 0 0 0 0 0 
-1 1 0 -1 0 1 0 0 1 -m1^2+mm^2 
-1 0 1 0 -1 1 0 0 1 -m1^2+mm^2 
0 0 0 0 0 0 0 0 1 0 
0 1 0 0 0 1 -1 -1 1 m1^2-mm^2+2*t 
0 0 0 0 0 0 0 1 0 0 
0 0 0 0 0 1 0 0 0 0 

0
2 420
2 420
1 0 0 0 0 0 0 0 0 0 
0 1 0 0 0 0 0 0 0 0 
0 0 1 0 0 0 0 0 0 0 
-1 1 0 -1 0 1 0 0 1 -m1^2+mm^2 
-1 0 1 0 -1 1 0 0 1 -m1^2+mm^2 
0 0 0 0 0 0 0 0 1 0 
0 1 0 0 0 1 -1 -1 1 m1^2-mm^2+2*t 
0 0 0 0 0 0 0 1 0 0 
0 0 0 0 0 1 0 0 0 0 

0
2 421
2 421
1 0 0 0 0 0 0 0 0 0 
0 1 0 0 0 0 0 0 0 0 
0 0 1 0 0 0 0 0 0 0 
-1 1 0 -1 0 1 0 0 1 -m1^2+mm^2 
-1 0 1 0 -1 1 0 0 1 -m1^2+mm^2 
0 0 0 0 0 0 0 0 1 0 
0 1 0 0 0 1 -1 -1 1 m1^2-mm^2+2*t 
0 0 0 0 0 0 0 1 0 0 
0 0 0 0 0 1 0 0 0 0 

0
2 422
2 422
1 0 0 0 0 0 0 0 0 0 
0 1 0 0 0 0 0 0 0 0 
0 0 1 0 0 0 0 0 0 0 
-1 1 0 -1 0 1 0 0 1 -m1^2+mm^2 
-1 0 1 0 -1 1 0 0 1 -m1^2+mm^2 
0 0 0 0 0 0 0 0 1 0 
0 1 0 0 0 1 -1 -1 1 m1^2-mm^2+2*t 
0 0 0 0 0 0 0 1 0 0 
0 0 0 0 0 1 0 0 0 0 

0
2 423
2 423
1 0 0 0 0 0 0 0 0 0 
0 1 0 0 0 0 0 0 0 0 
0 0 1 0 0 0 0 0 0 0 
-1 1 0 -1 0 1 0 0 1 -m1^2+mm^2 
-1 0 1 0 -1 1 0 0 1 -m1^2+mm^2 
0 0 0 0 0 0 0 0 1 0 
0 1 0 0 0 1 -1 -1 1 m1^2-mm^2+2*t 
0 0 0 0 0 0 0 1 0 0 
0 0 0 0 0 1 0 0 0 0 

0
2 424
2 424
-1 0 0 -1 0 1 1 1 0 -m1^2+mm^2-t 
0 -1 0 0 0 1 1 1 -1 -2*m1^2+mm^2 
0 0 -1 -1 1 1 1 1 -1 s-2*m1^2+mm^2 
0 0 0 1 0 0 0 0 0 0 
0 0 0 0 1 0 0 0 0 0 
0 0 0 0 0 0 0 1 0 0 
0 0 0 0 0 0 1 0 0 0 
0 0 0 0 0 1 0 0 0 0 
0 0 0 0 0 0 0 0 1 0 

0
2 432
2 432
-1 0 0 -1 0 1 1 1 0 -m1^2+mm^2-t 
0 -1 0 0 0 1 1 1 -1 -2*m1^2+mm^2 
0 0 -1 -1 1 1 1 1 -1 s-2*m1^2+mm^2 
0 0 0 1 0 0 0 0 0 0 
0 0 0 0 1 0 0 0 0 0 
0 0 0 0 0 0 0 1 0 0 
0 0 0 0 0 0 1 0 0 0 
0 0 0 0 0 1 0 0 0 0 
0 0 0 0 0 0 0 0 1 0 

0
2 440
2 440
-1 0 0 -1 0 1 1 1 0 -m1^2+mm^2-t 
0 -1 0 0 0 1 1 1 -1 -2*m1^2+mm^2 
0 0 -1 -1 1 1 1 1 -1 s-2*m1^2+mm^2 
0 0 0 1 0 0 0 0 0 0 
0 0 0 0 1 0 0 0 0 0 
0 0 0 0 0 0 0 1 0 0 
0 0 0 0 0 0 1 0 0 0 
0 0 0 0 0 1 0 0 0 0 
0 0 0 0 0 0 0 0 1 0 

0
2 450
2 450
1 0 0 0 0 0 0 0 0 0 
0 1 0 0 0 0 0 0 0 0 
0 0 1 0 0 0 0 0 0 0 
0 0 0 -1 0 0 1 0 1 -2*m1^2+mm^2-t 
0 0 0 0 -1 0 1 0 1 -2*m1^2+mm^2-t 
2 1 0 0 0 -1 1 -1 1 m1^2-mm^2 
0 0 0 0 0 0 0 0 1 0 
0 0 0 0 0 0 0 1 0 0 
0 0 0 0 0 0 1 0 0 0 

0
2 451
2 451
1 0 0 0 0 0 0 0 0 0 
0 1 0 0 0 0 0 0 0 0 
0 0 1 0 0 0 0 0 0 0 
0 0 0 -1 0 0 1 0 1 -2*m1^2+mm^2-t 
0 0 0 0 -1 0 1 0 1 -2*m1^2+mm^2-t 
2 1 0 0 0 -1 1 -1 1 m1^2-mm^2 
0 0 0 0 0 0 0 0 1 0 
0 0 0 0 0 0 0 1 0 0 
0 0 0 0 0 0 1 0 0 0 

0
2 452
2 452
1 0 0 0 0 0 0 0 0 0 
0 1 0 0 0 0 0 0 0 0 
0 0 1 0 0 0 0 0 0 0 
0 0 0 -1 0 0 1 0 1 -2*m1^2+mm^2-t 
0 0 0 0 -1 0 1 0 1 -2*m1^2+mm^2-t 
2 1 0 0 0 -1 1 -1 1 m1^2-mm^2 
0 0 0 0 0 0 0 0 1 0 
0 0 0 0 0 0 0 1 0 0 
0 0 0 0 0 0 1 0 0 0 

0
2 453
2 453
1 0 0 0 0 0 0 0 0 0 
0 1 0 0 0 0 0 0 0 0 
0 0 1 0 0 0 0 0 0 0 
0 0 0 -1 0 0 1 0 1 -2*m1^2+mm^2-t 
0 0 0 0 -1 0 1 0 1 -2*m1^2+mm^2-t 
2 1 0 0 0 -1 1 -1 1 m1^2-mm^2 
0 0 0 0 0 0 0 0 1 0 
0 0 0 0 0 0 0 1 0 0 
0 0 0 0 0 0 1 0 0 0 

0
2 454
2 454
1 0 0 0 0 0 0 0 0 0 
0 1 0 0 0 0 0 0 0 0 
0 0 1 0 0 0 0 0 0 0 
0 0 0 -1 0 0 1 0 1 -2*m1^2+mm^2-t 
0 0 0 0 -1 0 1 0 1 -2*m1^2+mm^2-t 
2 1 0 0 0 -1 1 -1 1 m1^2-mm^2 
0 0 0 0 0 0 0 0 1 0 
0 0 0 0 0 0 0 1 0 0 
0 0 0 0 0 0 1 0 0 0 

0
2 455
2 455
1 0 0 0 0 0 0 0 0 0 
0 1 0 0 0 0 0 0 0 0 
0 0 1 0 0 0 0 0 0 0 
0 0 0 -1 0 0 1 0 1 -2*m1^2+mm^2-t 
0 0 0 0 -1 0 1 0 1 -2*m1^2+mm^2-t 
2 1 0 0 0 -1 1 -1 1 m1^2-mm^2 
0 0 0 0 0 0 0 0 1 0 
0 0 0 0 0 0 0 1 0 0 
0 0 0 0 0 0 1 0 0 0 

1
2 474
2 474
1 0 0 0 0 0 0 0 0 0 
0 1 0 0 0 0 0 0 0 0 
1 0 0 0 0 0 0 0 0 0 
0 0 0 0 1 0 0 0 0 0 
0 0 0 1 0 0 0 0 0 0 
1 0 0 0 0 0 0 0 0 0 
0 0 0 0 0 0 1 0 0 0 
0 0 0 0 0 0 0 1 0 0 
0 0 0 0 0 0 0 0 1 0 

1
2 475
2 475
1 0 0 0 0 0 0 0 0 0 
0 1 0 0 0 0 0 0 0 0 
0 0 1 0 0 0 0 0 0 0 
0 0 0 0 1 0 0 0 0 0 
0 0 0 1 0 0 0 0 0 0 
0 0 1 0 0 0 0 0 0 0 
0 0 0 0 0 0 1 0 0 0 
0 0 0 0 0 0 0 1 0 0 
0 0 0 0 0 0 0 0 1 0 

1
2 476
2 476
1 0 0 0 0 0 0 0 0 0 
1 0 0 0 0 0 0 0 0 0 
0 0 1 0 0 0 0 0 0 0 
0 0 0 0 1 0 0 0 0 0 
0 0 0 1 0 0 0 0 0 0 
1 0 0 0 0 0 0 0 0 0 
0 0 0 0 0 0 1 0 0 0 
0 0 0 0 0 0 0 1 0 0 
0 0 0 0 0 0 0 0 1 0 

1
2 477
2 477
1 0 0 0 0 0 0 0 0 0 
0 1 0 0 0 0 0 0 0 0 
0 0 1 0 0 0 0 0 0 0 
0 0 0 0 1 0 0 0 0 0 
0 0 0 1 0 0 0 0 0 0 
0 1 0 0 0 0 0 0 0 0 
0 0 0 0 0 0 1 0 0 0 
0 0 0 0 0 0 0 1 0 0 
0 0 0 0 0 0 0 0 1 0 

1
2 478
2 478
1 0 0 0 0 0 0 0 0 0 
0 1 0 0 0 0 0 0 0 0 
0 0 1 0 0 0 0 0 0 0 
0 0 0 0 1 0 0 0 0 0 
0 0 0 1 0 0 0 0 0 0 
1 0 0 0 0 0 0 0 0 0 
0 0 0 0 0 0 1 0 0 0 
0 0 0 0 0 0 0 1 0 0 
0 0 0 0 0 0 0 0 1 0 

1
2 479
2 479
1 0 0 0 0 0 0 0 0 0 
0 1 0 0 0 0 0 0 0 0 
0 0 1 0 0 0 0 0 0 0 
0 0 0 0 1 0 0 0 0 0 
0 0 0 1 0 0 0 0 0 0 
0 0 0 0 0 1 0 0 0 0 
0 0 0 0 0 0 1 0 0 0 
0 0 0 0 0 0 0 1 0 0 
0 0 0 0 0 0 0 0 1 0 

0
2 480
2 480
-1 0 0 -1 0 1 1 1 0 -m1^2+mm^2-t 
0 -1 0 0 0 1 1 1 -1 -2*m1^2+mm^2 
0 0 -1 -1 1 1 1 1 -1 s-2*m1^2+mm^2 
0 0 0 1 0 0 0 0 0 0 
0 0 0 0 1 0 0 0 0 0 
0 0 0 0 0 0 0 1 0 0 
0 0 0 0 0 0 1 0 0 0 
0 0 0 0 0 1 0 0 0 0 
0 0 0 0 0 0 0 0 1 0 

0
2 488
2 488
-1 0 0 -1 0 1 1 1 0 -m1^2+mm^2-t 
0 -1 0 0 0 1 1 1 -1 -2*m1^2+mm^2 
0 0 -1 -1 1 1 1 1 -1 s-2*m1^2+mm^2 
0 0 0 1 0 0 0 0 0 0 
0 0 0 0 1 0 0 0 0 0 
0 0 0 0 0 0 0 1 0 0 
0 0 0 0 0 0 1 0 0 0 
0 0 0 0 0 1 0 0 0 0 
0 0 0 0 0 0 0 0 1 0 

0
2 496
2 496
-1 0 0 -1 0 1 1 1 0 -m1^2+mm^2-t 
0 -1 0 0 0 1 1 1 -1 -2*m1^2+mm^2 
0 0 -1 -1 1 1 1 1 -1 s-2*m1^2+mm^2 
0 0 0 1 0 0 0 0 0 0 
0 0 0 0 1 0 0 0 0 0 
0 0 0 0 0 0 0 1 0 0 
0 0 0 0 0 0 1 0 0 0 
0 0 0 0 0 1 0 0 0 0 
0 0 0 0 0 0 0 0 1 0 

0
2 504
2 504
-1 0 0 -1 0 1 1 1 0 -m1^2+mm^2-t 
0 -1 0 0 0 1 1 1 -1 -2*m1^2+mm^2 
0 0 -1 -1 1 1 1 1 -1 s-2*m1^2+mm^2 
0 0 0 1 0 0 0 0 0 0 
0 0 0 0 1 0 0 0 0 0 
0 0 0 0 0 0 0 1 0 0 
0 0 0 0 0 0 1 0 0 0 
0 0 0 0 0 1 0 0 0 0 
0 0 0 0 0 0 0 0 1 0 

