0
13 2
1 8
1 -1 0 1 m1^2-t+mmv^2 
0 0 0 1 0 
0 -1 1 1 s-m2^2+m1^2 
0 0 1 0 -m3^2 

0
13 3
3 3
0 1 0 0 0 
1 0 0 0 0 
1 1 -1 0 s-m2^2+m1^2 
1 1 0 -1 -m3^2-s+m1^2-t+3*mmv^2 

0
13 4
5 4
1 0 0 0 0 
0 1 0 0 0 
0 0 1 0 0 
0 0 0 1 -m3^2 

0
13 5
5 5
1 0 0 0 0 
0 1 0 0 0 
0 0 1 0 0 
0 0 0 1 -m3^2 

0
13 6
5 6
1 0 0 0 0 
0 1 0 0 0 
0 0 1 0 0 
0 0 0 1 -m3^2 

0
13 7
5 7
1 0 0 0 0 
0 1 0 0 0 
0 0 1 0 0 
0 0 0 1 -m3^2 

0
13 8
12 8
1 -1 -1 2 2*m3^2-s-m2^2-m1^2-2*t+4*mmv^2 
0 0 -1 2 2*m3^2-m2^2-m1^2+2*mmv^2 
0 -1 0 2 2*m3^2-m2^2-m1^2+2*mmv^2 
0 0 0 1 0 

1
13 10
12 10
1 0 0 0 0 
0 1 0 0 0 
1 0 0 0 0 
0 0 0 1 0 

1
13 12
12 12
1 0 0 0 0 
1 0 0 0 0 
0 0 1 0 0 
0 0 0 1 0 

1
13 14
12 14
1 0 0 0 0 
0 1 0 0 0 
0 0 1 0 0 
0 0 0 1 0 

