D63[-1, 0, 1, 1, 1, 1, 0]
D63[-1, 1, 1, 1, 0, 1, 0]
D63[-1, 1, 1, 1, 1, 1, 0]
D63[0, 0, 0, 1, 1, 1, 0]
D63[0, 0, 1, 0, 1, 1, 0]
D63[0, 0, 1, 1, 1, 1, 0]
D63[0, 1, 0, 1, 0, 1, 0]
D63[0, 1, 0, 1, 1, 1, -1]
D63[0, 1, 0, 1, 1, 1, 0]
D63[0, 1, 1, 0, 1, 1, -1]
D63[0, 1, 1, 0, 1, 1, 0]
D63[0, 1, 1, 1, 0, 1, 0]
D63[0, 1, 1, 1, 1, 0, 0]
D63[0, 1, 1, 1, 1, 1, -1]
D63[0, 1, 1, 1, 1, 1, 0]
D63[1, 0, -1, 1, 1, 1, 0]
D63[1, 0, 0, 0, 1, 1, 0]
D63[1, 0, 0, 1, 1, 1, 0]
D63[1, 0, 1, -1, 1, 1, 0]
D63[1, 0, 1, 0, 1, 1, 0]
D63[1, 0, 1, 1, 1, 1, 0]
D63[1, 1, -1, 1, 0, 1, 0]
D63[1, 1, -1, 1, 1, 1, -1]
D63[1, 1, -1, 1, 1, 1, 0]
D63[1, 1, 0, 0, 0, 1, 0]
D63[1, 1, 0, 0, 1, 1, -1]
D63[1, 1, 0, 0, 1, 1, 0]
D63[1, 1, 0, 1, 0, 1, 0]
D63[1, 1, 0, 1, 1, 0, 0]
D63[1, 1, 0, 1, 1, 1, -1]
D63[1, 1, 0, 1, 1, 1, 0]
D63[1, 1, 1, -1, 1, 1, 0]
D63[1, 1, 1, 0, 1, 0, 0]
D63[1, 1, 1, 0, 1, 1, -1]
D63[1, 1, 1, 0, 1, 1, 0]
D63[1, 1, 1, 1, 0, 1, 0]
D63[1, 1, 1, 1, 1, 0, 0]
D63[1, 1, 1, 1, 1, 1, -1]
D63[1, 1, 1, 1, 1, 1, 0]
D63[-1, 0, 1, 1, 1, 1, 0]
D63[-1, 1, 1, 1, 0, 1, 0]
D63[-1, 1, 1, 1, 1, 1, 0]
D63[0, 0, 0, 1, 1, 1, 0]
D63[0, 0, 1, 0, 1, 1, 0]
D63[0, 0, 1, 1, 1, 1, 0]
D63[0, 1, 0, 1, 0, 1, 0]
D63[0, 1, 0, 1, 1, 1, -1]
D63[0, 1, 0, 1, 1, 1, 0]
D63[0, 1, 1, 0, 1, 1, -1]
D63[0, 1, 1, 0, 1, 1, 0]
D63[0, 1, 1, 1, 0, 1, 0]
D63[0, 1, 1, 1, 1, 0, 0]
D63[0, 1, 1, 1, 1, 1, -1]
D63[0, 1, 1, 1, 1, 1, 0]
D63[1, 0, -1, 1, 1, 1, 0]
D63[1, 0, 0, 0, 1, 1, 0]
D63[1, 0, 0, 1, 1, 1, 0]
D63[1, 0, 1, -1, 1, 1, 0]
D63[1, 0, 1, 0, 1, 1, 0]
D63[1, 0, 1, 1, 1, 1, 0]
D63[1, 1, -1, 1, 0, 1, 0]
D63[1, 1, -1, 1, 1, 1, -1]
D63[1, 1, -1, 1, 1, 1, 0]
D63[1, 1, 0, 0, 0, 1, 0]
D63[1, 1, 0, 0, 1, 1, -1]
D63[1, 1, 0, 0, 1, 1, 0]
D63[1, 1, 0, 1, 0, 1, 0]
D63[1, 1, 0, 1, 1, 0, 0]
D63[1, 1, 0, 1, 1, 1, -1]
D63[1, 1, 0, 1, 1, 1, 0]
D63[1, 1, 1, -1, 1, 1, 0]
D63[1, 1, 1, 0, 1, 0, 0]
D63[1, 1, 1, 0, 1, 1, -1]
D63[1, 1, 1, 0, 1, 1, 0]
D63[1, 1, 1, 1, 0, 1, 0]
D63[1, 1, 1, 1, 1, 0, 0]
D63[1, 1, 1, 1, 1, 1, -1]
D63[1, 1, 1, 1, 1, 1, 0]
D63[0, -1, 1, 1, 1, 1, 0]
D63[0, 0, 1, 1, 0, 1, 0]
D63[0, 0, 1, 1, 1, 0, 0]
D63[0, 0, 1, 1, 1, 1, -1]
D63[0, 1, 1, 1, -1, 1, 0]
D63[0, 1, 1, 1, 0, 0, 0]
D63[0, 1, 1, 1, 0, 1, -1]
D63[0, 1, 1, 1, 1, 0, -1]
D63[1, -1, 0, 1, 1, 1, 0]
D63[1, -1, 1, 0, 1, 1, 0]
D63[1, -1, 1, 1, 1, 1, 0]
D63[1, 0, 0, 1, 0, 1, 0]
D63[1, 0, 0, 1, 1, 0, 0]
D63[1, 0, 0, 1, 1, 1, -1]
D63[1, 0, 1, 0, 0, 1, 0]
D63[1, 0, 1, 0, 1, 0, 0]
D63[1, 0, 1, 0, 1, 1, -1]
D63[1, 0, 1, 1, 0, 1, 0]
D63[1, 0, 1, 1, 1, 0, 0]
D63[1, 0, 1, 1, 1, 1, -1]
D63[1, 1, 0, 1, -1, 1, 0]
D63[1, 1, 0, 1, 0, 0, 0]
D63[1, 1, 0, 1, 0, 1, -1]
D63[1, 1, 0, 1, 1, 0, -1]
D63[1, 1, 0, 1, 1, 1, -2]
D63[1, 1, 1, 0, 0, 0, 0]
D63[1, 1, 1, 0, 0, 1, -1]
D63[1, 1, 1, 0, 0, 1, 0]
D63[1, 1, 1, 0, 1, 0, -1]
D63[1, 1, 1, 0, 1, 1, -2]
D63[1, 1, 1, 1, -1, 1, 0]
D63[1, 1, 1, 1, 0, 0, 0]
D63[1, 1, 1, 1, 0, 1, -1]
D63[1, 1, 1, 1, 1, -1, 0]
D63[1, 1, 1, 1, 1, 0, -1]
D63[1, 1, 1, 1, 1, 1, -2]
D63[-1, 1, 1, 0, 1, 1, 0]
D63[-1, 1, 1, 1, 1, 0, 0]
D63[0, 1, 0, 0, 1, 1, 0]
D63[0, 1, 0, 1, 1, 0, 0]
D63[0, 1, 1, -1, 1, 1, 0]
D63[0, 1, 1, 0, 0, 1, 0]
D63[0, 1, 1, 0, 1, 0, 0]
D63[1, 1, -1, 0, 1, 1, 0]
D63[1, 1, -1, 1, 1, 0, 0]
D63[1, 1, 0, -1, 1, 1, 0]
D63[1, 1, 0, 0, 1, 0, 0]
D63[1, 1, 1, -2, 1, 1, 0]
D63[1, 1, 1, -1, 0, 1, 0]
D63[1, 1, 1, -1, 1, 0, 0]
D63[1, 1, 1, 0, 0, 1, 0]