0
8 4
1 8
1 0 -1 1 m1^2-t+mmv^2 
0 1 -1 1 s+m1^2 
0 0 0 1 0 
0 1 0 0 -m2^2 

1
8 5
3 3
0 1 0 0 0 
0 0 1 0 0 
1 0 0 0 0 
0 0 1 0 0 

0
8 6
6 6
1 0 0 0 0 
0 1 0 0 0 
0 0 1 0 0 
0 1 1 -1 -s-2*m2^2+m1^2+2*mmv^2 

0
8 7
6 7
1 0 0 0 0 
0 1 0 0 0 
0 0 1 0 0 
0 1 1 -1 -s-2*m2^2+m1^2+2*mmv^2 

0
8 8
5 4
1 0 1 -1 -s+m2^2-t+3*mmv^2 
0 1 1 -1 -s+m2^2+m1^2+2*mmv^2 
0 0 2 -1 2*m2^2-m1^2+2*mmv^2 
0 0 1 0 0 

1
8 10
5 12
1 0 0 0 0 
0 0 0 1 0 
1 0 0 0 0 
0 0 1 0 0 

1
8 12
6 12
1 0 0 0 0 
1 0 0 0 0 
0 0 1 0 0 
0 0 0 1 0 

1
8 14
6 14
1 0 0 0 0 
0 1 0 0 0 
0 0 1 0 0 
0 0 0 1 0 

