B12[-1, 0, 1, 1, 1, 1, 0, 0, 0]
B12[-1, 1, 1, 0, 1, 1, 0, 0, 0]
B12[-1, 1, 1, 1, 1, 1, -1, 0, 0]
B12[-1, 1, 1, 1, 1, 1, 0, 0, -1]
B12[-1, 1, 1, 1, 1, 1, 0, 0, 0]
B12[0, -1, 1, 1, 1, 1, 0, 0, 0]
B12[0, 0, 0, 1, 1, 1, 0, 0, 0]
B12[0, 0, 1, 0, 1, 1, 0, 0, 0]
B12[0, 0, 1, 1, 0, 1, 0, 0, 0]
B12[0, 0, 1, 1, 1, 0, 0, 0, 0]
B12[0, 0, 1, 1, 1, 1, -1, 0, 0]
B12[0, 0, 1, 1, 1, 1, 0, -1, 0]
B12[0, 0, 1, 1, 1, 1, 0, 0, -1]
B12[0, 0, 1, 1, 1, 1, 0, 0, 0]
B12[0, 1, 0, 0, 1, 1, 0, 0, 0]
B12[0, 1, 0, 1, 1, 1, -1, 0, 0]
B12[0, 1, 0, 1, 1, 1, 0, 0, -1]
B12[0, 1, 0, 1, 1, 1, 0, 0, 0]
B12[0, 1, 1, -1, 1, 1, 0, 0, 0]
B12[0, 1, 1, 0, 0, 1, 0, 0, 0]
B12[0, 1, 1, 0, 1, 0, 0, 0, 0]
B12[0, 1, 1, 0, 1, 1, -1, 0, 0]
B12[0, 1, 1, 0, 1, 1, 0, -1, 0]
B12[0, 1, 1, 0, 1, 1, 0, 0, -1]
B12[0, 1, 1, 0, 1, 1, 0, 0, 0]
B12[0, 1, 1, 1, 0, 1, -1, 0, 0]
B12[0, 1, 1, 1, 0, 1, 0, 0, -1]
B12[0, 1, 1, 1, 0, 1, 0, 0, 0]
B12[0, 1, 1, 1, 1, 0, -1, 0, 0]
B12[0, 1, 1, 1, 1, 0, 0, 0, -1]
B12[0, 1, 1, 1, 1, 0, 0, 0, 0]
B12[0, 1, 1, 1, 1, 1, -1, -1, 0]
B12[0, 1, 1, 1, 1, 1, -1, 0, -1]
B12[0, 1, 1, 1, 1, 1, -1, 0, 0]
B12[0, 1, 1, 1, 1, 1, 0, -1, -1]
B12[0, 1, 1, 1, 1, 1, 0, -1, 0]
B12[0, 1, 1, 1, 1, 1, 0, 0, -2]
B12[0, 1, 1, 1, 1, 1, 0, 0, -1]
B12[0, 1, 1, 1, 1, 1, 0, 0, 0]
B12[1, -1, 0, 1, 1, 1, 0, 0, 0]
B12[1, -1, 1, 1, 1, 0, 0, 0, 0]
B12[1, -1, 1, 1, 1, 1, 0, -1, 0]
B12[1, -1, 1, 1, 1, 1, 0, 0, 0]
B12[1, 0, -1, 1, 1, 1, 0, 0, 0]
B12[1, 0, 0, 0, 1, 1, 0, 0, 0]
B12[1, 0, 0, 1, 0, 1, 0, 0, 0]
B12[1, 0, 0, 1, 1, 0, 0, 0, 0]
B12[1, 0, 0, 1, 1, 1, -1, 0, 0]
B12[1, 0, 0, 1, 1, 1, 0, -1, 0]
B12[1, 0, 0, 1, 1, 1, 0, 0, -1]
B12[1, 0, 0, 1, 1, 1, 0, 0, 0]
B12[1, 0, 1, 0, 1, 0, 0, 0, 0]
B12[1, 0, 1, 0, 1, 1, 0, -1, 0]
B12[1, 0, 1, 0, 1, 1, 0, 0, 0]
B12[1, 0, 1, 1, 0, 0, 0, 0, 0]
B12[1, 0, 1, 1, 0, 1, 0, -1, 0]
B12[1, 0, 1, 1, 0, 1, 0, 0, 0]
B12[1, 0, 1, 1, 1, -1, 0, 0, 0]
B12[1, 0, 1, 1, 1, 0, -1, 0, 0]
B12[1, 0, 1, 1, 1, 0, 0, -1, 0]
B12[1, 0, 1, 1, 1, 0, 0, 0, -1]
B12[1, 0, 1, 1, 1, 0, 0, 0, 0]
B12[1, 0, 1, 1, 1, 1, -1, -1, 0]
B12[1, 0, 1, 1, 1, 1, -1, 0, 0]
B12[1, 0, 1, 1, 1, 1, 0, -2, 0]
B12[1, 0, 1, 1, 1, 1, 0, -1, -1]
B12[1, 0, 1, 1, 1, 1, 0, -1, 0]
B12[1, 0, 1, 1, 1, 1, 0, 0, -1]
B12[1, 0, 1, 1, 1, 1, 0, 0, 0]
B12[1, 1, -1, 0, 1, 1, 0, 0, 0]
B12[1, 1, -1, 1, 1, 1, -1, 0, 0]
B12[1, 1, -1, 1, 1, 1, 0, 0, -1]
B12[1, 1, -1, 1, 1, 1, 0, 0, 0]
B12[1, 1, 0, 0, 0, 1, 0, 0, 0]
B12[1, 1, 0, 0, 1, 0, 0, 0, 0]
B12[1, 1, 0, 0, 1, 1, -1, 0, 0]
B12[1, 1, 0, 0, 1, 1, 0, -1, 0]
B12[1, 1, 0, 0, 1, 1, 0, 0, -1]
B12[1, 1, 0, 0, 1, 1, 0, 0, 0]
B12[1, 1, 0, 1, 0, 1, -1, 0, 0]
B12[1, 1, 0, 1, 0, 1, 0, 0, -1]
B12[1, 1, 0, 1, 0, 1, 0, 0, 0]
B12[1, 1, 0, 1, 1, 0, -1, 0, 0]
B12[1, 1, 0, 1, 1, 0, 0, 0, -1]
B12[1, 1, 0, 1, 1, 0, 0, 0, 0]
B12[1, 1, 0, 1, 1, 1, -2, 0, 0]
B12[1, 1, 0, 1, 1, 1, -1, -1, 0]
B12[1, 1, 0, 1, 1, 1, -1, 0, -1]
B12[1, 1, 0, 1, 1, 1, -1, 0, 0]
B12[1, 1, 0, 1, 1, 1, 0, -1, -1]
B12[1, 1, 0, 1, 1, 1, 0, -1, 0]
B12[1, 1, 0, 1, 1, 1, 0, 0, -2]
B12[1, 1, 0, 1, 1, 1, 0, 0, -1]
B12[1, 1, 0, 1, 1, 1, 0, 0, 0]
B12[1, 1, 1, -1, 1, 1, 0, -1, 0]
B12[1, 1, 1, -1, 1, 1, 0, 0, 0]
B12[1, 1, 1, 0, 0, 0, 0, 0, 0]
B12[1, 1, 1, 0, 0, 1, 0, -1, 0]
B12[1, 1, 1, 0, 0, 1, 0, 0, 0]
B12[1, 1, 1, 0, 1, 0, -1, 0, 0]
B12[1, 1, 1, 0, 1, 0, 0, -1, 0]
B12[1, 1, 1, 0, 1, 0, 0, 0, -1]
B12[1, 1, 1, 0, 1, 0, 0, 0, 0]
B12[1, 1, 1, 0, 1, 1, -1, -1, 0]
B12[1, 1, 1, 0, 1, 1, -1, 0, 0]
B12[1, 1, 1, 0, 1, 1, 0, -2, 0]
B12[1, 1, 1, 0, 1, 1, 0, -1, -1]
B12[1, 1, 1, 0, 1, 1, 0, -1, 0]
B12[1, 1, 1, 0, 1, 1, 0, 0, -1]
B12[1, 1, 1, 0, 1, 1, 0, 0, 0]
B12[1, 1, 1, 1, -1, 1, 0, 0, 0]
B12[1, 1, 1, 1, 0, 0, -1, 0, 0]
B12[1, 1, 1, 1, 0, 0, 0, 0, -1]
B12[1, 1, 1, 1, 0, 0, 0, 0, 0]
B12[1, 1, 1, 1, 0, 1, -1, 0, 0]
B12[1, 1, 1, 1, 0, 1, 0, -1, -1]
B12[1, 1, 1, 1, 0, 1, 0, -1, 0]
B12[1, 1, 1, 1, 0, 1, 0, 0, 0]
B12[1, 1, 1, 1, 1, -1, -1, 0, 0]
B12[1, 1, 1, 1, 1, -1, 0, 0, -1]
B12[1, 1, 1, 1, 1, 0, -2, 0, 0]
B12[1, 1, 1, 1, 1, 0, -1, -1, 0]
B12[1, 1, 1, 1, 1, 0, -1, 0, -1]
B12[1, 1, 1, 1, 1, 0, -1, 0, 0]
B12[1, 1, 1, 1, 1, 0, 0, -1, -1]
B12[1, 1, 1, 1, 1, 0, 0, -1, 0]
B12[1, 1, 1, 1, 1, 0, 0, 0, -2]
B12[1, 1, 1, 1, 1, 0, 0, 0, -1]
B12[1, 1, 1, 1, 1, 0, 0, 0, 0]
B12[1, 1, 1, 1, 1, 1, -2, 0, 0]
B12[1, 1, 1, 1, 1, 1, -1, -2, 0]
B12[1, 1, 1, 1, 1, 1, -1, -1, -1]
B12[1, 1, 1, 1, 1, 1, -1, -1, 0]
B12[1, 1, 1, 1, 1, 1, -1, 0, -1]
B12[1, 1, 1, 1, 1, 1, -1, 0, 0]
B12[1, 1, 1, 1, 1, 1, 0, -2, 0]
B12[1, 1, 1, 1, 1, 1, 0, -1, -1]
B12[1, 1, 1, 1, 1, 1, 0, -1, 0]
B12[1, 1, 1, 1, 1, 1, 0, 0, -2]
B12[1, 1, 1, 1, 1, 1, 0, 0, -1]
B12[1, 1, 1, 1, 1, 1, 0, 0, 0]