A22[-2, 1, 1, 0]
A22[-1, 0, 1, 0]
A22[-1, 1, 0, 0]
A22[-1, 1, 1, -1]
A22[-1, 1, 1, 0]
A22[0, -1, 1, 0]
A22[0, 0, 0, 0]
A22[0, 0, 1, -1]
A22[0, 0, 1, 0]
A22[0, 1, -1, 0]
A22[0, 1, 0, -1]
A22[0, 1, 0, 0]
A22[0, 1, 1, -2]
A22[0, 1, 1, -1]
A22[0, 1, 1, 0]
A22[-2, 0, 1, 0]
A22[-2, 1, 0, 0]
A22[-2, 1, 1, 0]
A22[-1, -1, 1, 0]
A22[-1, 0, 0, 0]
A22[-1, 0, 1, -1]
A22[-1, 0, 1, 0]
A22[-1, 1, -1, 0]
A22[-1, 1, 0, -1]
A22[-1, 1, 0, 0]
A22[-1, 1, 1, -1]
A22[-1, 1, 1, 0]
A22[0, -2, 1, 0]
A22[0, -1, 0, 0]
A22[0, -1, 1, -1]
A22[0, -1, 1, 0]
A22[0, 0, -1, 0]
A22[0, 0, 0, -1]
A22[0, 0, 0, 0]
A22[0, 0, 1, -2]
A22[0, 0, 1, -1]
A22[0, 0, 1, 0]
A22[0, 1, -2, 0]
A22[0, 1, -1, -1]
A22[0, 1, -1, 0]
A22[0, 1, 0, -2]
A22[0, 1, 0, -1]
A22[0, 1, 0, 0]
A22[0, 1, 1, -2]
A22[0, 1, 1, -1]
A22[0, 1, 1, 0]
A22[-1, 1, 1, 1]
A22[-2, 1, 1, 0]
A22[-1, 0, 1, 0]
A22[-1, 1, 0, 0]
A22[-1, 1, 1, -1]
A22[-1, 1, 1, 0]
A22[0, -1, 1, 0]
A22[0, 0, 0, 0]
A22[0, 0, 1, -1]
A22[0, 0, 1, 0]
A22[0, 1, -1, 0]
A22[0, 1, 0, -1]
A22[0, 1, 0, 0]
A22[0, 1, 1, -2]
A22[0, 1, 1, -1]
A22[0, 1, 1, 0]
A22[-2, 1, 1, 0]
A22[-1, 0, 1, 0]
A22[-1, 1, 0, 0]
A22[-1, 1, 1, -1]
A22[-1, 1, 1, 0]
A22[0, -1, 1, 0]
A22[0, 0, 0, 0]
A22[0, 0, 1, -1]
A22[0, 0, 1, 0]
A22[0, 1, -1, 0]
A22[0, 1, 0, -1]
A22[0, 1, 0, 0]
A22[0, 1, 1, -2]
A22[0, 1, 1, -1]
A22[0, 1, 1, 0]
A22[-2, -1, 1, 0]
A22[-2, 0, 0, 0]
A22[-2, 1, -1, 0]
A22[-1, -2, 1, 0]
A22[-1, -1, 0, 0]
A22[-1, -1, 1, -1]
A22[-1, 0, -1, 0]
A22[-1, 0, 0, -1]
A22[-1, 1, -2, 0]
A22[-1, 1, -1, -1]
A22[0, -3, 1, 0]
A22[0, -2, 0, 0]
A22[0, -2, 1, -1]
A22[0, -1, -1, 0]
A22[0, -1, 0, -1]
A22[0, -1, 1, -2]
A22[0, 0, -2, 0]
A22[0, 0, -1, -1]
A22[0, 0, 0, -2]
A22[0, 1, -3, 0]
A22[0, 1, -2, -1]
A22[0, 1, -1, -2]