504 17520072110685805752 1 6
4 7 5 3 8 6 

500 8531481772150959511 1 6
4 8 6 7 5 2 

498 10858205294869657476 1 6
4 7 5 8 6 1 

497 15351358204252737738 1 6
4 8 6 7 5 0 

492 5157167213269850707 2 6
7 5 2 6 8 3 
7 5 2 8 6 3 

490 11644400199641714543 4 6
5 7 6 8 3 1 
5 7 8 6 3 1 
7 5 6 8 3 1 
7 5 8 6 3 1 

489 9044367777067627076 4 6
5 7 0 6 8 3 
5 7 0 8 6 3 
7 5 0 6 8 3 
7 5 0 8 6 3 

486 13860689838096188588 2 6
7 5 2 6 8 1 
7 5 2 8 6 1 

485 3062786046182348445 2 6
6 8 7 5 2 0 
8 6 7 5 2 0 

483 13417036671357844063 4 6
5 7 0 6 8 1 
5 7 0 8 6 1 
7 5 0 6 8 1 
7 5 0 8 6 1 

476 922123893842424750 1 6
4 7 2 3 8 6 

474 383130265076865585 2 6
4 7 3 8 6 1 
7 4 3 8 6 1 

473 17667988002677686902 1 6
4 7 0 3 8 6 

470 10784630043372353076 1 6
4 7 2 8 6 1 

469 14862879005107973766 1 6
4 8 6 7 2 0 

467 7177308534252648387 1 6
4 7 0 8 6 1 

462 17299725787024629657 4 6
2 7 6 8 3 1 
2 7 8 6 3 1 
7 2 6 8 3 1 
7 2 8 6 3 1 

461 6473408351865209244 4 6
6 8 3 7 2 0 
6 8 3 2 7 0 
8 6 3 2 7 0 
8 6 3 7 2 0 

459 2390982399815756750 2 6
0 7 6 8 3 1 
0 7 8 6 3 1 

455 6374325766140526653 4 6
2 7 0 6 8 1 
2 7 0 8 6 1 
7 2 0 6 8 1 
7 2 0 8 6 1 

444 26122601880307613 1 6
4 3 8 7 5 2 

442 7474448853625093619 1 6
4 7 5 3 1 8 

441 17906469997646618969 1 6
4 3 8 7 5 0 

211 4351445553501043177 1 5
4 7 0 1 6 

468 287899329659801567 2 5
4 7 2 8 6 
4 8 6 7 2 

205 11965642789202737687 4 5
3 6 2 7 0 
3 6 7 2 0 
6 3 2 7 0 
6 3 7 2 0 

203 16152252495495722173 1 5
0 7 3 6 1 

460 17155845982111654434 4 5
2 7 6 8 3 
2 7 8 6 3 
7 2 6 8 3 
7 2 8 6 3 

171 15178414522366409853 4 5
1 3 5 7 0 
1 3 7 5 0 
3 1 5 7 0 
3 1 7 5 0 

428 7692348761547474963 2 5
3 8 7 5 2 
8 3 7 5 2 

151 6640926637170045077 2 5
1 4 7 2 0 
4 1 7 2 0 

408 15518586722672078266 2 4
4 7 3 8 
7 4 3 8 

143 14497693136420194452 4 5
1 3 2 7 0 
1 3 7 2 0 
3 1 2 7 0 
3 1 7 2 0 

400 301608002787460125 6 3
4 7 8 
4 8 7 
7 4 8 
7 8 4 
8 7 4 
8 4 7 

124 10992007756495785033 1 5
4 6 3 5 2 

122 2890021036842154380 2 5
4 5 6 3 1 
5 4 6 3 1 

121 2377131494542750265 1 5
4 0 5 6 3 

378 12642106155183805099 4 6
4 5 6 8 3 1 
4 5 8 6 3 1 
5 4 6 8 3 1 
5 4 8 6 3 1 

118 9097417079745722050 1 5
4 5 2 6 1 

117 9527057798084165022 2 5
4 6 0 5 2 
6 4 0 5 2 

374 9183921752750185330 2 6
4 5 2 6 8 1 
4 5 2 8 6 1 

115 13109303844043778952 1 5
4 0 5 6 1 

372 17589355834540419352 2 5
4 6 8 5 2 
4 8 6 5 2 

110 9790552062928102198 2 5
2 5 3 6 1 
5 2 3 6 1 

109 14536507646666708155 4 5
3 6 0 5 2 
3 6 0 2 5 
6 3 0 5 2 
6 3 0 2 5 

366 13793909043879996934 4 6
2 5 6 8 3 1 
2 5 8 6 3 1 
5 2 6 8 3 1 
5 2 8 6 3 1 

107 16152252495495722173 1 5
0 5 3 6 1 

364 18024137354122388793 4 5
2 5 6 8 3 
2 5 8 6 3 
5 2 6 8 3 
5 2 8 6 3 

94 1485578278066551668 2 5
2 4 3 6 1 
4 2 3 6 1 

93 18186173147864136440 1 5
4 0 2 6 3 

350 1962890139571542382 4 6
2 4 6 8 3 1 
2 4 8 6 3 1 
4 2 6 8 3 1 
4 2 8 6 3 1 

91 7953397695523885456 1 5
0 4 6 3 1 

348 18383354905706200457 4 5
2 4 6 8 3 
2 4 8 6 3 
4 2 6 8 3 
4 2 8 6 3 

214 277922769505384241 1 5
4 7 2 1 6 

87 1949845124291403191 1 5
4 0 2 6 1 

206 14616632083562597693 2 5
2 7 3 6 1 
7 2 3 6 1 

79 16152252495495722173 1 5
0 2 3 6 1 

62 17485848144453044125 4 5
4 2 5 1 3 
4 3 1 5 2 
4 1 3 2 5 
4 5 2 3 1 

188 11045384772342853272 2 5
3 4 7 5 2 
4 3 7 5 2 

61 16374191783098130270 2 5
3 4 0 2 5 
4 3 0 2 5 

318 8324858368062024440 1 6
4 5 2 8 3 1 

186 3221030757356925640 1 5
4 7 5 3 1 

59 3307572628560798469 1 5
4 0 5 1 3 

316 10992007756495785033 1 5
4 8 3 5 2 

182 2470980833719115233 2 5
1 4 7 5 2 
4 1 7 5 2 

55 16374191783098130270 2 5
1 4 0 5 2 
4 1 0 5 2 

312 7229995222862046362 2 4
4 5 8 3 
5 4 8 3 

174 4197674047833339211 2 5
1 3 7 5 2 
3 1 7 5 2 

47 2512878501966980264 4 5
1 3 0 2 5 
1 3 0 5 2 
3 1 0 2 5 
3 1 0 5 2 

304 5180365401916553282 6 3
4 5 8 
4 8 5 
5 4 8 
5 8 4 
8 5 4 
8 4 5 

158 4992916806526491956 1 5
4 7 2 3 1 

31 3307572628560798469 1 5
4 0 2 3 1 

449 17520452208558333313 2 4
6 8 0 7 
8 6 0 7 

356 11817618753924715730 4 4
6 8 2 5 
6 8 5 2 
8 6 5 2 
8 6 2 5 

480 18159398951093837362 4 4
5 7 6 8 
5 7 8 6 
7 5 6 8 
7 5 8 6 

353 17520452208558333313 2 4
6 8 0 5 
8 6 0 5 

213 964593644927953065 4 5
4 6 2 7 0 
4 6 7 2 0 
6 4 2 7 0 
6 4 7 2 0 

340 6302551238620928965 4 4
2 4 6 8 
2 4 8 6 
4 2 6 8 
4 2 8 6 

83 17968063984761347139 1 4
0 4 6 1 

452 5568158931765736262 8 4
2 7 6 8 
2 7 8 6 
6 8 7 2 
6 8 2 7 
7 2 6 8 
7 2 8 6 
8 6 7 2 
8 6 2 7 

325 17520452208558333313 2 4
6 8 0 2 
8 6 0 2 

323 6934963488335717096 2 4
0 6 8 1 
0 8 6 1 

179 6643650516154390836 2 5
1 4 7 5 0 
4 1 7 5 0 

436 14572538776854345278 2 5
4 8 7 5 2 
8 4 7 5 2 

306 15609632890079636842 2 4
4 5 8 1 
5 4 8 1 

402 8965934090686740989 2 4
4 7 1 8 
7 4 1 8 

275 4849430361981918121 2 4
0 4 1 8 
0 4 8 1 

329 6596899358322770402 2 4
0 6 8 3 
0 8 6 3 

75 3630512092471117031 1 4
0 3 6 1 

300 11784542988955640524 4 4
3 8 5 2 
3 8 2 5 
8 3 5 2 
8 3 2 5 

43 835276218342091669 2 4
0 5 3 1 
0 5 1 3 

46 14380934779866056467 8 4
1 3 2 5 
1 3 5 2 
2 5 3 1 
2 5 1 3 
3 1 2 5 
3 1 5 2 
5 2 3 1 
5 2 1 3 

303 12101349068144648458 2 6
0 2 5 3 8 1 
0 5 2 3 8 1 

185 9963298732689718374 2 5
3 4 7 5 0 
4 3 7 5 0 

58 12657553381509885184 2 4
4 5 1 3 
5 4 1 3 

315 2853780230310912984 1 6
4 0 5 8 3 1 

401 17907932805838067554 2 4
4 8 7 0 
8 4 7 0 

147 11807494521443559775 2 4
1 4 7 0 
4 1 7 0 

404 9116344959574332654 2 4
4 8 7 2 
8 4 7 2 

60 12657553381509885184 2 4
3 4 2 5 
4 3 2 5 

317 9103931426616029523 1 6
4 8 3 0 5 2 

432 14985943103838419052 2 4
4 8 7 5 
8 4 7 5 

175 18411749843415470644 2 6
1 3 7 5 2 0 
3 1 7 5 2 0 

305 5406392056858795067 2 4
4 8 0 5 
8 4 0 5 

51 9192667424712437223 2 4
1 4 0 5 
4 1 0 5 

308 13697909126296567058 2 4
4 8 5 2 
8 4 5 2 

178 8494560722300355860 2 4
1 4 7 5 
4 1 7 5 

435 16003659010399672490 1 6
4 1 8 7 5 0 

321 5697750978532764374 2 3
0 6 8 
0 8 6 

265 11061276152206202204 2 3
0 3 8 
0 8 3 

11 8634870613964526517 2 3
0 1 3 
0 3 1 

204 4257650133633766769 4 4
2 7 6 3 
2 7 3 6 
7 2 6 3 
7 2 3 6 

77 3953686276040048967 2 4
0 2 3 6 
0 2 6 3 

116 13697909126296567058 2 4
4 6 5 2 
6 4 5 2 

373 2332798825802353874 1 6
4 6 8 0 5 2 

155 13191597063744992252 1 5
4 7 0 3 1 

412 17161136249169657782 1 5
4 7 2 3 8 

28 14008880805489720900 6 3
2 3 4 
2 4 3 
3 2 4 
3 4 2 
4 3 2 
4 2 3 

285 11046483771165111577 1 5
4 0 2 3 8 

73 11061276152206202204 2 3
0 3 6 
0 6 3 

54 12657553381509885184 2 4
1 4 5 2 
4 1 5 2 

311 5407650014882336877 1 6
4 8 1 0 5 2 

112 5180365401916553282 6 3
4 5 6 
4 6 5 
5 4 6 
5 6 4 
6 5 4 
6 4 5 

369 2701444106721768715 1 5
4 6 8 0 5 

81 5398266633630539269 2 3
0 4 6 
0 6 4 

157 7861236874894850888 2 5
3 4 7 2 0 
4 3 7 2 0 

414 13704888797885765948 1 6
4 7 2 3 1 8 

284 8632640743058673488 2 4
2 4 3 8 
4 2 3 8 

27 15341098496462360047 2 4
0 4 3 1 
0 4 1 3 

30 12657553381509885184 2 4
2 4 3 1 
4 2 3 1 

287 13992672162542094438 1 6
4 0 2 3 8 1 

25 14464322681345727777 2 3
0 3 4 
0 4 3 

152 7658636075273647947 6 3
3 4 7 
3 7 4 
4 3 7 
4 7 3 
7 4 3 
7 3 4 

409 8502259850116663466 1 5
4 7 0 3 8 

50 14008880805489720900 6 3
1 4 5 
1 5 4 
4 1 5 
4 5 1 
5 4 1 
5 1 4 

307 222357580468227295 1 5
4 0 5 8 1 

19 14464322681345727777 2 3
0 1 4 
0 4 1 

146 17458855618286389883 6 3
1 4 7 
1 7 4 
4 1 7 
4 7 1 
7 4 1 
7 1 4 

403 15987223067459292722 1 5
4 7 0 1 8 

273 14464322681345727777 2 3
0 4 8 
0 8 4 

201 3953686276040048967 2 4
0 7 6 3 
0 7 3 6 

92 8632640743058673488 2 4
2 4 3 6 
4 2 3 6 

349 7019282735458898900 1 6
4 0 2 6 8 3 

464 9116344959574332654 2 4
4 7 8 6 
7 4 8 6 

207 3249868057099728657 2 6
2 7 0 3 6 1 
7 2 0 3 6 1 

337 14609479646097825927 1 4
0 4 6 8 

210 844027089328211766 2 4
4 7 1 6 
7 4 1 6 

396 4257650133633766769 4 4
2 7 3 8 
2 7 8 3 
7 2 3 8 
7 2 8 3 

139 835276218342091669 2 4
0 7 3 1 
0 7 1 3 

15 835276218342091669 2 4
0 2 1 3 
0 2 3 1 

142 11817618753924715730 4 4
2 7 3 1 
2 7 1 3 
7 2 3 1 
7 2 1 3 

399 3249868057099728657 2 6
2 7 0 3 8 1 
7 2 0 3 8 1 

269 3953686276040048967 2 4
0 2 3 8 
0 2 8 3 

108 11784542988955640524 4 4
3 6 5 2 
3 6 2 5 
6 3 5 2 
6 3 2 5 

365 6735211993662685737 4 6
6 8 3 0 5 2 
6 8 3 0 2 5 
8 6 3 0 2 5 
8 6 3 0 5 2 

368 10033919425389183793 4 4
4 5 6 8 
4 5 8 6 
5 4 6 8 
5 4 8 6 

111 12101349068144648458 2 6
0 2 5 3 6 1 
0 5 2 3 6 1 

114 15609632890079636842 2 4
4 5 6 1 
5 4 6 1 

371 14906314512226560862 1 6
4 0 5 6 8 1 

105 3953686276040048967 2 4
0 5 3 6 
0 5 6 3 

232 5727391816622074593 4 4
5 7 6 3 
5 7 3 6 
7 5 6 3 
7 5 3 6 

120 7229995222862046362 2 4
4 5 6 3 
5 4 6 3 

377 5426111863133994770 1 6
4 0 5 6 8 3 

393 3953686276040048967 2 4
0 7 3 8 
0 7 8 3 

277 5871201165218803500 2 4
4 8 0 2 
8 4 0 2 

23 5871201165218803500 2 4
1 4 0 2 
4 1 0 2 

150 905605784662856031 2 4
1 4 7 2 
4 1 7 2 

407 3067248904713788983 1 6
4 1 8 7 2 0 

209 11608573522951737483 2 4
4 6 0 7 
6 4 0 7 

466 9758751416227445618 2 5
4 7 8 6 1 
7 4 8 6 1 

153 8186879583955550472 2 4
3 4 7 0 
4 3 7 0 

410 11878499926066288069 2 5
4 7 3 1 8 
7 4 3 1 8 

85 11608573522951737483 2 4
4 6 0 2 
6 4 0 2 

342 16268080675599159307 4 5
2 4 6 8 1 
2 4 8 6 1 
4 2 6 8 1 
4 2 8 6 1 

212 6302551238620928965 4 4
4 6 2 7 
4 6 7 2 
6 4 2 7 
6 4 7 2 

281 14290825411384840519 2 4
0 4 3 8 
0 4 8 3 

154 14515402054322567970 2 4
4 7 3 1 
7 4 3 1 

411 18429346716815197439 1 6
4 7 0 3 1 8 

29 9192667424712437223 2 4
3 4 0 2 
4 3 0 2 

286 1485578278066551668 2 5
2 4 3 8 1 
4 2 3 8 1 

156 13138309995159718555 2 4
3 4 7 2 
4 3 7 2 

413 3423898401099166748 1 6
4 3 8 7 2 0 

424 5727391816622074593 4 4
5 7 3 8 
5 7 8 3 
7 5 3 8 
7 5 8 3 

297 3953686276040048967 2 4
0 5 3 8 
0 5 8 3 

170 8518306885882634279 4 4
5 7 1 3 
5 7 3 1 
7 5 3 1 
7 5 1 3 

427 5204745251227672207 2 6
5 7 0 3 8 1 
7 5 0 3 8 1 

57 5871201165218803500 2 4
3 4 0 5 
4 3 0 5 

314 2890021036842154380 2 5
4 5 8 3 1 
5 4 8 3 1 

184 15684399310074452655 2 4
3 4 7 5 
4 3 7 5 

89 1138969267623575272 1 4
0 4 6 3 

216 18075651076872989492 2 4
4 7 3 6 
7 4 3 6 

113 4135888722880830898 2 4
4 6 0 5 
6 4 0 5 

370 8674934253582455353 4 5
4 5 6 8 1 
4 5 8 6 1 
5 4 6 8 1 
5 4 8 6 1 

240 16954421592595156864 2 4
4 6 5 7 
6 4 5 7 

267 3630512092471117031 1 4
0 3 8 1 

217 665246853209145727 1 5
4 3 6 7 0 

218 11231637880906257986 2 5
4 7 3 1 6 
7 4 3 1 6 

220 12060303440978914487 1 5
4 7 2 3 6 

233 570228328407472793 4 5
3 6 5 7 0 
3 6 7 5 0 
6 3 5 7 0 
6 3 7 5 0 

234 5456443916536502693 2 5
5 7 3 6 1 
7 5 3 6 1 

236 7692348761547474963 2 5
3 6 7 5 2 
6 3 7 5 2 

241 9512556406955468232 2 5
4 6 5 7 0 
6 4 5 7 0 

242 12923776336828630345 1 5
4 7 5 1 6 

244 15932246324430079131 2 5
4 6 7 5 2 
6 4 7 5 2 

248 7324615543272832442 1 5
4 7 5 3 6 

271 16152252495495722173 1 5
0 2 3 8 1 

279 11397582485275667864 2 5
4 0 2 1 8 
4 0 2 8 1 

283 14001828452735926145 1 5
0 4 3 8 1 

299 16152252495495722173 1 5
0 5 3 8 1 

301 14536507646666708155 4 5
3 8 0 5 2 
3 8 0 2 5 
8 3 0 5 2 
8 3 0 2 5 

302 9790552062928102198 2 5
2 5 3 8 1 
5 2 3 8 1 

309 6498926548458336637 2 5
4 8 0 5 2 
8 4 0 5 2 

310 9097417079745722050 1 5
4 5 2 8 1 

313 13039896757870208453 1 5
4 0 5 8 3 

327 2967678695872976096 2 5
0 2 6 8 1 
0 2 8 6 1 

331 3878353110944343332 2 5
0 6 8 3 1 
0 8 6 3 1 

333 5495230946478181386 2 5
0 2 6 8 3 
0 2 8 6 3 

339 2932521075817152472 1 5
0 4 6 8 1 

341 1972280957674465470 1 5
4 6 8 0 2 

345 11849484468264833386 1 5
0 4 6 8 3 

355 2967678695872976096 2 5
0 5 6 8 1 
0 5 8 6 1 

357 14795155023043024095 4 5
6 8 0 5 2 
6 8 0 2 5 
8 6 0 2 5 
8 6 0 5 2 

358 9353911023410884434 4 5
2 5 6 8 1 
2 5 8 6 1 
5 2 6 8 1 
5 2 8 6 1 

361 5495230946478181386 2 5
0 5 6 8 3 
0 5 8 6 3 

376 13570519618123252949 4 5
4 5 6 8 3 
4 5 8 6 3 
5 4 6 8 3 
5 4 8 6 3 

119 17734957794882562251 1 6
4 6 1 0 5 2 

395 16152252495495722173 1 5
0 7 3 8 1 

397 11965642789202737687 4 5
3 8 7 2 0 
3 8 2 7 0 
8 3 2 7 0 
8 3 7 2 0 

398 14616632083562597693 2 5
2 7 3 8 1 
7 2 3 8 1 

405 12353522339522992914 2 5
4 8 7 2 0 
8 4 7 2 0 

406 5159472786035186382 1 5
4 7 2 1 8 

425 570228328407472793 4 5
3 8 5 7 0 
3 8 7 5 0 
8 3 5 7 0 
8 3 7 5 0 

426 5456443916536502693 2 5
5 7 3 8 1 
7 5 3 8 1 

433 1111724308908576627 2 5
4 8 7 5 0 
8 4 7 5 0 

434 15522383739398107412 1 5
4 7 5 1 8 

440 15074084156695009894 1 5
4 7 5 3 8 

183 13163019215024557697 2 6
1 4 7 5 2 0 
4 1 7 5 2 0 

451 2967678695872976096 2 5
0 7 6 8 1 
0 7 8 6 1 

453 6452873930458632724 4 5
6 8 7 2 0 
6 8 2 7 0 
8 6 2 7 0 
8 6 7 2 0 

454 15486635454966755162 4 5
2 7 6 8 1 
2 7 8 6 1 
7 2 6 8 1 
7 2 8 6 1 

457 5495230946478181386 2 5
0 7 6 8 3 
0 7 8 6 3 

465 6179749097051427677 1 5
4 8 6 7 0 

472 11303817921730495983 2 5
4 7 3 8 6 
7 4 3 8 6 

215 12680561728013684154 1 6
4 1 6 7 2 0 

481 11037186840493472387 4 5
6 8 7 5 0 
6 8 5 7 0 
8 6 5 7 0 
8 6 7 5 0 

482 471866663900493169 4 5
5 7 6 8 1 
5 7 8 6 1 
7 5 6 8 1 
7 5 8 6 1 

484 3021136800975965599 2 5
6 8 7 5 2 
8 6 7 5 2 

488 16501348674692068977 4 5
5 7 6 8 3 
5 7 8 6 3 
7 5 6 8 3 
7 5 8 6 3 

496 54384981478515667 1 5
4 7 5 8 6 

63 12202294562465660425 2 6
4 1 3 0 2 5 
4 3 1 0 5 2 

95 10363981508044200710 1 6
4 0 2 6 3 1 

123 5933631894484403889 1 6
4 0 5 6 3 1 

380 11773468494578816444 2 6
4 5 2 6 8 3 
4 5 2 8 6 3 

125 13066385145473706451 1 6
4 6 3 0 5 2 

126 8324858368062024440 1 6
4 5 2 6 3 1 

159 14770880067521788469 1 6
4 3 1 7 2 0 

187 7415471838483053062 1 6
4 3 1 7 5 0 

189 15888709791321089592 2 6
3 4 7 5 2 0 
4 3 7 5 2 0 

190 3570379144016811612 1 6
4 3 1 7 5 2 

219 16828422762208061064 1 6
4 7 0 3 1 6 

221 10283299243417202672 1 6
4 3 6 7 2 0 

222 5358787150303103771 1 6
4 7 2 3 1 6 

235 5204745251227672207 2 6
5 7 0 3 6 1 
7 5 0 3 6 1 

237 16501619206485116996 2 6
3 6 7 5 2 0 
6 3 7 5 2 0 

238 5296095162799833053 1 6
7 5 2 3 6 1 

243 2430748625107165815 1 6
4 1 6 7 5 0 

245 7013525223391404686 2 6
4 6 7 5 2 0 
6 4 7 5 2 0 

246 7809910949290272312 1 6
4 1 6 7 5 2 

249 18116663918867383449 1 6
4 3 6 7 5 0 

250 4190083926238551617 1 6
4 7 5 3 1 6 

252 12094241008086487365 1 6
4 3 6 7 5 2 

335 2390982399815756750 2 6
0 2 6 8 3 1 
0 2 8 6 3 1 

343 8171591757890073646 1 6
4 0 2 6 8 1 

347 9922981199135145909 1 6
0 4 6 8 3 1 

359 9621380108863485395 4 6
6 8 1 0 5 2 
6 8 1 0 2 5 
8 6 1 0 2 5 
8 6 1 0 5 2 

363 2390982399815756750 2 6
0 5 6 8 3 1 
0 5 8 6 3 1 

429 16501619206485116996 2 6
3 8 7 5 2 0 
8 3 7 5 2 0 

430 5296095162799833053 1 6
7 5 2 3 8 1 

437 2689912363426377693 2 6
4 8 7 5 2 0 
8 4 7 5 2 0 

438 14799306907219479265 1 6
4 1 8 7 5 2 

