B2[0,0,0,0,0,1,0,0,0]*(a5*m1^2*t)
B2[0,0,0,1,0,0,-1,0,0]*(s*a3)
B2[-1,0,0,0,1,0,0,0,0]*(t*a4)
B2[-1,0,0,0,0,1,0,0,0]*(a5*t)
B2[0,0,0,0,0,1,0,-1,0]*(a5*s)
B2[0,0,-1,0,0,1,0,0,0]*(-a5*s-a5*t)
B2[0,-1,0,0,0,0,1,0,0]*(-a6*t)
B2[0,0,0,0,0,0,0,0,0]*(-a8*t+a6*t-a2*t+a7*t)
B2[-1,0,0,0,0,0,0,1,0]*(-a7*t)
B2[-1,0,1,0,0,0,0,0,0]*(a2*t)
B2[0,0,0,0,0,0,0,1,0]*(-m1^2*a7*t)
B2[0,0,0,0,1,0,0,0,0]*(m1^2*t*a4)
B2[0,0,0,0,1,0,0,0,-1]*(t*a4)
B2[0,0,-1,0,1,0,0,0,0]*(-t*a4)
B2[0,-1,0,0,0,0,0,0,1]*(a8*t)
B2[0,0,0,1,0,0,0,0,-1]*(-s*a3)
B2[0,-1,0,0,1,0,0,0,0]*(-t*a4)
B2[0,0,1,0,0,0,0,0,0]*(a2*m1^2*t)

B2[0,-1,0,1,0,0,0,0,0]*(3*s*a3)
B2[0,0,0,0,0,0,0,0,0]*(a8*t-s*a3-a5*s+s*a2-a6*t+a2*t-a7*t+a8*s)
B2[0,0,0,1,0,0,-1,0,0]*(-s*a3)
B2[0,0,0,0,0,1,0,0,0]*(a5*s*m1^2-a5*m1^2*t)
B2[0,0,0,1,0,0,0,0,-1]*(-s*a3)
B2[0,0,0,1,0,0,0,0,0]*(s^2*a3)
B2[-1,0,0,0,0,1,0,0,0]*(a5*s-a5*t)
B2[0,0,-1,0,0,1,0,0,0]*(a5*s+a5*t)
B2[0,0,-1,0,1,0,0,0,0]*(t*a4+s*a4)
B2[0,0,0,0,0,1,0,-1,0]*(-a5*s)
B2[0,0,1,0,0,0,0,0,0]*(-s*a2*m1^2-a2*m1^2*t)
B2[-1,0,1,0,0,0,0,0,0]*(-s*a2-a2*t)
B2[-1,0,0,0,1,0,0,0,0]*(-t*a4-s*a4)
B2[0,-1,0,0,1,0,0,0,0]*(t*a4+s*a4)
B2[0,-1,0,0,0,0,1,0,0]*(2*a6*t-s*a6)
B2[0,0,0,-1,0,0,1,0,0]*(-a6*t)
B2[0,0,0,0,1,0,0,0,-1]*(-t*a4-s*a4)
B2[0,0,0,0,0,0,1,0,0]*(s*a6*t)
B2[0,-1,0,0,0,0,0,0,1]*(-a8*t-a8*s)
B2[0,0,0,0,0,0,1,0,-1]*(s*a6)
B2[0,0,0,0,0,0,0,1,0]*(-s*m1^2*a7+m1^2*a7*t)
B2[-1,0,0,0,0,0,0,1,0]*(-s*a7+a7*t)
B2[0,0,-1,0,0,0,0,1,0]*(s*a7+a7*t)
B2[0,0,0,0,0,-1,0,1,0]*(-a7*t)
B2[0,0,0,0,1,0,0,0,0]*(-m1^2*t*a4-s*m1^2*a4)

B2[0,-1,0,1,0,0,0,0,0]*(-3*s*a3)
B2[0,0,0,1,0,0,-1,0,0]*(2*s*a3)
B2[0,0,0,1,0,0,0,0,0]*(-s^2*a3)
B2[-1,0,0,0,0,1,0,0,0]*(-a5*s)
B2[0,0,0,0,0,1,0,-1,0]*(a5*s)
B2[0,0,0,0,0,1,0,0,0]*(-a5*s*m1^2)
B2[0,-1,0,0,0,0,1,0,0]*(s*a6)
B2[0,0,0,0,0,0,0,0,0]*(s*a3-s*a7+a5*s+a5*t-a2*t-s*a6)
B2[-1,0,0,0,0,0,0,1,0]*(s*a7)
B2[0,0,0,0,0,0,0,0,1]*(-a8*s*t)
B2[0,0,0,0,0,0,0,1,0]*(s*m1^2*a7)
B2[0,0,0,0,1,0,0,-1,0]*(-s*a4)
B2[0,0,-1,0,0,1,0,0,0]*(-a5*s-a5*t)
B2[0,0,0,0,0,0,-1,0,1]*(-a8*s)
B2[0,0,0,-1,0,0,0,0,1]*(a8*t)
B2[0,0,0,0,1,-1,0,0,0]*(t*a4)
B2[0,-1,0,0,0,0,0,0,1]*(-a8*t+a8*s)
B2[0,0,0,-1,1,0,0,0,0]*(-t*a4)
B2[0,0,-1,0,1,0,0,0,0]*(-t*a4)
B2[-1,0,1,0,0,0,0,0,0]*(s*a2)
B2[0,0,1,0,0,0,0,-1,0]*(-s*a2)
B2[0,0,1,0,0,0,0,0,0]*(s*a2*m1^2)
B2[0,-1,0,0,1,0,0,0,0]*(t*a4-s*a4)
B2[0,0,0,0,1,0,0,0,0]*(s*m1^2*a4+s*t*a4)
B2[0,0,1,0,0,-1,0,0,0]*(a2*t)
B2[-1,0,0,0,1,0,0,0,0]*(s*a4)
B2[0,0,0,0,1,0,-1,0,0]*(s*a4)

