504 1531536499379968875 1 6
4 7 5 8 6 3 

500 16696610929435815931 1 6
4 8 6 7 5 2 

498 4336137559126815806 1 6
4 7 5 8 6 1 

497 16058661745846424523 1 6
4 8 6 7 5 0 

492 15635566925185363368 2 6
7 5 2 6 8 3 
7 5 2 8 6 3 

490 2512398972225886611 4 6
5 7 6 8 3 1 
5 7 8 6 3 1 
7 5 6 8 3 1 
7 5 8 6 3 1 

489 8725073954411433355 4 6
5 7 0 6 8 3 
5 7 0 8 6 3 
7 5 0 6 8 3 
7 5 0 8 6 3 

486 6071547184232690740 2 6
7 5 2 6 8 1 
7 5 2 8 6 1 

485 10672026938645979996 2 6
6 8 7 5 2 0 
8 6 7 5 2 0 

483 5319482840783131079 4 6
5 7 0 6 8 1 
5 7 0 8 6 1 
7 5 0 6 8 1 
7 5 0 8 6 1 

476 4480159444575421579 1 6
4 7 2 8 6 3 

474 11413632545044565859 1 6
4 7 8 6 3 1 

473 7418554731168838784 1 6
4 7 0 8 6 3 

470 15285087397784197174 1 6
4 7 2 8 6 1 

469 16857934360656143257 1 6
4 8 6 7 2 0 

467 7765955173856453416 1 6
4 7 0 8 6 1 

462 17409067066809725900 4 6
2 7 6 8 3 1 
2 7 8 6 3 1 
7 2 6 8 3 1 
7 2 8 6 3 1 

461 14844703563866111244 4 6
6 8 3 7 2 0 
6 8 3 2 7 0 
8 6 3 2 7 0 
8 6 3 7 2 0 

455 6374325766140526653 4 6
6 8 1 7 2 0 
6 8 1 2 7 0 
8 6 1 2 7 0 
8 6 1 7 2 0 

444 11964469247494026103 1 6
4 8 3 7 5 2 

442 4097160732850828547 1 6
4 7 5 8 1 3 

441 1296784409155600919 1 6
4 8 3 7 5 0 

438 4199066722830696316 1 6
4 8 1 7 5 2 

437 6152138773745824155 1 6
4 8 7 5 2 0 

435 12439699093511392596 1 6
4 8 1 7 5 0 

430 2545686199926457577 1 6
7 5 2 3 1 8 

429 3207087143106308712 1 6
3 8 7 5 2 0 

427 9618332497668500896 2 6
5 7 0 3 1 8 
7 5 0 3 1 8 

423 9208994938121491742 1 6
1 8 7 5 2 0 

414 1825938080577462224 1 6
4 7 2 8 3 1 

413 4771369903572295682 1 6
4 8 3 7 2 0 

411 8562508359537584371 1 6
4 7 0 8 3 1 

407 14580683896299517826 1 6
4 8 1 7 2 0 

399 14651465084615685658 2 6
2 7 0 3 1 8 
7 2 0 3 1 8 

380 10772604984861570273 2 6
4 2 5 6 8 3 
4 2 5 8 6 3 

378 11987868654644411654 2 6
4 5 6 8 1 3 
4 5 8 6 1 3 

377 12813036757335919736 1 6
4 0 5 6 8 3 

374 10996156364227793687 2 6
4 5 2 6 8 1 
4 5 2 8 6 1 

373 13170451116859145344 1 6
4 6 8 0 5 2 

371 14314487083027747285 1 6
4 0 5 6 8 1 

366 2983098543328139050 4 6
2 5 6 8 3 1 
2 5 8 6 3 1 
5 2 6 8 3 1 
5 2 8 6 3 1 

365 14975548977833212343 4 6
6 8 3 5 2 0 
6 8 3 2 5 0 
8 6 3 5 2 0 
8 6 3 2 5 0 

359 3547471326034739440 4 6
6 8 1 5 2 0 
6 8 1 2 5 0 
8 6 1 5 2 0 
8 6 1 2 5 0 

350 12779598668021687616 2 6
4 2 6 8 3 1 
4 2 8 6 3 1 

349 1347054057528932790 1 6
4 0 2 6 8 3 

347 15817336220133328141 1 6
4 0 6 8 3 1 

343 17261833579878774646 1 6
4 0 2 6 8 1 

109 7464569542106671226 2 5
3 6 5 2 0 
3 6 2 5 0 

103 2828409101777877848 2 5
1 6 2 5 0 
1 6 5 2 0 

94 16195659077480905719 1 5
4 2 3 1 6 

93 3364867929974524233 1 5
4 0 2 6 3 

91 2794495381864532109 1 5
4 0 6 3 1 

348 12019661410038997558 2 5
4 2 6 8 3 
4 2 8 6 3 

87 14256074791385601993 1 5
4 0 2 6 1 

344 4781713142573338100 2 4
4 6 8 3 
4 8 6 3 

62 16269891706908820324 2 5
4 3 1 5 2 
4 1 3 2 5 

61 7629149864533010794 2 5
3 4 2 5 0 
4 3 2 5 0 

318 4813760341878915889 1 6
4 5 2 3 1 8 

59 11559652672441666130 1 5
4 1 3 5 0 

316 5215718687315025886 1 5
4 3 8 2 5 

55 7629149864533010794 2 5
1 4 5 2 0 
4 1 5 2 0 

312 6879845631281508467 1 4
4 5 3 8 

47 8550036327203986908 4 5
1 3 2 5 0 
1 3 5 2 0 
3 1 2 5 0 
3 1 5 2 0 

304 8533824145127251727 2 3
4 5 8 
4 8 5 

31 11559652672441666130 1 5
4 3 1 2 0 

418 5586955677828348619 2 4
5 7 1 8 
7 5 1 8 

390 17520452208558333313 2 4
2 7 1 8 
7 2 1 8 

294 835276218342091669 2 4
1 8 5 2 
1 8 2 5 

232 4498452903570584108 2 4
5 7 3 6 
7 5 3 6 

480 18159398951093837362 4 4
5 7 6 8 
5 7 8 6 
7 5 6 8 
7 5 8 6 

226 5586955677828348619 2 4
5 7 1 6 
7 5 1 6 

204 16706246648776914870 2 4
2 7 3 6 
7 2 3 6 

452 5568158931765736262 8 4
2 7 6 8 
2 7 8 6 
6 8 7 2 
6 8 2 7 
7 2 6 8 
7 2 8 6 
8 6 7 2 
8 6 2 7 

198 17520452208558333313 2 4
2 7 1 6 
7 2 1 6 

424 4498452903570584108 2 4
5 7 3 8 
7 5 3 8 

167 3668030124471059285 1 5
1 7 5 2 0 

170 18250994044714910535 4 4
5 7 1 3 
5 7 3 1 
7 5 3 1 
7 5 1 3 

169 3253909431682071593 2 4
3 5 7 0 
3 7 5 0 

426 10447389357493672896 2 5
5 7 3 1 8 
7 5 3 1 8 

163 3253909431682071593 2 4
1 5 7 0 
1 7 5 0 

396 16706246648776914870 2 4
2 7 3 8 
7 2 3 8 

142 1979881353718354196 4 4
2 7 3 1 
2 7 1 3 
7 2 3 1 
7 2 1 3 

141 6934963488335717096 2 4
3 2 7 0 
3 7 2 0 

398 325566649988153406 2 5
2 7 3 1 8 
7 2 3 1 8 

401 10346926734345230251 1 4
4 8 7 0 

147 10163397271177605791 2 4
1 4 0 7 
4 1 0 7 

404 14639998256009746887 1 4
4 8 7 2 

274 17656326354493340191 1 3
4 1 8 

38 8634870613964526517 2 3
1 2 5 
1 5 2 

295 2828409101777877848 2 5
1 8 2 5 0 
1 8 5 2 0 

90 8651693490710992105 1 4
4 3 1 6 

176 14763710330307144267 2 3
4 5 7 
4 7 5 

433 3129240813943212082 1 5
4 8 7 5 0 

58 10169856404592560356 1 4
4 5 1 3 

315 14304800415130781622 1 6
4 5 0 1 3 8 

162 14763710330307144267 2 3
1 5 7 
1 7 5 

419 5657420807593764805 2 5
1 8 5 7 0 
1 8 7 5 0 

44 8634870613964526517 2 3
3 2 5 
3 5 2 

301 7464569542106671226 2 5
3 8 5 2 0 
3 8 2 5 0 

402 12458032513864554005 1 4
4 7 8 1 

275 1350421611143869986 1 4
4 0 1 8 

18 13811601009566447630 2 2
1 4 
4 1 

148 5697750978532764374 2 3
4 2 7 
4 7 2 

405 16370197442851068734 1 5
4 8 7 2 0 

284 3109059138242254331 1 4
4 2 3 8 

27 10885408293368597281 2 4
4 0 3 1 
4 0 1 3 

30 10169856404592560356 1 4
4 2 3 1 

287 8705453113181410030 1 6
4 2 0 3 1 8 

216 11123936169716122169 1 4
4 7 3 6 

89 521650032044127092 1 4
4 0 6 3 

346 3744939600689001159 2 5
4 6 8 3 1 
4 8 6 3 1 

282 8651693490710992105 1 4
4 3 1 8 

25 5929441778008549557 2 3
3 4 0 
4 3 0 

28 14818851316089404148 2 3
3 4 2 
4 3 2 

285 10139423452647114974 1 5
4 3 8 2 0 

88 4094615562703574106 1 3
4 3 6 

345 1642373447637077153 1 5
4 0 6 8 3 

156 4688632789828070965 2 4
3 4 2 7 
4 3 2 7 

29 2542277775100474447 2 4
3 4 2 0 
4 3 2 0 

286 16195659077480905719 1 5
4 2 3 1 8 

134 5697750978532764374 2 3
1 2 7 
1 7 2 

391 2967678695872976096 2 5
1 8 2 7 0 
1 8 7 2 0 

140 5697750978532764374 2 3
3 2 7 
3 7 2 

397 5646005433322301305 2 5
3 8 7 2 0 
3 8 2 7 0 

149 6934963488335717096 2 4
4 2 7 0 
4 7 2 0 

406 582737956998741270 1 5
4 7 2 8 1 

276 14464322681345727777 2 3
4 2 8 
4 8 2 

19 5929441778008549557 2 3
1 4 0 
4 1 0 

22 5929441778008549557 2 3
1 4 2 
4 1 2 

279 9196762756382579012 2 5
4 1 8 0 2 
4 1 8 2 0 

208 14464322681345727777 2 3
4 6 7 
4 7 6 

465 2552553552591044298 1 5
4 8 6 7 0 

81 5398266633630539269 2 3
4 0 6 
4 6 0 

338 4817687843505506170 2 4
4 6 8 1 
4 8 6 1 

277 4849430361981918121 2 4
4 8 0 2 
4 8 2 0 

150 10539416271728920838 2 4
1 4 2 7 
4 1 2 7 

23 13252871205337770529 4 4
1 4 2 0 
1 4 0 2 
4 1 2 0 
4 1 0 2 

280 4094615562703574106 1 3
4 3 8 

278 1350421611143869986 1 4
4 2 1 8 

24 13811601009566447630 2 2
3 4 
4 3 

281 6681661481881302487 1 4
4 0 3 8 

464 14639998256009746887 1 4
4 7 8 6 

207 14651465084615685658 2 6
2 7 0 3 1 6 
7 2 0 3 1 6 

337 14609479646097825927 1 4
4 0 6 8 

210 3224462700283131276 1 4
4 7 1 6 

83 13839625068710105106 1 4
4 0 6 1 

340 6298028786061420797 2 4
4 2 6 8 
4 2 8 6 

168 14763710330307144267 2 3
3 5 7 
3 7 5 

425 17589149637656067770 2 5
3 8 5 7 0 
3 8 7 5 0 

112 8533824145127251727 2 3
4 5 6 
4 6 5 

369 2677597217180333213 1 5
4 6 8 0 5 

180 822643310015681936 1 4
4 7 5 2 

53 10237761291075094997 2 4
4 2 5 0 
4 5 2 0 

310 5130075290639070766 1 5
4 1 8 5 2 

152 13871357917731074364 2 3
3 4 7 
4 3 7 

409 1319048013207050420 1 5
4 8 3 7 0 

84 14464322681345727777 2 3
4 2 6 
4 6 2 

341 771842205880220793 1 5
4 6 8 0 2 

153 8917144385363181632 2 4
3 4 0 7 
4 3 0 7 

410 15143926490237977867 1 5
4 7 8 3 1 

26 17730842381964932344 2 3
4 3 1 
4 1 3 

283 8936333898289333161 1 5
4 0 3 1 8 

212 6298028786061420797 2 4
4 6 2 7 
4 6 7 2 

85 17968063984761347139 1 4
4 6 0 2 

342 8040390840202699799 2 5
4 2 6 8 1 
4 2 8 6 1 

56 5929441778008549557 2 3
3 4 5 
4 3 5 

313 3798205711068489050 1 5
4 3 8 5 0 

306 2810813768204847925 1 4
4 5 1 8 

52 8634870613964526517 2 3
4 2 5 
4 5 2 

309 894951450646902563 1 5
4 8 5 2 0 

177 3253909431682071593 2 4
4 5 7 0 
4 7 5 0 

434 3075984833275633486 1 5
4 7 5 8 1 

50 14818851316089404148 2 3
1 4 5 
4 1 5 

307 11368939083848112487 1 5
4 1 8 5 0 

209 17968063984761347139 1 4
4 6 0 7 

466 16872601378198876334 1 5
4 7 8 6 1 

82 17656326354493340191 1 3
4 1 6 

339 16968199954848701536 1 5
4 0 6 8 1 

336 5697750978532764374 2 3
4 6 8 
4 8 6 

273 14464322681345727777 2 3
4 0 8 
4 8 0 

146 8978346329307520752 2 3
1 4 7 
4 1 7 

403 8794501459020695475 1 5
4 8 1 7 0 

400 3047226301015124850 2 3
4 7 8 
4 8 7 

143 16546320677268633738 4 5
1 3 2 7 0 
1 3 7 2 0 
3 1 2 7 0 
3 1 7 2 0 

300 4983252161963081937 2 4
3 8 5 2 
3 8 2 5 

46 4464135113881190930 4 4
1 3 2 5 
1 3 5 2 
3 1 2 5 
3 1 5 2 

303 856354961385518541 2 6
3 1 8 5 2 0 
3 1 8 2 5 0 

408 1701068046674968568 1 4
4 7 8 3 

151 3509081190337013457 2 5
1 4 2 7 0 
4 1 2 7 0 

154 11085576491209452512 1 4
4 7 3 1 

86 1350421611143869986 1 4
4 2 1 6 

166 822643310015681936 1 4
1 7 5 2 

39 10237761291075094997 2 4
1 2 5 0 
1 5 2 0 

172 822643310015681936 1 4
3 7 5 2 

45 10237761291075094997 2 4
3 2 5 0 
3 5 2 0 

302 15123512964542885831 2 5
2 5 3 1 8 
5 2 3 1 8 

432 4901044740930441352 1 4
4 8 7 5 

175 1476390435098145740 2 6
1 3 7 5 2 0 
3 1 7 5 2 0 

305 17602868424231897060 1 4
4 8 5 0 

178 17086274615392454023 2 4
1 4 5 7 
4 1 5 7 

51 2542277775100474447 2 4
1 4 5 0 
4 1 5 0 

308 17375172383236983018 1 4
4 8 5 2 

54 9884030426785595455 2 4
1 4 5 2 
4 1 5 2 

311 190753168684834119 1 6
4 1 8 5 2 0 

240 5957220961581114427 1 4
4 6 5 7 

113 9342820779332737427 1 4
4 6 0 5 

370 5535347932994428423 2 5
4 5 6 8 1 
4 5 8 6 1 

184 15456334336894066306 2 4
3 4 5 7 
4 3 5 7 

57 13252871205337770529 4 4
3 4 0 5 
3 4 5 0 
4 3 0 5 
4 3 5 0 

314 17562456485450621185 1 5
4 5 1 3 8 

116 17375172383236983018 1 4
4 6 5 2 

60 9884030426785595455 2 4
3 4 2 5 
4 3 2 5 

317 8044431556163357187 1 6
4 3 8 2 5 0 

92 3109059138242254331 1 4
4 2 3 6 

356 11817618753924715730 4 4
6 8 2 5 
6 8 5 2 
8 6 5 2 
8 6 2 5 

102 835276218342091669 2 4
1 6 5 2 
1 6 2 5 

108 4983252161963081937 2 4
3 6 5 2 
3 6 2 5 

368 6018002103966405847 2 4
4 5 6 8 
4 5 8 6 

111 856354961385518541 2 6
3 1 6 5 2 0 
3 1 6 2 5 0 

114 2810813768204847925 1 4
4 5 1 6 

120 6879845631281508467 1 4
4 5 3 6 

135 6934963488335717096 2 4
1 2 7 0 
1 7 2 0 

110 15123512964542885831 2 5
2 5 3 1 6 
5 2 3 1 6 

115 8843403490339518810 1 5
4 0 5 6 1 

372 16494253854718270070 2 5
4 6 8 5 2 
4 8 6 5 2 

117 16499560517107221959 1 5
4 6 0 5 2 

118 5130075290639070766 1 5
4 1 6 5 2 

121 378195374556598846 1 5
4 0 5 6 3 

122 17562456485450621185 1 5
4 5 1 3 6 

124 5215718687315025886 1 5
4 3 6 2 5 

155 2035436199613637535 1 5
4 3 1 0 7 

412 7140878970403965272 1 5
4 7 2 8 3 

157 5994298943675781697 2 5
3 4 2 7 0 
4 3 2 7 0 

158 11890017924927838469 1 5
4 2 7 3 1 

171 12309062640300185270 4 5
1 3 5 7 0 
1 3 7 5 0 
3 1 5 7 0 
3 1 7 5 0 

428 6379090224491825249 1 5
3 8 7 5 2 

173 3668030124471059285 1 5
3 7 5 2 0 

174 5689312743591395379 2 5
1 3 7 5 2 
3 1 7 5 2 

179 17552503683998064584 2 5
1 4 5 7 0 
4 1 5 7 0 

436 6425611491435901231 1 5
4 8 7 5 2 

181 3668030124471059285 1 5
4 7 5 2 0 

182 14833799058368401489 2 5
1 4 7 5 2 
4 1 7 5 2 

185 7798071253106221819 2 5
3 4 5 7 0 
4 3 5 7 0 

186 3031332131559896773 1 5
4 5 7 1 3 

188 1180249854496834013 2 5
3 4 7 5 2 
4 3 7 5 2 

199 2967678695872976096 2 5
1 6 2 7 0 
1 6 7 2 0 

205 5646005433322301305 2 5
3 6 2 7 0 
3 6 7 2 0 

206 325566649988153406 2 5
2 7 3 1 6 
7 2 3 1 6 

211 8789861638484118653 1 5
4 0 7 6 1 

468 17890715876618279519 2 5
4 7 2 8 6 
4 8 6 7 2 

213 12789004605022199965 2 5
4 6 2 7 0 
4 6 7 2 0 

214 16404822437427038729 1 5
4 2 7 1 6 

217 15886354912872168312 1 5
4 0 7 6 3 

218 10055385496387133050 1 5
4 7 3 1 6 

220 1154771579768395950 1 5
4 2 7 3 6 

227 5657420807593764805 2 5
1 6 5 7 0 
1 6 7 5 0 

484 3021136800975965599 2 5
6 8 7 5 2 
8 6 7 5 2 

230 10139961049268916380 1 5
1 6 7 5 2 

233 17589149637656067770 2 5
3 6 5 7 0 
3 6 7 5 0 

234 10447389357493672896 2 5
5 7 3 1 6 
7 5 3 1 6 

236 6379090224491825249 1 5
3 6 7 5 2 

241 2406807921649783678 1 5
4 6 5 7 0 

242 4030189186987657764 1 5
4 5 7 1 6 

244 3789272378493105986 1 5
4 6 7 5 2 

248 16174663734432529071 1 5
4 5 7 3 6 

357 14369608255985264164 4 5
6 8 5 2 0 
6 8 2 5 0 
8 6 5 2 0 
8 6 2 5 0 

358 14497693136420194452 4 5
2 5 6 8 1 
2 5 8 6 1 
5 2 6 8 1 
5 2 8 6 1 

364 18141945969878676774 4 5
2 5 6 8 3 
2 5 8 6 3 
5 2 6 8 3 
5 2 8 6 3 

376 6735745507270941696 2 5
4 5 6 8 3 
4 5 8 6 3 

119 16520978297815284161 1 6
4 6 1 0 5 2 

422 10139961049268916380 1 5
1 8 7 5 2 

440 2925563289301472798 1 5
4 7 5 8 3 

183 17627317120461999203 2 6
1 4 7 5 2 0 
4 1 7 5 2 0 

453 15486635454966755162 4 5
6 8 7 2 0 
6 8 2 7 0 
8 6 2 7 0 
8 6 7 2 0 

454 6452873930458632724 4 5
2 7 6 8 1 
2 7 8 6 1 
7 2 6 8 1 
7 2 8 6 1 

460 10234341217018974287 4 5
2 7 6 8 3 
2 7 8 6 3 
7 2 6 8 3 
7 2 8 6 3 

472 2999219583425376518 1 5
4 7 8 6 3 

215 4785520011774364438 1 6
4 6 1 2 7 0 

481 4288392202833259753 4 5
6 8 7 5 0 
6 8 5 7 0 
8 6 5 7 0 
8 6 7 5 0 

482 7185285854806889846 4 5
5 7 6 8 1 
5 7 8 6 1 
7 5 6 8 1 
7 5 8 6 1 

488 17153891732567204935 4 5
5 7 6 8 3 
5 7 8 6 3 
7 5 6 8 3 
7 5 8 6 3 

231 9208994938121491742 1 6
1 6 7 5 2 0 

496 8781897887308974232 1 5
4 7 5 8 6 

63 9527383311758774462 2 6
4 1 3 2 5 0 
4 3 1 5 2 0 

95 2068905600584339505 1 6
4 0 2 6 3 1 

123 16649085122821511951 1 6
4 0 5 6 1 3 

125 3649498732495136019 1 6
4 6 3 0 2 5 

126 4813760341878915889 1 6
4 5 2 3 1 6 

159 5460548447949670294 1 6
4 3 1 2 7 0 

187 17169336112717957403 1 6
4 1 3 5 7 0 

189 14953076934000763425 2 6
3 4 7 5 2 0 
4 3 7 5 2 0 

190 7881878792818447878 1 6
4 3 1 7 5 2 

219 5783924378322371931 1 6
4 0 7 6 3 1 

221 2696845114984431498 1 6
4 6 3 2 7 0 

222 15371622061825129275 1 6
4 2 7 3 1 6 

235 9618332497668500896 2 6
5 7 0 3 1 6 
7 5 0 3 1 6 

237 3207087143106308712 1 6
3 6 7 5 2 0 

238 2545686199926457577 1 6
7 5 2 3 1 6 

243 9167367506612255875 1 6
4 6 1 5 7 0 

245 13156606790529721861 1 6
4 6 7 5 2 0 

246 14634333589263560207 1 6
4 1 6 7 5 2 

249 13455171452644242329 1 6
4 6 3 5 7 0 

250 12968513290087897345 1 6
4 5 7 1 3 6 

252 8136896456767249420 1 6
4 3 6 7 5 2 

