0
8 9
0 5
1 0 0 0 0 0 0 0 0 0 
2 0 0 0 0 -1 0 0 0 2*s+m1^2 
2 0 0 0 0 0 0 -1 0 2*m1^2+2*mm^2 
0 0 1 0 0 0 0 0 0 0 
0 -1 1 0 0 1 1 -1 0 -s+2*m1^2+mm^2 
4 -2 2 0 0 0 0 -2 1 -m2^2+7*m1^2+2*mm^2 
2 -1 2 0 0 0 0 0 0 4*m1^2 
2 0 0 -1 0 0 0 0 0 2*m1^2 
1 1 1 -1 -1 0 0 0 0 2*m1^2 

0
8 10
0 5
0 0 0 0 0 1 0 0 0 -m1^2 
1 0 0 0 0 0 0 0 0 0 
1 0 0 0 0 1 0 -1 0 -s+m1^2+2*mm^2 
0 0 1 0 0 0 0 0 0 0 
0 -1 1 0 0 1 1 -1 0 -s+2*m1^2+mm^2 
2 -2 2 0 0 2 1 -2 0 -m2^2-2*s+5*m1^2+2*mm^2 
0 -1 2 0 0 2 1 0 -1 -s+2*m1^2 
1 0 0 -1 0 1 0 0 0 -s+m1^2 
1 1 1 -1 -1 0 0 0 0 2*m1^2 

0
8 11
0 321
0 0 0 0 0 0 0 0 1 0 
0 0 0 0 0 0 1 0 0 0 
0 1 0 0 0 0 0 0 0 0 
1 0 0 0 0 0 0 0 0 0 
1 0 0 0 0 1 0 -1 0 -s+m1^2+2*mm^2 
2 2 -1 0 0 0 0 0 0 -m2^2+m1^2 
1 1 -1 0 0 0 0 1 1 m1^2-mm^2 
0 -1 0 0 1 0 0 0 1 m1^2-mm^2+t 
2 0 0 -1 0 0 0 0 0 2*m1^2 

1
8 13
0 67
0 0 0 0 0 0 1 0 0 0 
0 0 1 0 0 0 0 0 0 0 
0 1 0 0 0 0 0 0 0 0 
1 0 0 0 0 0 0 0 0 0 
0 0 1 0 0 0 0 0 0 0 
0 0 1 0 0 0 0 0 0 0 
0 0 1 0 0 0 0 0 0 0 
0 0 1 0 0 0 0 0 0 0 
0 0 1 0 0 0 0 0 0 0 

0
8 14
0 67
0 0 0 0 0 0 0 0 1 0 
0 0 0 0 0 0 1 0 0 0 
0 1 0 0 0 0 0 0 0 0 
1 0 0 0 0 0 0 0 0 0 
1 0 0 0 0 1 0 -1 0 -s+m1^2+2*mm^2 
2 2 -1 0 0 0 0 0 0 -m2^2+m1^2 
1 1 -1 0 0 0 0 1 1 m1^2-mm^2 
0 -1 0 0 1 0 0 0 1 m1^2-mm^2+t 
2 0 0 -1 0 0 0 0 0 2*m1^2 

0
8 15
0 323
0 0 0 0 0 0 0 0 1 0 
0 0 0 0 0 0 1 0 0 0 
0 1 0 0 0 0 0 0 0 0 
1 0 0 0 0 0 0 0 0 0 
1 0 0 0 0 1 0 -1 0 -s+m1^2+2*mm^2 
2 2 -1 0 0 0 0 0 0 -m2^2+m1^2 
1 1 -1 0 0 0 0 1 1 m1^2-mm^2 
0 -1 0 0 1 0 0 0 1 m1^2-mm^2+t 
2 0 0 -1 0 0 0 0 0 2*m1^2 

0
8 25
0 67
1 0 0 0 0 0 0 0 0 0 
2 0 0 0 0 -1 0 0 0 2*s+m1^2 
2 0 0 0 0 0 0 -1 0 2*m1^2+2*mm^2 
0 0 0 0 0 0 1 0 0 0 
0 1 0 0 0 0 0 0 0 0 
3 2 -1 0 0 -1 1 0 -1 -m2^2+2*s+2*m1^2 
2 1 -1 0 0 -1 1 1 0 s+2*m1^2-mm^2 
2 0 0 -1 0 0 0 0 0 2*m1^2 
0 -1 0 0 1 0 1 0 0 s+m1^2-mm^2+t 

0
8 26
0 67
0 0 0 0 0 1 0 0 0 -m1^2 
1 0 0 0 0 0 0 0 0 0 
1 0 0 0 0 1 0 -1 0 -s+m1^2+2*mm^2 
0 0 0 0 0 0 1 0 0 0 
0 1 0 0 0 0 0 0 0 0 
2 2 -1 0 0 0 0 0 0 -m2^2+m1^2 
1 1 -1 0 0 0 0 1 1 m1^2-mm^2 
1 0 0 -1 0 1 0 0 0 -s+m1^2 
0 -1 0 0 1 0 1 0 0 s+m1^2-mm^2+t 

1
8 27
0 449
0 0 0 0 0 0 1 0 0 0 
0 0 0 0 0 0 0 0 1 0 
0 1 0 0 0 0 0 0 0 0 
1 0 0 0 0 0 0 0 0 0 
0 0 0 0 0 0 0 1 0 0 
0 1 0 0 0 0 0 0 0 0 
0 1 0 0 0 0 0 0 0 0 
0 1 0 0 0 0 0 0 0 0 
0 1 0 0 0 0 0 0 0 0 

0
8 29
0 195
1 0 0 0 0 0 0 0 0 0 
0 0 0 0 0 1 0 0 0 -m1^2 
0 0 0 0 0 0 0 1 0 0 
0 0 0 0 0 0 1 0 0 0 
0 1 0 0 0 0 0 0 0 0 
-1 0 1 0 0 1 1 0 -1 -m2^2 
0 -1 1 0 0 1 1 -1 0 -s+2*m1^2+mm^2 
0 0 0 1 0 0 0 0 0 0 
0 -1 0 0 1 0 1 0 0 s+m1^2-mm^2+t 

1
8 30
0 195
0 0 1 0 0 0 0 0 0 0 
1 0 0 0 0 0 0 0 0 0 
0 0 0 0 0 0 0 1 0 0 
0 0 0 0 0 0 1 0 0 0 
0 1 0 0 0 0 0 0 0 0 
0 0 1 0 0 0 0 0 0 0 
0 0 1 0 0 0 0 0 0 0 
0 0 1 0 0 0 0 0 0 0 
0 0 1 0 0 0 0 0 0 0 

1
8 31
0 451
0 0 0 0 0 0 1 0 0 0 
0 0 0 0 0 0 0 0 1 0 
0 1 0 0 0 0 0 0 0 0 
1 0 0 0 0 0 0 0 0 0 
0 0 0 0 0 0 0 1 0 0 
0 0 1 0 0 0 0 0 0 0 
0 0 1 0 0 0 0 0 0 0 
0 0 1 0 0 0 0 0 0 0 
0 0 1 0 0 0 0 0 0 0 

0
8 33
7 9
1 0 0 0 0 0 0 0 0 0 
1 1 -1 0 0 0 0 0 0 s 
0 1 0 0 0 0 0 0 0 0 
0 2 0 2 0 -1 0 0 0 m2^2-m1^2 
1 2 -1 2 -1 -1 0 0 1 2*s+m1^2-mm^2 
0 0 0 1 0 0 0 0 0 0 
0 0 0 2 0 0 0 0 -1 2*m2^2+2*mm^2 
0 0 0 0 0 0 0 1 0 0 
1 2 0 1 0 -1 1 -1 0 m1^2-mm^2+t 

0
8 34
7 9
1 -1 1 0 0 0 0 0 0 s 
1 0 0 0 0 0 0 0 0 0 
0 0 1 0 0 0 0 0 0 0 
0 1 1 1 1 -1 0 0 0 m2^2-s-m1^2 
1 1 0 1 0 -1 0 0 1 m1^2-mm^2 
0 0 0 1 0 0 0 0 0 0 
0 0 0 2 0 0 0 0 -1 2*m2^2+2*mm^2 
0 -1 1 0 0 0 0 1 0 0 
1 1 1 0 1 -1 1 -1 0 m1^2-mm^2+t 

0
8 37
7 11
1 0 0 0 0 0 0 0 0 0 
1 1 -1 0 0 0 0 0 0 s 
0 1 0 0 0 0 0 0 0 0 
0 2 0 2 0 -1 0 0 0 m2^2-m1^2 
1 2 -1 2 -1 -1 0 0 1 2*s+m1^2-mm^2 
0 0 0 1 0 0 0 0 0 0 
0 0 0 2 0 0 0 0 -1 2*m2^2+2*mm^2 
0 0 0 0 0 0 0 1 0 0 
1 2 0 1 0 -1 1 -1 0 m1^2-mm^2+t 

1
8 38
7 11
0 0 1 0 0 0 0 0 0 0 
1 0 0 0 0 0 0 0 0 0 
0 1 0 0 0 0 0 0 0 0 
0 0 1 0 0 0 0 0 0 0 
0 0 1 0 0 0 0 0 0 0 
0 0 0 1 0 0 0 0 0 0 
0 0 1 0 0 0 0 0 0 0 
0 0 1 0 0 0 0 0 0 0 
0 0 1 0 0 0 0 0 0 0 

0
8 40
7 9
0 2 0 2 0 -1 0 0 0 m2^2-m1^2 
0 1 1 1 1 -1 0 0 0 m2^2-s-m1^2 
1 1 0 1 0 -1 0 0 1 m1^2-mm^2 
1 0 0 0 0 0 0 0 0 0 
0 0 1 0 0 0 0 0 0 0 
0 0 0 1 0 0 0 0 0 0 
0 0 0 2 0 0 0 0 -1 2*m2^2+2*mm^2 
1 2 0 1 0 -1 1 -1 0 m1^2-mm^2+t 
0 0 0 0 0 0 0 1 0 0 

1
8 42
8 41
0 1 0 0 0 0 0 0 0 0 
1 0 0 0 0 0 0 0 0 0 
0 1 0 0 0 0 0 0 0 0 
0 0 0 1 0 0 0 0 0 0 
0 1 0 0 0 0 0 0 0 0 
0 0 0 0 0 1 0 0 0 0 
0 1 0 0 0 0 0 0 0 0 
0 1 0 0 0 0 0 0 0 0 
0 1 0 0 0 0 0 0 0 0 

0
8 44
7 289
0 0 0 1 0 0 0 0 0 m2^2-m1^2 
0 0 0 0 1 0 0 0 0 m2^2-m1^2 
0 0 0 0 0 0 0 0 1 0 
1 0 0 0 0 0 0 0 0 0 
0 0 1 0 0 0 0 0 0 0 
0 0 0 0 0 1 0 0 0 0 
1 -1 0 1 0 1 0 0 -1 2*m2^2+m1^2+mm^2 
0 0 0 0 0 0 1 0 0 0 
0 0 0 0 0 0 0 1 0 0 

1
8 46
8 45
0 1 0 0 0 0 0 0 0 0 
1 0 0 0 0 0 0 0 0 0 
0 0 1 0 0 0 0 0 0 0 
0 0 0 1 0 0 0 0 0 0 
0 1 0 0 0 0 0 0 0 0 
0 0 0 0 0 1 0 0 0 0 
0 1 0 0 0 0 0 0 0 0 
0 1 0 0 0 0 0 0 0 0 
0 1 0 0 0 0 0 0 0 0 

0
8 50
7 289
1 -1 1 0 0 0 0 0 0 s 
1 0 0 0 0 0 0 0 0 0 
0 0 1 0 0 0 0 0 0 0 
0 0 0 0 1 0 0 0 0 m2^2-m1^2 
0 0 0 0 0 0 0 0 1 0 
0 0 0 0 0 1 0 0 0 0 
1 -1 0 1 0 1 0 0 -1 2*m2^2+m1^2+mm^2 
0 -1 1 0 0 0 0 1 0 0 
0 0 0 -1 1 0 1 0 0 s 

1
8 52
7 290
1 0 0 0 0 0 0 0 0 0 
1 0 0 0 0 0 0 0 0 0 
0 0 0 0 0 0 0 0 1 0 
1 0 0 0 0 0 0 0 0 0 
0 1 0 0 0 0 0 0 0 0 
0 0 0 0 0 1 0 0 0 0 
1 0 0 0 0 0 0 0 0 0 
1 0 0 0 0 0 0 0 0 0 
1 0 0 0 0 0 0 0 0 0 

1
8 54
7 291
0 0 1 0 0 0 0 0 0 0 
1 0 0 0 0 0 0 0 0 0 
0 1 0 0 0 0 0 0 0 0 
0 0 1 0 0 0 0 0 0 0 
0 0 0 0 0 0 0 0 1 0 
0 0 0 0 0 1 0 0 0 0 
0 0 1 0 0 0 0 0 0 0 
0 0 1 0 0 0 0 0 0 0 
0 0 1 0 0 0 0 0 0 0 

1
8 56
7 11
0 0 1 0 0 0 0 0 0 0 
0 0 1 0 0 0 0 0 0 0 
0 0 1 0 0 0 0 0 0 0 
1 0 0 0 0 0 0 0 0 0 
0 1 0 0 0 0 0 0 0 0 
0 0 0 1 0 0 0 0 0 0 
0 0 1 0 0 0 0 0 0 0 
0 0 1 0 0 0 0 0 0 0 
0 0 1 0 0 0 0 0 0 0 

1
8 58
8 45
0 1 0 0 0 0 0 0 0 0 
0 0 0 1 0 0 0 0 0 0 
0 1 0 0 0 0 0 0 0 0 
1 0 0 0 0 0 0 0 0 0 
0 0 1 0 0 0 0 0 0 0 
0 0 0 0 0 1 0 0 0 0 
0 1 0 0 0 0 0 0 0 0 
0 1 0 0 0 0 0 0 0 0 
0 1 0 0 0 0 0 0 0 0 

1
8 60
7 291
0 0 1 0 0 0 0 0 0 0 
0 0 1 0 0 0 0 0 0 0 
0 0 0 0 0 0 0 0 1 0 
1 0 0 0 0 0 0 0 0 0 
0 1 0 0 0 0 0 0 0 0 
0 0 0 0 0 1 0 0 0 0 
0 0 1 0 0 0 0 0 0 0 
0 0 1 0 0 0 0 0 0 0 
0 0 1 0 0 0 0 0 0 0 

0
8 73
0 7
1 0 0 0 0 0 0 0 0 0 
0 0 0 0 0 1 0 0 0 -m1^2 
0 0 0 0 0 0 0 1 0 0 
0 0 1 0 0 0 0 0 0 0 
0 -1 1 0 0 1 1 -1 0 -s+2*m1^2+mm^2 
0 0 0 0 0 0 0 0 1 -m2^2+m1^2 
0 1 0 0 0 0 0 0 0 0 
0 0 0 1 0 0 0 0 0 0 
1 1 1 -1 -1 0 0 0 0 2*m1^2 

0
8 74
0 196
-1 0 1 0 0 1 1 0 -1 -m1^2 
0 0 1 0 0 0 0 0 0 0 
0 -1 1 0 0 1 1 -1 0 -s+2*m1^2+mm^2 
0 0 0 0 0 0 1 0 0 0 
0 1 0 0 0 0 0 0 0 0 
1 0 0 0 0 0 0 0 0 -m2^2+m1^2 
0 0 0 0 0 0 0 1 0 0 
0 1 1 -1 -1 1 1 0 -1 -s+m1^2 
0 -1 0 0 1 0 1 0 0 s+m1^2-mm^2+t 

0
8 75
0 452
0 0 0 0 0 0 0 0 1 0 
0 0 0 0 0 0 1 0 0 0 
0 1 0 0 0 0 0 0 0 0 
0 0 1 0 0 0 0 0 0 0 
0 -1 1 0 0 1 1 -1 0 -s+2*m1^2+mm^2 
1 0 0 0 0 0 0 0 0 -m2^2+m1^2 
0 0 0 0 0 0 0 1 0 0 
0 -1 0 0 1 0 0 0 1 m1^2-mm^2+t 
1 1 1 -1 -1 0 0 0 0 2*m1^2 

0
8 76
0 134
0 0 0 0 0 0 0 0 1 0 
0 0 0 0 0 0 1 0 0 0 
0 1 0 0 0 0 0 0 0 0 
0 0 1 0 0 0 0 0 0 0 
0 -1 1 0 0 1 1 -1 0 -s+2*m1^2+mm^2 
1 0 0 0 0 0 0 0 0 -m2^2+m1^2 
0 0 0 0 0 0 0 1 0 0 
0 -1 0 0 1 0 0 0 1 m1^2-mm^2+t 
1 1 1 -1 -1 0 0 0 0 2*m1^2 

0
8 77
0 135
1 0 0 0 0 0 0 0 0 0 
0 0 0 0 0 1 0 0 0 -m1^2 
0 0 0 0 0 0 0 1 0 0 
0 0 1 0 0 0 0 0 0 0 
0 -1 1 0 0 1 1 -1 0 -s+2*m1^2+mm^2 
0 0 0 0 0 0 0 0 1 -m2^2+m1^2 
0 1 0 0 0 0 0 0 0 0 
0 0 0 1 0 0 0 0 0 0 
1 1 1 -1 -1 0 0 0 0 2*m1^2 

0
8 78
0 198
0 0 0 0 0 0 0 0 1 0 
0 0 0 0 0 0 1 0 0 0 
0 1 0 0 0 0 0 0 0 0 
0 0 1 0 0 0 0 0 0 0 
0 -1 1 0 0 1 1 -1 0 -s+2*m1^2+mm^2 
1 0 0 0 0 0 0 0 0 -m2^2+m1^2 
0 0 0 0 0 0 0 1 0 0 
0 -1 0 0 1 0 0 0 1 m1^2-mm^2+t 
1 1 1 -1 -1 0 0 0 0 2*m1^2 

0
8 79
0 454
0 0 0 0 0 0 0 0 1 0 
0 0 0 0 0 0 1 0 0 0 
0 1 0 0 0 0 0 0 0 0 
0 0 1 0 0 0 0 0 0 0 
0 -1 1 0 0 1 1 -1 0 -s+2*m1^2+mm^2 
1 0 0 0 0 0 0 0 0 -m2^2+m1^2 
0 0 0 0 0 0 0 1 0 0 
0 -1 0 0 1 0 0 0 1 m1^2-mm^2+t 
1 1 1 -1 -1 0 0 0 0 2*m1^2 

1
8 81
0 134
0 0 1 0 0 0 0 0 0 0 
1 0 0 0 0 0 0 0 0 0 
1 0 0 0 0 0 0 0 0 0 
1 0 0 0 0 0 0 0 0 0 
0 1 0 0 0 0 0 0 0 0 
1 0 0 0 0 0 0 0 0 0 
0 0 0 0 0 0 0 1 0 0 
1 0 0 0 0 0 0 0 0 0 
1 0 0 0 0 0 0 0 0 0 

0
8 82
0 134
-1 0 1 0 0 1 1 0 -1 -m1^2 
0 0 1 0 0 0 0 0 0 0 
0 -1 1 0 0 1 1 -1 0 -s+2*m1^2+mm^2 
0 0 0 0 0 0 1 0 0 0 
0 1 0 0 0 0 0 0 0 0 
1 0 0 0 0 0 0 0 0 -m2^2+m1^2 
0 0 0 0 0 0 0 1 0 0 
0 1 1 -1 -1 1 1 0 -1 -s+m1^2 
0 -1 0 0 1 0 1 0 0 s+m1^2-mm^2+t 

0
8 83
2 57
0 0 0 0 1 0 0 0 0 0 
0 0 0 1 0 0 0 0 0 0 
0 0 0 1 1 0 0 0 -1 -s+2*m1^2+2*mm^2 
0 0 1 0 0 0 0 0 0 0 
1 0 0 0 0 0 0 0 0 0 
1 -1 0 1 0 1 0 0 -1 -m2^2+mm^2 
0 0 0 0 0 1 0 0 0 0 
0 0 0 1 1 0 -1 0 0 -s+2*m1^2 
1 0 1 0 0 0 0 -1 0 s+m1^2-mm^2+t 

1
8 86
8 85
0 1 0 0 0 0 0 0 0 0 
1 0 0 0 0 0 0 0 0 0 
0 0 1 0 0 0 0 0 0 0 
0 1 0 0 0 0 0 0 0 0 
0 0 0 0 1 0 0 0 0 0 
0 1 0 0 0 0 0 0 0 0 
0 0 0 0 0 0 1 0 0 0 
0 1 0 0 0 0 0 0 0 0 
0 1 0 0 0 0 0 0 0 0 

1
8 89
0 135
0 0 1 0 0 0 0 0 0 0 
0 0 0 1 0 0 0 0 0 0 
0 0 0 1 0 0 0 0 0 0 
1 0 0 0 0 0 0 0 0 0 
0 0 0 0 0 0 0 1 0 0 
0 0 0 1 0 0 0 0 0 0 
0 1 0 0 0 0 0 0 0 0 
0 0 0 1 0 0 0 0 0 0 
0 0 0 1 0 0 0 0 0 0 

0
8 90
0 198
-1 0 1 0 0 1 1 0 -1 -m1^2 
0 0 1 0 0 0 0 0 0 0 
0 -1 1 0 0 1 1 -1 0 -s+2*m1^2+mm^2 
0 0 0 0 0 0 1 0 0 0 
0 1 0 0 0 0 0 0 0 0 
1 0 0 0 0 0 0 0 0 -m2^2+m1^2 
0 0 0 0 0 0 0 1 0 0 
0 1 1 -1 -1 1 1 0 -1 -s+m1^2 
0 -1 0 0 1 0 1 0 0 s+m1^2-mm^2+t 

1
8 91
2 59
0 0 0 1 0 0 0 0 0 0 
0 0 0 0 1 0 0 0 0 0 
0 0 1 0 0 0 0 0 0 0 
0 1 0 0 0 0 0 0 0 0 
1 0 0 0 0 0 0 0 0 0 
0 0 1 0 0 0 0 0 0 0 
0 0 0 0 0 1 0 0 0 0 
0 0 1 0 0 0 0 0 0 0 
0 0 1 0 0 0 0 0 0 0 

1
8 92
8 85
0 1 0 0 0 0 0 0 0 0 
0 1 0 0 0 0 0 0 0 0 
0 0 0 0 1 0 0 0 0 0 
1 0 0 0 0 0 0 0 0 0 
0 0 1 0 0 0 0 0 0 0 
0 1 0 0 0 0 0 0 0 0 
0 0 0 0 0 0 1 0 0 0 
0 1 0 0 0 0 0 0 0 0 
0 1 0 0 0 0 0 0 0 0 

0
8 97
7 265
1 0 0 0 0 0 0 0 0 0 
1 1 -1 0 0 0 0 0 0 s 
0 1 0 0 0 0 0 0 0 0 
0 0 0 0 0 1 0 0 0 m2^2-m1^2 
1 0 -1 0 1 1 0 0 -1 2*m2^2+m1^2+mm^2 
0 0 0 1 0 0 0 0 0 0 
0 0 0 0 0 0 0 0 1 0 
0 0 0 0 0 0 0 1 0 0 
1 0 0 1 0 1 -1 -1 0 2*m2^2+m1^2-mm^2+t 

0
8 98
7 265
1 -1 1 0 0 0 0 0 0 s 
1 0 0 0 0 0 0 0 0 0 
0 0 1 0 0 0 0 0 0 0 
0 -1 1 1 -1 1 0 0 0 m2^2+s-m1^2 
1 -1 0 1 0 1 0 0 -1 2*m2^2+m1^2+mm^2 
0 0 0 1 0 0 0 0 0 0 
0 0 0 0 0 0 0 0 1 0 
0 -1 1 0 0 0 0 1 0 0 
1 -1 1 2 -1 1 -1 -1 0 2*m2^2+2*s+m1^2-mm^2+t 

0
8 101
7 267
1 0 0 0 0 0 0 0 0 0 
1 1 -1 0 0 0 0 0 0 s 
0 1 0 0 0 0 0 0 0 0 
0 0 0 0 0 1 0 0 0 m2^2-m1^2 
1 0 -1 0 1 1 0 0 -1 2*m2^2+m1^2+mm^2 
0 0 0 1 0 0 0 0 0 0 
0 0 0 0 0 0 0 0 1 0 
0 0 0 0 0 0 0 1 0 0 
1 0 0 1 0 1 -1 -1 0 2*m2^2+m1^2-mm^2+t 

1
8 102
7 267
0 0 1 0 0 0 0 0 0 0 
1 0 0 0 0 0 0 0 0 0 
0 1 0 0 0 0 0 0 0 0 
0 0 1 0 0 0 0 0 0 0 
0 0 1 0 0 0 0 0 0 0 
0 0 0 1 0 0 0 0 0 0 
0 0 0 0 0 0 0 0 1 0 
0 0 1 0 0 0 0 0 0 0 
0 0 1 0 0 0 0 0 0 0 

0
8 104
7 265
0 0 0 0 0 1 0 0 0 m2^2-m1^2 
0 -1 1 1 -1 1 0 0 0 m2^2+s-m1^2 
1 -1 0 1 0 1 0 0 -1 2*m2^2+m1^2+mm^2 
1 0 0 0 0 0 0 0 0 0 
0 0 1 0 0 0 0 0 0 0 
0 0 0 1 0 0 0 0 0 0 
0 0 0 0 0 0 0 0 1 0 
1 0 0 1 0 1 -1 -1 0 2*m2^2+m1^2-mm^2+t 
0 0 0 0 0 0 0 1 0 0 

0
8 114
8 108
-1 0 1 0 1 -1 1 0 0 -m2^2+s-2*m1^2-mm^2 
0 0 0 1 0 0 0 0 0 0 
0 0 0 0 1 0 0 0 0 0 
0 1 0 0 0 0 0 0 0 0 
0 0 1 0 0 0 0 0 0 0 
0 0 0 0 0 1 0 0 0 0 
0 0 0 0 0 0 1 0 0 0 
-1 0 1 -1 1 -1 1 0 1 -m2^2-2*m1^2-mm^2 
-1 1 0 0 0 0 0 1 0 s 

1
8 120
7 267
0 0 1 0 0 0 0 0 0 0 
0 0 1 0 0 0 0 0 0 0 
0 0 1 0 0 0 0 0 0 0 
1 0 0 0 0 0 0 0 0 0 
0 1 0 0 0 0 0 0 0 0 
0 0 0 1 0 0 0 0 0 0 
0 0 0 0 0 0 0 0 1 0 
0 0 1 0 0 0 0 0 0 0 
0 0 1 0 0 0 0 0 0 0 

0
8 122
8 110
-1 0 1 0 1 -1 1 0 0 -m2^2+s-2*m1^2-mm^2 
0 0 0 1 0 0 0 0 0 0 
0 0 0 0 1 0 0 0 0 0 
0 1 0 0 0 0 0 0 0 0 
0 0 1 0 0 0 0 0 0 0 
0 0 0 0 0 1 0 0 0 0 
0 0 0 0 0 0 1 0 0 0 
-1 0 1 -1 1 -1 1 0 1 -m2^2-2*m1^2-mm^2 
-1 1 0 0 0 0 0 1 0 s 

0
8 124
8 118
-1 0 1 0 1 -1 1 0 0 -m2^2+s-2*m1^2-mm^2 
0 0 0 1 0 0 0 0 0 0 
0 0 0 0 1 0 0 0 0 0 
0 1 0 0 0 0 0 0 0 0 
0 0 1 0 0 0 0 0 0 0 
0 0 0 0 0 1 0 0 0 0 
0 0 0 0 0 0 1 0 0 0 
-1 0 1 -1 1 -1 1 0 1 -m2^2-2*m1^2-mm^2 
-1 1 0 0 0 0 0 1 0 s 

0
8 137
0 13
1 0 0 0 0 0 0 0 0 0 
0 0 0 0 0 1 0 0 0 -m1^2 
0 0 0 0 0 0 0 1 0 0 
0 0 1 0 0 0 0 0 0 0 
0 -1 1 0 0 1 1 -1 0 -s+2*m1^2+mm^2 
0 0 0 0 0 0 0 0 1 -m2^2+m1^2 
0 1 0 0 0 0 0 0 0 0 
0 0 0 1 0 0 0 0 0 0 
1 1 1 -1 -1 0 0 0 0 2*m1^2 

1
8 138
0 13
0 1 0 0 0 0 0 0 0 0 
1 0 0 0 0 0 0 0 0 0 
0 1 0 0 0 0 0 0 0 0 
0 0 1 0 0 0 0 0 0 0 
0 1 0 0 0 0 0 0 0 0 
0 1 0 0 0 0 0 0 0 0 
0 1 0 0 0 0 0 0 0 0 
0 0 0 1 0 0 0 0 0 0 
0 1 0 0 0 0 0 0 0 0 

0
8 139
1 89
0 0 0 1 0 0 0 0 0 0 
0 0 0 0 1 0 0 0 0 0 
0 0 0 0 0 0 0 0 1 0 
1 0 0 0 0 0 0 0 0 0 
0 0 1 0 0 0 0 0 0 0 
0 0 0 0 0 1 0 0 0 -m2^2+m1^2 
1 -1 0 1 0 1 0 0 -1 3*m1^2+mm^2 
0 0 0 0 0 0 1 0 0 0 
0 0 0 0 0 0 0 1 0 0 

0
8 140
0 140
-1 0 0 1 0 0 0 1 0 -2*m1^2+mm^2-t 
0 0 0 1 0 -1 0 1 0 -m1^2+mm^2-t 
0 0 0 1 0 0 0 0 0 0 
0 0 1 0 0 0 0 0 0 0 
0 -1 1 0 0 1 1 -1 0 -s+2*m1^2+mm^2 
0 -2 2 2 1 0 0 0 0 -m2^2+2*m1^2 
-2 -1 2 2 1 0 0 2 -1 -m1^2+mm^2-t 
0 0 0 0 0 0 0 1 0 0 
1 1 1 -1 -1 0 0 0 0 2*m1^2 

0
8 141
0 141
1 0 0 0 0 0 0 0 0 0 
0 0 0 0 0 1 0 0 0 -m1^2 
0 0 0 0 0 0 0 1 0 0 
0 0 1 0 0 0 0 0 0 0 
0 -1 1 0 0 1 1 -1 0 -s+2*m1^2+mm^2 
0 0 0 0 0 0 0 0 1 -m2^2+m1^2 
0 1 0 0 0 0 0 0 0 0 
0 0 0 1 0 0 0 0 0 0 
1 1 1 -1 -1 0 0 0 0 2*m1^2 

1
8 142
0 141
0 1 0 0 0 0 0 0 0 0 
1 0 0 0 0 0 0 0 0 0 
0 0 0 0 0 0 0 1 0 0 
0 0 1 0 0 0 0 0 0 0 
0 1 0 0 0 0 0 0 0 0 
0 1 0 0 0 0 0 0 0 0 
0 1 0 0 0 0 0 0 0 0 
0 0 0 1 0 0 0 0 0 0 
0 1 0 0 0 0 0 0 0 0 

0
8 143
1 345
0 0 0 1 0 0 0 0 0 0 
0 0 0 0 1 0 0 0 0 0 
0 0 0 0 0 0 0 0 1 0 
1 0 0 0 0 0 0 0 0 0 
0 0 1 0 0 0 0 0 0 0 
0 0 0 0 0 1 0 0 0 -m2^2+m1^2 
1 -1 0 1 0 1 0 0 -1 3*m1^2+mm^2 
0 0 0 0 0 0 1 0 0 0 
0 0 0 0 0 0 0 1 0 0 

0
8 153
0 75
1 0 0 0 0 0 0 0 0 0 
0 0 0 0 0 1 0 0 0 -m1^2 
0 0 0 0 0 0 0 1 0 0 
0 0 0 0 0 0 1 0 0 0 
0 1 0 0 0 0 0 0 0 0 
-1 0 1 0 0 1 1 0 -1 -m2^2 
0 -1 1 0 0 1 1 -1 0 -s+2*m1^2+mm^2 
0 0 0 1 0 0 0 0 0 0 
0 -1 0 0 1 0 1 0 0 s+m1^2-mm^2+t 

1
8 154
0 75
0 0 1 0 0 0 0 0 0 0 
1 0 0 0 0 0 0 0 0 0 
0 0 1 0 0 0 0 0 0 0 
0 0 0 0 0 0 1 0 0 0 
0 1 0 0 0 0 0 0 0 0 
0 0 1 0 0 0 0 0 0 0 
0 0 1 0 0 0 0 0 0 0 
0 0 0 1 0 0 0 0 0 0 
0 0 1 0 0 0 0 0 0 0 

1
8 155
1 91
0 0 0 1 0 0 0 0 0 0 
0 0 0 0 1 0 0 0 0 0 
0 0 1 0 0 0 0 0 0 0 
1 0 0 0 0 0 0 0 0 0 
0 1 0 0 0 0 0 0 0 0 
0 0 1 0 0 0 0 0 0 0 
0 0 1 0 0 0 0 0 0 0 
0 0 0 0 0 0 1 0 0 0 
0 0 1 0 0 0 0 0 0 0 

0
8 156
0 202
-1 0 0 1 0 0 0 1 0 -2*m1^2+mm^2-t 
0 0 0 1 0 -1 0 1 0 -m1^2+mm^2-t 
0 0 0 1 0 0 0 0 0 0 
0 0 0 0 0 0 1 0 0 0 
0 1 0 0 0 0 0 0 0 0 
1 2 -1 1 -1 -1 1 1 0 -m2^2+m1^2-t 
0 1 -1 1 -1 -1 1 2 1 -s+m1^2+2*mm^2-2*t 
0 0 0 0 0 0 0 1 0 0 
0 -1 0 0 1 0 1 0 0 s+m1^2-mm^2+t 

0
8 157
0 203
1 0 0 0 0 0 0 0 0 0 
0 0 0 0 0 1 0 0 0 -m1^2 
0 0 0 0 0 0 0 1 0 0 
0 0 0 0 0 0 1 0 0 0 
0 1 0 0 0 0 0 0 0 0 
-1 0 1 0 0 1 1 0 -1 -m2^2 
0 -1 1 0 0 1 1 -1 0 -s+2*m1^2+mm^2 
0 0 0 1 0 0 0 0 0 0 
0 -1 0 0 1 0 1 0 0 s+m1^2-mm^2+t 

1
8 158
0 203
0 0 1 0 0 0 0 0 0 0 
1 0 0 0 0 0 0 0 0 0 
0 0 0 0 0 0 0 1 0 0 
0 0 0 0 0 0 1 0 0 0 
0 1 0 0 0 0 0 0 0 0 
0 0 1 0 0 0 0 0 0 0 
0 0 1 0 0 0 0 0 0 0 
0 0 0 1 0 0 0 0 0 0 
0 0 1 0 0 0 0 0 0 0 

1
8 159
1 347
0 0 0 1 0 0 0 0 0 0 
0 0 0 0 1 0 0 0 0 0 
0 0 0 0 0 0 0 0 1 0 
1 0 0 0 0 0 0 0 0 0 
0 1 0 0 0 0 0 0 0 0 
0 0 1 0 0 0 0 0 0 0 
0 0 1 0 0 0 0 0 0 0 
0 0 0 0 0 0 1 0 0 0 
0 0 1 0 0 0 0 0 0 0 

0
8 161
7 137
1 0 0 0 0 0 0 0 0 0 
1 1 -1 0 0 0 0 0 0 s 
0 1 0 0 0 0 0 0 0 0 
0 2 0 2 0 -1 0 0 0 m2^2-m1^2 
1 2 -1 2 -1 -1 0 0 1 2*s+m1^2-mm^2 
0 0 0 1 0 0 0 0 0 0 
0 0 0 2 0 0 0 0 -1 2*m2^2+2*mm^2 
0 0 0 0 0 0 0 1 0 0 
1 2 0 1 0 -1 1 -1 0 m1^2-mm^2+t 

1
8 162
7 137
0 1 0 0 0 0 0 0 0 0 
1 0 0 0 0 0 0 0 0 0 
0 1 0 0 0 0 0 0 0 0 
0 1 0 0 0 0 0 0 0 0 
0 1 0 0 0 0 0 0 0 0 
0 0 0 1 0 0 0 0 0 0 
0 1 0 0 0 0 0 0 0 0 
0 0 0 0 0 0 0 1 0 0 
0 1 0 0 0 0 0 0 0 0 

0
8 164
7 138
1 0 0 0 0 0 0 0 0 0 
1 1 -1 0 0 0 0 0 0 s 
0 1 0 0 0 0 0 0 0 0 
0 2 0 2 0 -1 0 0 0 m2^2-m1^2 
1 2 -1 2 -1 -1 0 0 1 2*s+m1^2-mm^2 
0 0 0 1 0 0 0 0 0 0 
0 0 0 2 0 0 0 0 -1 2*m2^2+2*mm^2 
0 0 0 0 0 0 0 1 0 0 
1 2 0 1 0 -1 1 -1 0 m1^2-mm^2+t 

0
8 165
7 139
1 0 0 0 0 0 0 0 0 0 
1 1 -1 0 0 0 0 0 0 s 
0 1 0 0 0 0 0 0 0 0 
0 2 0 2 0 -1 0 0 0 m2^2-m1^2 
1 2 -1 2 -1 -1 0 0 1 2*s+m1^2-mm^2 
0 0 0 1 0 0 0 0 0 0 
0 0 0 2 0 0 0 0 -1 2*m2^2+2*mm^2 
0 0 0 0 0 0 0 1 0 0 
1 2 0 1 0 -1 1 -1 0 m1^2-mm^2+t 

1
8 166
7 139
0 0 1 0 0 0 0 0 0 0 
1 0 0 0 0 0 0 0 0 0 
0 1 0 0 0 0 0 0 0 0 
0 0 1 0 0 0 0 0 0 0 
0 0 1 0 0 0 0 0 0 0 
0 0 0 1 0 0 0 0 0 0 
0 0 1 0 0 0 0 0 0 0 
0 0 0 0 0 0 0 1 0 0 
0 0 1 0 0 0 0 0 0 0 

0
8 168
7 97
0 0 0 1 0 0 0 0 0 m2^2-m1^2 
0 0 0 0 1 0 0 0 0 m2^2-m1^2 
0 0 0 0 0 0 0 0 1 0 
1 0 0 0 0 0 0 0 0 0 
0 0 1 0 0 0 0 0 0 0 
0 0 0 0 0 1 0 0 0 0 
1 -1 0 1 0 1 0 0 -1 2*m2^2+m1^2+mm^2 
0 0 0 0 0 0 1 0 0 0 
0 0 0 0 0 0 0 1 0 0 

1
8 170
8 169
0 1 0 0 0 0 0 0 0 0 
1 0 0 0 0 0 0 0 0 0 
0 1 0 0 0 0 0 0 0 0 
0 0 0 1 0 0 0 0 0 0 
0 1 0 0 0 0 0 0 0 0 
0 0 0 0 0 1 0 0 0 0 
0 1 0 0 0 0 0 0 0 0 
0 0 0 0 0 0 0 1 0 0 
0 1 0 0 0 0 0 0 0 0 

0
8 172
7 353
0 0 0 1 0 0 0 0 0 m2^2-m1^2 
0 0 0 0 1 0 0 0 0 m2^2-m1^2 
0 0 0 0 0 0 0 0 1 0 
1 0 0 0 0 0 0 0 0 0 
0 0 1 0 0 0 0 0 0 0 
0 0 0 0 0 1 0 0 0 0 
1 -1 0 1 0 1 0 0 -1 2*m2^2+m1^2+mm^2 
0 0 0 0 0 0 1 0 0 0 
0 0 0 0 0 0 0 1 0 0 

1
8 174
8 173
0 1 0 0 0 0 0 0 0 0 
1 0 0 0 0 0 0 0 0 0 
0 0 1 0 0 0 0 0 0 0 
0 0 0 1 0 0 0 0 0 0 
0 1 0 0 0 0 0 0 0 0 
0 0 0 0 0 1 0 0 0 0 
0 1 0 0 0 0 0 0 0 0 
0 0 0 0 0 0 0 1 0 0 
0 1 0 0 0 0 0 0 0 0 

1
8 176
7 98
1 0 0 0 0 0 0 0 0 0 
1 0 0 0 0 0 0 0 0 0 
1 0 0 0 0 0 0 0 0 0 
1 0 0 0 0 0 0 0 0 0 
0 1 0 0 0 0 0 0 0 0 
0 0 0 0 0 1 0 0 0 0 
1 0 0 0 0 0 0 0 0 0 
0 0 0 0 0 0 1 0 0 0 
1 0 0 0 0 0 0 0 0 0 

1
8 178
7 417
0 1 0 0 0 0 0 0 0 0 
1 0 0 0 0 0 0 0 0 0 
0 1 0 0 0 0 0 0 0 0 
0 1 0 0 0 0 0 0 0 0 
0 0 0 0 0 0 0 0 1 0 
0 0 0 0 0 1 0 0 0 0 
0 1 0 0 0 0 0 0 0 0 
0 0 0 0 0 0 0 1 0 0 
0 1 0 0 0 0 0 0 0 0 

1
8 180
7 354
1 0 0 0 0 0 0 0 0 0 
1 0 0 0 0 0 0 0 0 0 
0 0 0 0 0 0 0 0 1 0 
1 0 0 0 0 0 0 0 0 0 
0 1 0 0 0 0 0 0 0 0 
0 0 0 0 0 1 0 0 0 0 
1 0 0 0 0 0 0 0 0 0 
0 0 0 0 0 0 1 0 0 0 
1 0 0 0 0 0 0 0 0 0 

1
8 182
7 419
0 0 1 0 0 0 0 0 0 0 
1 0 0 0 0 0 0 0 0 0 
0 1 0 0 0 0 0 0 0 0 
0 0 1 0 0 0 0 0 0 0 
0 0 0 0 0 0 0 0 1 0 
0 0 0 0 0 1 0 0 0 0 
0 0 1 0 0 0 0 0 0 0 
0 0 0 0 0 0 0 1 0 0 
0 0 1 0 0 0 0 0 0 0 

1
8 184
7 99
0 0 1 0 0 0 0 0 0 0 
0 0 1 0 0 0 0 0 0 0 
0 0 1 0 0 0 0 0 0 0 
1 0 0 0 0 0 0 0 0 0 
0 1 0 0 0 0 0 0 0 0 
0 0 0 0 0 1 0 0 0 0 
0 0 1 0 0 0 0 0 0 0 
0 0 0 0 0 0 1 0 0 0 
0 0 1 0 0 0 0 0 0 0 

1
8 188
7 355
0 0 1 0 0 0 0 0 0 0 
0 0 1 0 0 0 0 0 0 0 
0 0 0 0 0 0 0 0 1 0 
1 0 0 0 0 0 0 0 0 0 
0 1 0 0 0 0 0 0 0 0 
0 0 0 0 0 1 0 0 0 0 
0 0 1 0 0 0 0 0 0 0 
0 0 0 0 0 0 1 0 0 0 
0 0 1 0 0 0 0 0 0 0 

0
8 200
0 14
1 0 0 0 0 0 0 0 0 0 
0 0 0 0 0 1 0 0 0 -m1^2 
0 0 0 0 0 0 0 1 0 0 
0 0 1 0 0 0 0 0 0 0 
0 -1 1 0 0 1 1 -1 0 -s+2*m1^2+mm^2 
0 0 0 0 0 0 0 0 1 -m2^2+m1^2 
0 1 0 0 0 0 0 0 0 0 
0 0 0 1 0 0 0 0 0 0 
1 1 1 -1 -1 0 0 0 0 2*m1^2 

0
8 201
0 15
1 0 0 0 0 0 0 0 0 0 
0 0 0 0 0 1 0 0 0 -m1^2 
0 0 0 0 0 0 0 1 0 0 
0 0 1 0 0 0 0 0 0 0 
0 -1 1 0 0 1 1 -1 0 -s+2*m1^2+mm^2 
0 0 0 0 0 0 0 0 1 -m2^2+m1^2 
0 1 0 0 0 0 0 0 0 0 
0 0 0 1 0 0 0 0 0 0 
1 1 1 -1 -1 0 0 0 0 2*m1^2 

1
8 202
1 108
1 0 0 0 0 0 0 0 0 0 
0 0 0 1 0 0 0 0 0 0 
1 0 0 0 0 0 0 0 0 0 
0 0 0 0 0 1 0 0 0 0 
1 0 0 0 0 0 0 0 0 0 
1 0 0 0 0 0 0 0 0 0 
0 0 1 0 0 0 0 0 0 0 
0 0 0 0 0 0 1 0 0 0 
1 0 0 0 0 0 0 0 0 0 

0
8 203
1 122
0 0 0 1 0 0 0 0 0 0 
0 0 0 0 1 0 0 0 0 0 
0 0 0 0 0 0 0 0 1 0 
0 0 0 0 0 1 0 0 0 0 
1 0 -1 0 1 1 0 0 -1 3*m1^2+mm^2 
1 0 0 0 0 0 0 0 0 -m2^2+m1^2 
0 1 0 0 0 0 0 0 0 0 
0 0 0 0 0 0 1 0 0 0 
1 0 0 1 0 1 -1 -1 0 3*m1^2-mm^2+t 

0
8 204
0 142
1 0 0 0 0 0 0 0 0 0 
0 0 0 0 0 1 0 0 0 -m1^2 
0 0 0 0 0 0 0 1 0 0 
0 0 1 0 0 0 0 0 0 0 
0 -1 1 0 0 1 1 -1 0 -s+2*m1^2+mm^2 
0 0 0 0 0 0 0 0 1 -m2^2+m1^2 
0 1 0 0 0 0 0 0 0 0 
0 0 0 1 0 0 0 0 0 0 
1 1 1 -1 -1 0 0 0 0 2*m1^2 

0
8 205
0 143
1 0 0 0 0 0 0 0 0 0 
0 0 0 0 0 1 0 0 0 -m1^2 
0 0 0 0 0 0 0 1 0 0 
0 0 1 0 0 0 0 0 0 0 
0 -1 1 0 0 1 1 -1 0 -s+2*m1^2+mm^2 
0 0 0 0 0 0 0 0 1 -m2^2+m1^2 
0 1 0 0 0 0 0 0 0 0 
0 0 0 1 0 0 0 0 0 0 
1 1 1 -1 -1 0 0 0 0 2*m1^2 

1
8 206
1 364
1 0 0 0 0 0 0 0 0 0 
0 0 0 1 0 0 0 0 0 0 
0 0 0 0 0 0 0 0 1 0 
0 0 0 0 0 1 0 0 0 0 
1 0 0 0 0 0 0 0 0 0 
1 0 0 0 0 0 0 0 0 0 
0 0 1 0 0 0 0 0 0 0 
0 0 0 0 0 0 1 0 0 0 
1 0 0 0 0 0 0 0 0 0 

0
8 207
1 378
0 0 0 1 0 0 0 0 0 0 
0 0 0 0 1 0 0 0 0 0 
0 0 0 0 0 0 0 0 1 0 
0 0 0 0 0 1 0 0 0 0 
1 0 -1 0 1 1 0 0 -1 3*m1^2+mm^2 
1 0 0 0 0 0 0 0 0 -m2^2+m1^2 
0 1 0 0 0 0 0 0 0 0 
0 0 0 0 0 0 1 0 0 0 
1 0 0 1 0 1 -1 -1 0 3*m1^2-mm^2+t 

1
8 210
8 209
0 1 0 0 0 0 0 0 0 0 
1 0 0 0 0 0 0 0 0 0 
0 1 0 0 0 0 0 0 0 0 
0 1 0 0 0 0 0 0 0 0 
0 0 0 0 1 0 0 0 0 0 
0 1 0 0 0 0 0 0 0 0 
0 0 0 0 0 0 1 0 0 0 
0 0 0 0 0 0 0 1 0 0 
0 1 0 0 0 0 0 0 0 0 

1
8 214
8 213
0 1 0 0 0 0 0 0 0 0 
1 0 0 0 0 0 0 0 0 0 
0 0 1 0 0 0 0 0 0 0 
0 1 0 0 0 0 0 0 0 0 
0 0 0 0 1 0 0 0 0 0 
0 1 0 0 0 0 0 0 0 0 
0 0 0 0 0 0 1 0 0 0 
0 0 0 0 0 0 0 1 0 0 
0 1 0 0 0 0 0 0 0 0 

0
8 225
7 393
1 0 0 0 0 0 0 0 0 0 
1 1 -1 0 0 0 0 0 0 s 
0 1 0 0 0 0 0 0 0 0 
0 0 0 0 0 1 0 0 0 m2^2-m1^2 
1 0 -1 0 1 1 0 0 -1 2*m2^2+m1^2+mm^2 
0 0 0 1 0 0 0 0 0 0 
0 0 0 0 0 0 0 0 1 0 
0 0 0 0 0 0 0 1 0 0 
1 0 0 1 0 1 -1 -1 0 2*m2^2+m1^2-mm^2+t 

1
8 226
7 393
0 1 0 0 0 0 0 0 0 0 
1 0 0 0 0 0 0 0 0 0 
0 1 0 0 0 0 0 0 0 0 
0 1 0 0 0 0 0 0 0 0 
0 1 0 0 0 0 0 0 0 0 
0 0 0 1 0 0 0 0 0 0 
0 0 0 0 0 0 0 0 1 0 
0 0 0 0 0 0 0 1 0 0 
0 1 0 0 0 0 0 0 0 0 

0
8 228
7 394
-1 1 0 0 0 0 0 1 0 -2*m1^2+mm^2-t 
-1 0 1 0 0 0 0 1 0 -s-2*m1^2+mm^2-t 
0 0 0 0 0 0 0 1 0 0 
0 1 0 2 0 -1 -1 1 1 m2^2-m1^2-mm^2 
-1 1 1 2 1 -1 -1 1 0 2*m2^2-2*s-m1^2+mm^2-t 
0 0 0 1 0 0 0 0 0 0 
0 0 0 0 0 0 0 0 1 0 
0 1 0 0 0 0 0 0 0 0 
-1 1 0 3 0 -1 -2 2 1 2*m2^2-m1^2-mm^2 

0
8 229
7 395
1 0 0 0 0 0 0 0 0 0 
1 1 -1 0 0 0 0 0 0 s 
0 1 0 0 0 0 0 0 0 0 
0 0 0 0 0 1 0 0 0 m2^2-m1^2 
1 0 -1 0 1 1 0 0 -1 2*m2^2+m1^2+mm^2 
0 0 0 1 0 0 0 0 0 0 
0 0 0 0 0 0 0 0 1 0 
0 0 0 0 0 0 0 1 0 0 
1 0 0 1 0 1 -1 -1 0 2*m2^2+m1^2-mm^2+t 

1
8 230
7 395
0 0 1 0 0 0 0 0 0 0 
1 0 0 0 0 0 0 0 0 0 
0 1 0 0 0 0 0 0 0 0 
0 0 1 0 0 0 0 0 0 0 
0 0 1 0 0 0 0 0 0 0 
0 0 0 1 0 0 0 0 0 0 
0 0 0 0 0 0 0 0 1 0 
0 0 0 0 0 0 0 1 0 0 
0 0 1 0 0 0 0 0 0 0 

0
8 265
0 13
0 0 1 0 0 0 0 0 0 0 
1 0 1 0 0 -1 -1 0 1 2*s+m1^2 
1 -1 1 0 0 0 0 -1 1 3*m1^2+mm^2 
1 0 0 0 0 0 0 0 0 0 
1 0 0 0 0 -1 0 1 0 s+m1^2 
0 0 0 0 0 0 0 0 1 -m2^2+m1^2 
0 1 0 0 0 0 0 0 0 0 
1 1 1 -1 -1 0 0 0 0 2*m1^2 
0 0 0 1 0 0 0 0 0 0 

0
8 266
0 13
-1 0 1 0 0 1 1 0 -1 -m1^2 
0 0 1 0 0 0 0 0 0 0 
0 -1 1 0 0 1 1 -1 0 -s+2*m1^2+mm^2 
1 0 0 0 0 0 0 0 0 0 
1 0 0 0 0 -1 0 1 0 s+m1^2 
0 0 0 0 0 0 1 0 0 -m2^2+m1^2 
0 1 0 0 0 0 1 0 -1 s 
0 1 1 -1 -1 1 1 0 -1 -s+m1^2 
0 0 0 1 0 0 0 0 0 0 

0
8 267
0 329
0 0 0 0 0 0 1 0 0 0 
0 0 0 0 0 0 0 0 1 0 
0 -1 0 0 0 0 1 0 1 -s+2*m1^2+2*mm^2 
1 0 0 0 0 0 0 0 0 0 
1 0 0 0 0 -1 0 1 0 s+m1^2 
1 0 -1 0 0 -1 1 2 1 -m2^2+2*m1^2 
2 1 -1 0 0 -1 1 1 0 s+2*m1^2-mm^2 
0 1 0 0 -1 0 1 0 0 -s+m1^2+mm^2-t 
0 0 0 1 0 0 0 0 0 0 

1
8 269
0 75
0 0 0 0 0 0 1 0 0 0 
0 0 1 0 0 0 0 0 0 0 
0 1 0 0 0 0 0 0 0 0 
1 0 0 0 0 0 0 0 0 0 
0 0 1 0 0 0 0 0 0 0 
0 0 1 0 0 0 0 0 0 0 
0 0 1 0 0 0 0 0 0 0 
0 0 1 0 0 0 0 0 0 0 
0 0 0 1 0 0 0 0 0 0 

0
8 270
0 75
0 0 0 0 0 0 0 0 1 0 
0 0 0 0 0 0 1 0 0 0 
0 1 0 0 0 0 0 0 0 0 
1 0 0 0 0 0 0 0 0 0 
1 0 0 0 0 -1 0 1 0 s+m1^2 
0 0 1 0 0 0 0 0 0 -m2^2+m1^2 
1 -1 1 0 0 0 0 -1 1 3*m1^2+mm^2 
0 -1 0 0 1 0 0 0 1 m1^2-mm^2+t 
0 0 0 1 0 0 0 0 0 0 

0
8 271
0 331
0 0 0 0 0 0 0 0 1 0 
0 0 0 0 0 0 1 0 0 0 
0 1 0 0 0 0 0 0 0 0 
1 0 0 0 0 0 0 0 0 0 
1 0 0 0 0 -1 0 1 0 s+m1^2 
0 0 1 0 0 0 0 0 0 -m2^2+m1^2 
1 -1 1 0 0 0 0 -1 1 3*m1^2+mm^2 
0 -1 0 0 1 0 0 0 1 m1^2-mm^2+t 
0 0 0 1 0 0 0 0 0 0 

0
8 273
1 140
0 0 0 1 0 0 0 0 0 0 
0 0 0 0 1 0 0 0 0 0 
0 0 0 0 0 0 0 0 1 0 
1 0 0 0 0 0 0 0 0 0 
0 0 1 0 0 0 0 0 0 0 
0 0 0 0 0 1 0 0 0 -m2^2+m1^2 
1 -1 0 1 0 1 0 0 -1 3*m1^2+mm^2 
0 0 0 0 0 0 1 0 0 0 
0 0 0 0 0 0 0 1 0 0 

0
8 274
1 140
0 0 0 2 -1 0 0 0 0 2*s 
0 0 0 1 0 0 0 0 0 0 
0 0 0 1 -1 0 0 0 1 s 
1 0 0 0 0 0 0 0 0 0 
0 0 1 0 0 0 0 0 0 0 
0 -1 1 1 -1 1 0 0 0 -m2^2+s+m1^2 
1 -2 1 2 -1 1 0 0 -1 2*s+3*m1^2+mm^2 
0 0 0 1 -1 0 1 0 0 s 
0 0 0 0 0 0 0 1 0 0 

0
8 275
1 156
0 0 0 1 0 0 0 0 0 0 
0 0 0 0 1 0 0 0 0 0 
0 0 0 0 0 0 0 0 1 0 
1 0 0 0 0 0 0 0 0 0 
0 0 1 0 0 0 0 0 0 0 
0 0 0 0 0 1 0 0 0 -m2^2+m1^2 
1 -1 0 1 0 1 0 0 -1 3*m1^2+mm^2 
0 0 0 0 0 0 1 0 0 0 
0 0 0 0 0 0 0 1 0 0 

0
8 277
1 396
0 0 0 1 0 0 0 0 0 0 
0 0 0 0 1 0 0 0 0 0 
0 0 0 0 0 0 0 0 1 0 
-1 0 1 0 0 0 0 1 0 -s-2*m1^2+mm^2-t 
0 0 0 0 0 0 0 1 0 0 
0 0 1 1 1 -1 -1 1 1 -m2^2-s+m1^2-mm^2 
-1 1 1 2 1 -1 -1 1 0 -2*s+m1^2+mm^2-t 
0 0 0 0 0 0 1 0 0 0 
0 0 1 0 0 0 0 0 0 0 

1
8 278
1 396
1 0 0 0 0 0 0 0 0 0 
0 0 0 1 0 0 0 0 0 0 
0 0 0 0 0 0 0 0 1 0 
1 0 0 0 0 0 0 0 0 0 
0 0 0 0 0 0 0 1 0 0 
1 0 0 0 0 0 0 0 0 0 
1 0 0 0 0 0 0 0 0 0 
1 0 0 0 0 0 0 0 0 0 
0 0 1 0 0 0 0 0 0 0 

0
8 279
1 412
0 0 0 1 0 0 0 0 0 0 
0 0 0 0 1 0 0 0 0 0 
0 0 0 0 0 0 0 0 1 0 
1 0 0 0 0 0 0 0 0 0 
0 0 1 0 0 0 0 0 0 0 
0 0 0 0 0 1 0 0 0 -m2^2+m1^2 
1 -1 0 1 0 1 0 0 -1 3*m1^2+mm^2 
0 0 0 0 0 0 1 0 0 0 
0 0 0 0 0 0 0 1 0 0 

0
8 281
1 141
0 0 0 1 0 0 0 0 0 0 
0 0 0 0 1 0 0 0 0 0 
0 0 0 0 0 0 0 0 1 0 
1 0 0 0 0 0 0 0 0 0 
0 0 1 0 0 0 0 0 0 0 
0 0 0 0 0 1 0 0 0 -m2^2+m1^2 
1 -1 0 1 0 1 0 0 -1 3*m1^2+mm^2 
0 0 0 0 0 0 1 0 0 0 
0 0 0 0 0 0 0 1 0 0 

0
8 282
1 141
0 0 0 2 -1 0 0 0 0 2*s 
0 0 0 1 0 0 0 0 0 0 
0 0 0 1 -1 0 0 0 1 s 
1 0 0 0 0 0 0 0 0 0 
0 0 1 0 0 0 0 0 0 0 
0 -1 1 1 -1 1 0 0 0 -m2^2+s+m1^2 
1 -2 1 2 -1 1 0 0 -1 2*s+3*m1^2+mm^2 
0 0 0 1 -1 0 1 0 0 s 
0 0 0 0 0 0 0 1 0 0 

0
8 283
1 157
0 0 0 1 0 0 0 0 0 0 
0 0 0 0 1 0 0 0 0 0 
0 0 0 0 0 0 0 0 1 0 
1 0 0 0 0 0 0 0 0 0 
0 0 1 0 0 0 0 0 0 0 
0 0 0 0 0 1 0 0 0 -m2^2+m1^2 
1 -1 0 1 0 1 0 0 -1 3*m1^2+mm^2 
0 0 0 0 0 0 1 0 0 0 
0 0 0 0 0 0 0 1 0 0 

0
8 285
1 397
0 0 0 1 0 0 0 0 0 0 
0 0 0 0 1 0 0 0 0 0 
0 0 0 0 0 0 0 0 1 0 
1 0 0 0 0 0 0 0 0 0 
0 0 1 0 0 0 0 0 0 0 
0 0 0 0 0 1 0 0 0 -m2^2+m1^2 
1 -1 0 1 0 1 0 0 -1 3*m1^2+mm^2 
0 0 0 0 0 0 1 0 0 0 
0 0 0 0 0 0 0 1 0 0 

1
8 286
1 397
0 1 0 0 0 0 0 0 0 0 
0 0 0 1 0 0 0 0 0 0 
0 0 0 0 0 0 0 0 1 0 
1 0 0 0 0 0 0 0 0 0 
0 0 1 0 0 0 0 0 0 0 
0 1 0 0 0 0 0 0 0 0 
0 1 0 0 0 0 0 0 0 0 
0 1 0 0 0 0 0 0 0 0 
0 0 0 0 0 0 0 1 0 0 

0
8 287
1 413
0 0 0 1 0 0 0 0 0 0 
0 0 0 0 1 0 0 0 0 0 
0 0 0 0 0 0 0 0 1 0 
1 0 0 0 0 0 0 0 0 0 
0 0 1 0 0 0 0 0 0 0 
0 0 0 0 0 1 0 0 0 -m2^2+m1^2 
1 -1 0 1 0 1 0 0 -1 3*m1^2+mm^2 
0 0 0 0 0 0 1 0 0 0 
0 0 0 0 0 0 0 1 0 0 

0
8 289
7 97
1 0 0 0 0 0 0 0 0 0 
1 1 -1 0 0 0 0 0 0 s 
0 1 0 0 0 0 0 0 0 0 
0 0 0 1 0 0 0 0 0 m2^2-m1^2 
0 0 0 1 -1 0 0 0 1 s 
0 0 0 0 0 1 0 0 0 0 
1 -1 0 1 0 1 0 0 -1 2*m2^2+m1^2+mm^2 
0 0 0 0 0 0 0 1 0 0 
0 0 0 0 0 0 1 0 0 0 

0
8 292
7 98
1 0 0 0 0 0 0 0 0 0 
1 1 -1 0 0 0 0 0 0 s 
0 1 0 0 0 0 0 0 0 0 
0 0 0 1 0 0 0 0 0 m2^2-m1^2 
0 0 0 1 -1 0 0 0 1 s 
0 0 0 0 0 1 0 0 0 0 
1 -1 0 1 0 1 0 0 -1 2*m2^2+m1^2+mm^2 
0 0 0 0 0 0 0 1 0 0 
0 0 0 0 0 0 1 0 0 0 

0
8 293
7 99
1 0 0 0 0 0 0 0 0 0 
1 1 -1 0 0 0 0 0 0 s 
0 1 0 0 0 0 0 0 0 0 
0 0 0 1 0 0 0 0 0 m2^2-m1^2 
0 0 0 1 -1 0 0 0 1 s 
0 0 0 0 0 1 0 0 0 0 
1 -1 0 1 0 1 0 0 -1 2*m2^2+m1^2+mm^2 
0 0 0 0 0 0 0 1 0 0 
0 0 0 0 0 0 1 0 0 0 

0
8 296
7 137
0 2 0 2 0 -1 0 0 0 m2^2-m1^2 
0 1 1 1 1 -1 0 0 0 m2^2-s-m1^2 
1 1 0 1 0 -1 0 0 1 m1^2-mm^2 
1 0 0 0 0 0 0 0 0 0 
0 0 1 0 0 0 0 0 0 0 
0 0 0 1 0 0 0 0 0 0 
0 0 0 2 0 0 0 0 -1 2*m2^2+2*mm^2 
1 2 0 1 0 -1 1 -1 0 m1^2-mm^2+t 
0 0 0 0 0 0 0 1 0 0 

0
8 297
8 169
0 0 0 1 0 0 0 0 0 0 
1 0 -1 2 -1 1 -1 0 0 m2^2+s+2*m1^2+mm^2 
1 0 -1 1 0 1 -1 0 0 m2^2+2*m1^2+mm^2 
1 0 0 0 0 0 0 0 0 0 
1 -1 1 0 0 0 0 0 0 s 
0 0 0 0 0 1 0 0 0 0 
0 0 0 0 0 0 1 0 0 0 
0 0 0 0 0 0 0 0 1 0 
0 0 0 0 0 0 0 1 0 0 

0
8 300
7 417
0 0 0 1 0 0 0 0 0 m2^2-m1^2 
0 0 0 0 1 0 0 0 0 m2^2-m1^2 
0 0 0 0 0 0 0 0 1 0 
1 0 0 0 0 0 0 0 0 0 
0 0 1 0 0 0 0 0 0 0 
0 0 0 0 0 1 0 0 0 0 
1 -1 0 1 0 1 0 0 -1 2*m2^2+m1^2+mm^2 
0 0 0 0 0 0 1 0 0 0 
0 0 0 0 0 0 0 1 0 0 

1
8 301
8 186
0 0 0 1 0 0 0 0 0 0 
1 0 0 0 0 0 0 0 0 0 
0 0 0 0 1 0 0 0 0 0 
0 1 0 0 0 0 0 0 0 0 
1 0 0 0 0 0 0 0 0 0 
0 0 0 0 0 1 0 0 0 0 
1 0 0 0 0 0 0 0 0 0 
1 0 0 0 0 0 0 0 0 0 
0 0 0 0 0 0 0 1 0 0 

0
8 304
7 140
0 2 0 2 0 -1 0 0 0 m2^2-m1^2 
0 1 1 1 1 -1 0 0 0 m2^2-s-m1^2 
1 1 0 1 0 -1 0 0 1 m1^2-mm^2 
1 0 0 0 0 0 0 0 0 0 
0 0 1 0 0 0 0 0 0 0 
0 0 0 1 0 0 0 0 0 0 
0 0 0 2 0 0 0 0 -1 2*m2^2+2*mm^2 
1 2 0 1 0 -1 1 -1 0 m1^2-mm^2+t 
0 0 0 0 0 0 0 1 0 0 

0
8 308
7 420
0 0 0 1 0 0 0 0 0 m2^2-m1^2 
0 0 0 0 1 0 0 0 0 m2^2-m1^2 
0 0 0 0 0 0 0 0 1 0 
1 0 0 0 0 0 0 0 0 0 
0 0 1 0 0 0 0 0 0 0 
0 0 0 0 0 1 0 0 0 0 
1 -1 0 1 0 1 0 0 -1 2*m2^2+m1^2+mm^2 
0 0 0 0 0 0 1 0 0 0 
0 0 0 0 0 0 0 1 0 0 

0
8 312
7 141
0 2 0 2 0 -1 0 0 0 m2^2-m1^2 
0 1 1 1 1 -1 0 0 0 m2^2-s-m1^2 
1 1 0 1 0 -1 0 0 1 m1^2-mm^2 
1 0 0 0 0 0 0 0 0 0 
0 0 1 0 0 0 0 0 0 0 
0 0 0 1 0 0 0 0 0 0 
0 0 0 2 0 0 0 0 -1 2*m2^2+2*mm^2 
1 2 0 1 0 -1 1 -1 0 m1^2-mm^2+t 
0 0 0 0 0 0 0 1 0 0 

0
8 316
7 421
0 0 0 1 0 0 0 0 0 m2^2-m1^2 
0 0 0 0 1 0 0 0 0 m2^2-m1^2 
0 0 0 0 0 0 0 0 1 0 
1 0 0 0 0 0 0 0 0 0 
0 0 1 0 0 0 0 0 0 0 
0 0 0 0 0 1 0 0 0 0 
1 -1 0 1 0 1 0 0 -1 2*m2^2+m1^2+mm^2 
0 0 0 0 0 0 1 0 0 0 
0 0 0 0 0 0 0 1 0 0 

0
8 321
0 14
0 0 1 0 0 0 0 0 0 0 
1 0 1 0 0 -1 -1 0 1 2*s+m1^2 
1 -1 1 0 0 0 0 -1 1 3*m1^2+mm^2 
1 0 0 0 0 0 0 0 0 0 
1 0 0 0 0 -1 0 1 0 s+m1^2 
0 0 0 0 0 0 0 0 1 -m2^2+m1^2 
0 1 0 0 0 0 0 0 0 0 
1 1 1 -1 -1 0 0 0 0 2*m1^2 
0 0 0 1 0 0 0 0 0 0 

0
8 322
0 52
-1 0 1 0 0 1 1 0 -1 -m1^2 
0 0 1 0 0 0 0 0 0 0 
0 -1 1 0 0 1 1 -1 0 -s+2*m1^2+mm^2 
1 0 0 -1 0 1 0 0 0 -s 
1 0 0 -1 0 0 0 1 0 m1^2-mm^2+t 
0 -1 0 0 1 0 0 0 1 -m2^2+m1^2-mm^2+t 
0 0 0 0 1 0 0 0 0 0 
0 1 1 -1 -1 1 1 0 -1 -s+m1^2 
0 0 0 0 0 1 0 0 0 0 

1
8 323
4 284
0 0 1 0 0 0 0 0 0 0 
0 0 0 1 0 0 0 0 0 0 
1 0 0 0 0 0 0 0 0 0 
1 0 0 0 0 0 0 0 0 0 
1 0 0 0 0 0 0 0 0 0 
1 0 0 0 0 0 0 0 0 0 
0 0 0 0 1 0 0 0 0 0 
1 0 0 0 0 0 0 0 0 0 
0 0 0 0 0 0 0 0 1 0 

1
8 324
5 145
0 1 0 0 0 0 0 0 0 0 
0 1 0 0 0 0 0 0 0 0 
1 0 0 0 0 0 0 0 0 0 
0 1 0 0 0 0 0 0 0 0 
0 1 0 0 0 0 0 0 0 0 
0 1 0 0 0 0 0 0 0 0 
0 0 0 0 1 0 0 0 0 0 
0 1 0 0 0 0 0 0 0 0 
0 0 0 0 0 0 0 1 0 0 

1
8 325
5 153
0 0 0 1 0 0 0 0 0 0 
0 1 0 0 0 0 0 0 0 0 
1 0 0 0 0 0 0 0 0 0 
0 1 0 0 0 0 0 0 0 0 
0 1 0 0 0 0 0 0 0 0 
0 1 0 0 0 0 0 0 0 0 
0 0 0 0 1 0 0 0 0 0 
0 1 0 0 0 0 0 0 0 0 
0 0 0 0 0 0 0 1 0 0 

1
8 326
5 149
0 1 0 0 0 0 0 0 0 0 
0 0 1 0 0 0 0 0 0 0 
1 0 0 0 0 0 0 0 0 0 
0 1 0 0 0 0 0 0 0 0 
0 1 0 0 0 0 0 0 0 0 
0 1 0 0 0 0 0 0 0 0 
0 0 0 0 1 0 0 0 0 0 
0 1 0 0 0 0 0 0 0 0 
0 0 0 0 0 0 0 1 0 0 

1
8 327
5 157
0 0 0 1 0 0 0 0 0 0 
0 0 1 0 0 0 0 0 0 0 
1 0 0 0 0 0 0 0 0 0 
0 1 0 0 0 0 0 0 0 0 
0 1 0 0 0 0 0 0 0 0 
0 1 0 0 0 0 0 0 0 0 
0 0 0 0 1 0 0 0 0 0 
0 1 0 0 0 0 0 0 0 0 
0 0 0 0 0 0 0 1 0 0 

0
8 329
0 15
0 0 1 0 0 0 0 0 0 0 
1 0 1 0 0 -1 -1 0 1 2*s+m1^2 
1 -1 1 0 0 0 0 -1 1 3*m1^2+mm^2 
1 0 0 0 0 0 0 0 0 0 
1 0 0 0 0 -1 0 1 0 s+m1^2 
0 0 0 0 0 0 0 0 1 -m2^2+m1^2 
0 1 0 0 0 0 0 0 0 0 
1 1 1 -1 -1 0 0 0 0 2*m1^2 
0 0 0 1 0 0 0 0 0 0 

1
8 330
4 282
1 0 0 0 0 0 0 0 0 0 
0 0 0 1 0 0 0 0 0 0 
1 0 0 0 0 0 0 0 0 0 
0 1 0 0 0 0 0 0 0 0 
1 0 0 0 0 0 0 0 0 0 
1 0 0 0 0 0 0 0 0 0 
0 0 0 0 1 0 0 0 0 0 
1 0 0 0 0 0 0 0 0 0 
0 0 0 0 0 0 0 0 1 0 

1
8 331
4 286
0 0 1 0 0 0 0 0 0 0 
0 0 0 1 0 0 0 0 0 0 
1 0 0 0 0 0 0 0 0 0 
0 1 0 0 0 0 0 0 0 0 
1 0 0 0 0 0 0 0 0 0 
1 0 0 0 0 0 0 0 0 0 
0 0 0 0 1 0 0 0 0 0 
1 0 0 0 0 0 0 0 0 0 
0 0 0 0 0 0 0 0 1 0 

1
8 332
5 147
0 0 1 0 0 0 0 0 0 0 
0 0 1 0 0 0 0 0 0 0 
1 0 0 0 0 0 0 0 0 0 
0 1 0 0 0 0 0 0 0 0 
0 0 1 0 0 0 0 0 0 0 
0 0 1 0 0 0 0 0 0 0 
0 0 0 0 1 0 0 0 0 0 
0 0 1 0 0 0 0 0 0 0 
0 0 0 0 0 0 0 1 0 0 

1
8 333
5 155
0 0 0 1 0 0 0 0 0 0 
0 0 1 0 0 0 0 0 0 0 
1 0 0 0 0 0 0 0 0 0 
0 1 0 0 0 0 0 0 0 0 
0 0 1 0 0 0 0 0 0 0 
0 0 1 0 0 0 0 0 0 0 
0 0 0 0 1 0 0 0 0 0 
0 0 1 0 0 0 0 0 0 0 
0 0 0 0 0 0 0 1 0 0 

1
8 334
5 151
0 0 0 1 0 0 0 0 0 0 
0 0 1 0 0 0 0 0 0 0 
1 0 0 0 0 0 0 0 0 0 
0 1 0 0 0 0 0 0 0 0 
0 0 0 1 0 0 0 0 0 0 
0 0 0 1 0 0 0 0 0 0 
0 0 0 0 1 0 0 0 0 0 
0 0 0 1 0 0 0 0 0 0 
0 0 0 0 0 0 0 1 0 0 

1
8 335
5 159
0 0 0 1 0 0 0 0 0 0 
0 0 1 0 0 0 0 0 0 0 
1 0 0 0 0 0 0 0 0 0 
0 1 0 0 0 0 0 0 0 0 
0 0 0 0 0 1 0 0 0 0 
0 0 0 0 0 1 0 0 0 0 
0 0 0 0 1 0 0 0 0 0 
0 0 0 0 0 1 0 0 0 0 
0 0 0 0 0 0 0 1 0 0 

0
8 337
1 420
0 0 0 0 0 1 0 0 0 0 
0 -1 1 1 -1 1 0 0 0 s 
1 -1 0 1 0 1 0 0 -1 3*m1^2+mm^2 
1 0 0 0 0 0 0 0 0 0 
0 0 1 0 0 0 0 0 0 0 
0 0 0 1 0 0 0 0 0 -m2^2+m1^2 
0 0 0 0 0 0 0 0 1 0 
1 0 0 1 0 1 -1 -1 0 3*m1^2-mm^2+t 
0 0 0 0 0 0 0 1 0 0 

0
8 345
1 421
0 0 0 0 0 1 0 0 0 0 
0 -1 1 1 -1 1 0 0 0 s 
1 -1 0 1 0 1 0 0 -1 3*m1^2+mm^2 
1 0 0 0 0 0 0 0 0 0 
0 0 1 0 0 0 0 0 0 0 
0 0 0 1 0 0 0 0 0 -m2^2+m1^2 
0 0 0 0 0 0 0 0 1 0 
1 0 0 1 0 1 -1 -1 0 3*m1^2-mm^2+t 
0 0 0 0 0 0 0 1 0 0 

0
8 353
8 232
0 0 0 1 0 0 0 0 0 0 
1 0 -1 2 -1 1 -1 0 0 m2^2+s+2*m1^2+mm^2 
1 0 -1 1 0 1 -1 0 0 m2^2+2*m1^2+mm^2 
1 0 0 0 0 0 0 0 0 0 
1 -1 1 0 0 0 0 0 0 s 
0 0 0 0 0 1 0 0 0 0 
0 0 0 0 0 0 1 0 0 0 
0 0 0 0 0 0 0 0 1 0 
0 0 0 0 0 0 0 1 0 0 

0
8 360
7 393
0 0 0 0 0 1 0 0 0 m2^2-m1^2 
0 -1 1 1 -1 1 0 0 0 m2^2+s-m1^2 
1 -1 0 1 0 1 0 0 -1 2*m2^2+m1^2+mm^2 
1 0 0 0 0 0 0 0 0 0 
0 0 1 0 0 0 0 0 0 0 
0 0 0 1 0 0 0 0 0 0 
0 0 0 0 0 0 0 0 1 0 
1 0 0 1 0 1 -1 -1 0 2*m2^2+m1^2-mm^2+t 
0 0 0 0 0 0 0 1 0 0 

0
8 361
8 233
0 0 0 1 0 0 0 0 0 0 
1 0 -1 2 -1 1 -1 0 0 m2^2+s+2*m1^2+mm^2 
1 0 -1 1 0 1 -1 0 0 m2^2+2*m1^2+mm^2 
1 0 0 0 0 0 0 0 0 0 
1 -1 1 0 0 0 0 0 0 s 
0 0 0 0 0 1 0 0 0 0 
0 0 0 0 0 0 1 0 0 0 
0 0 0 0 0 0 0 0 1 0 
0 0 0 0 0 0 0 1 0 0 

0
8 368
7 396
0 0 1 1 1 -1 -1 1 1 m2^2-s-m1^2-mm^2 
0 1 0 2 0 -1 -1 1 1 m2^2-m1^2-mm^2 
-1 1 1 2 1 -1 -1 1 0 2*m2^2-2*s-m1^2+mm^2-t 
-1 0 1 0 0 0 0 1 0 -s-2*m1^2+mm^2-t 
0 0 0 0 0 0 0 1 0 0 
0 0 0 1 0 0 0 0 0 0 
0 0 0 0 0 0 0 0 1 0 
-1 0 1 2 1 -1 -2 2 1 2*m2^2-2*s-m1^2-mm^2 
0 0 1 0 0 0 0 0 0 0 

0
8 376
7 397
0 0 0 0 0 1 0 0 0 m2^2-m1^2 
0 -1 1 1 -1 1 0 0 0 m2^2+s-m1^2 
1 -1 0 1 0 1 0 0 -1 2*m2^2+m1^2+mm^2 
1 0 0 0 0 0 0 0 0 0 
0 0 1 0 0 0 0 0 0 0 
0 0 0 1 0 0 0 0 0 0 
0 0 0 0 0 0 0 0 1 0 
1 0 0 1 0 1 -1 -1 0 2*m2^2+m1^2-mm^2+t 
0 0 0 0 0 0 0 1 0 0 

0
8 393
1 201
1 0 0 0 0 0 0 0 0 0 
1 1 -1 0 0 0 0 0 0 s 
0 1 0 0 0 0 0 0 0 0 
0 0 0 1 0 0 0 0 0 0 
0 0 0 1 -1 0 0 0 1 s 
0 0 0 0 0 1 0 0 0 -m2^2+m1^2 
1 -1 0 1 0 1 0 0 -1 3*m1^2+mm^2 
0 0 0 0 0 0 0 1 0 0 
0 0 0 0 0 0 1 0 0 0 

1
8 394
1 201
0 1 0 0 0 0 0 0 0 0 
1 0 0 0 0 0 0 0 0 0 
0 1 0 0 0 0 0 0 0 0 
0 0 0 1 0 0 0 0 0 0 
0 1 0 0 0 0 0 0 0 0 
0 1 0 0 0 0 0 0 0 0 
0 1 0 0 0 0 0 0 0 0 
0 0 0 0 0 0 0 1 0 0 
0 0 0 0 0 0 1 0 0 0 

0
8 395
1 217
0 0 0 1 0 0 0 0 0 0 
0 0 0 0 1 0 0 0 0 0 
0 0 0 0 0 0 0 0 1 0 
1 0 0 0 0 0 0 0 0 0 
0 0 1 0 0 0 0 0 0 0 
0 0 0 0 0 1 0 0 0 -m2^2+m1^2 
1 -1 0 1 0 1 0 0 -1 3*m1^2+mm^2 
0 0 0 0 0 0 1 0 0 0 
0 0 0 0 0 0 0 1 0 0 

0
8 396
1 202
-1 1 0 0 0 0 0 1 0 -2*m1^2+mm^2-t 
-1 0 1 0 0 0 0 1 0 -s-2*m1^2+mm^2-t 
0 0 0 0 0 0 0 1 0 0 
0 0 0 1 0 0 0 0 0 0 
0 0 0 1 -1 0 0 0 1 s 
0 1 0 2 0 -1 -1 1 1 -m2^2+m1^2-mm^2 
-1 2 0 3 0 -1 -1 1 0 m1^2+mm^2-t 
0 1 0 0 0 0 0 0 0 0 
0 0 0 0 0 0 1 0 0 0 

0
8 397
1 203
1 0 0 0 0 0 0 0 0 0 
1 1 -1 0 0 0 0 0 0 s 
0 1 0 0 0 0 0 0 0 0 
0 0 0 1 0 0 0 0 0 0 
0 0 0 1 -1 0 0 0 1 s 
0 0 0 0 0 1 0 0 0 -m2^2+m1^2 
1 -1 0 1 0 1 0 0 -1 3*m1^2+mm^2 
0 0 0 0 0 0 0 1 0 0 
0 0 0 0 0 0 1 0 0 0 

1
8 398
1 203
0 0 1 0 0 0 0 0 0 0 
1 0 0 0 0 0 0 0 0 0 
0 1 0 0 0 0 0 0 0 0 
0 0 0 1 0 0 0 0 0 0 
0 0 1 0 0 0 0 0 0 0 
0 0 1 0 0 0 0 0 0 0 
0 0 1 0 0 0 0 0 0 0 
0 0 0 0 0 0 0 1 0 0 
0 0 0 0 0 0 1 0 0 0 

0
8 399
1 473
0 0 0 1 0 0 0 0 0 0 
0 0 0 0 1 0 0 0 0 0 
0 0 0 0 0 0 0 0 1 0 
1 0 0 0 0 0 0 0 0 0 
0 0 1 0 0 0 0 0 0 0 
0 0 0 0 0 1 0 0 0 -m2^2+m1^2 
1 -1 0 1 0 1 0 0 -1 3*m1^2+mm^2 
0 0 0 0 0 0 1 0 0 0 
0 0 0 0 0 0 0 1 0 0 

0
8 401
1 204
0 0 0 1 0 0 0 0 0 0 
0 0 0 0 1 0 0 0 0 0 
0 0 0 0 0 0 0 0 1 0 
1 0 0 0 0 0 0 0 0 0 
0 0 1 0 0 0 0 0 0 0 
0 0 0 0 0 1 0 0 0 -m2^2+m1^2 
1 -1 0 1 0 1 0 0 -1 3*m1^2+mm^2 
0 0 0 0 0 0 1 0 0 0 
0 0 0 0 0 0 0 1 0 0 

1
8 402
1 204
1 0 0 0 0 0 0 0 0 0 
0 0 0 1 0 0 0 0 0 0 
1 0 0 0 0 0 0 0 0 0 
1 0 0 0 0 0 0 0 0 0 
0 0 1 0 0 0 0 0 0 0 
1 0 0 0 0 0 0 0 0 0 
1 0 0 0 0 0 0 0 0 0 
0 0 0 0 0 0 1 0 0 0 
0 0 0 0 0 0 0 1 0 0 

0
8 403
1 220
0 0 0 1 0 0 0 0 0 0 
0 0 0 0 1 0 0 0 0 0 
0 0 0 0 0 0 0 0 1 0 
1 0 0 0 0 0 0 0 0 0 
0 0 1 0 0 0 0 0 0 0 
0 0 0 0 0 1 0 0 0 -m2^2+m1^2 
1 -1 0 1 0 1 0 0 -1 3*m1^2+mm^2 
0 0 0 0 0 0 1 0 0 0 
0 0 0 0 0 0 0 1 0 0 

0
8 404
1 452
0 0 0 -1 0 0 1 0 1 -2*m1^2+mm^2-t 
0 0 0 0 -1 0 1 0 1 -2*m1^2+mm^2-t 
0 0 0 0 0 0 1 0 0 0 
-1 0 1 0 0 0 0 1 0 -s-2*m1^2+mm^2-t 
0 0 0 0 0 0 0 1 0 0 
-2 -1 1 -1 -1 1 2 2 0 -m2^2-s-3*m1^2+2*mm^2-2*t 
-3 0 1 -2 -1 1 2 2 1 -2*s-5*m1^2+5*mm^2-4*t 
0 0 0 0 0 0 0 0 1 0 
0 0 1 0 0 0 0 0 0 0 

0
8 405
1 460
0 0 0 1 0 0 0 0 0 0 
0 0 0 0 1 0 0 0 0 0 
0 0 0 0 0 0 0 0 1 0 
1 0 0 0 0 0 0 0 0 0 
0 0 1 0 0 0 0 0 0 0 
0 0 0 0 0 1 0 0 0 -m2^2+m1^2 
1 -1 0 1 0 1 0 0 -1 3*m1^2+mm^2 
0 0 0 0 0 0 1 0 0 0 
0 0 0 0 0 0 0 1 0 0 

1
8 406
1 460
1 0 0 0 0 0 0 0 0 0 
0 0 0 1 0 0 0 0 0 0 
0 0 0 0 0 0 0 0 1 0 
1 0 0 0 0 0 0 0 0 0 
0 0 1 0 0 0 0 0 0 0 
1 0 0 0 0 0 0 0 0 0 
1 0 0 0 0 0 0 0 0 0 
0 0 0 0 0 0 1 0 0 0 
0 0 0 0 0 0 0 1 0 0 

0
8 407
1 476
0 0 0 1 0 0 0 0 0 0 
0 0 0 0 1 0 0 0 0 0 
0 0 0 0 0 0 0 0 1 0 
1 0 0 0 0 0 0 0 0 0 
0 0 1 0 0 0 0 0 0 0 
0 0 0 0 0 1 0 0 0 -m2^2+m1^2 
1 -1 0 1 0 1 0 0 -1 3*m1^2+mm^2 
0 0 0 0 0 0 1 0 0 0 
0 0 0 0 0 0 0 1 0 0 

0
8 409
1 205
0 0 0 1 0 0 0 0 0 0 
0 0 0 0 1 0 0 0 0 0 
0 0 0 0 0 0 0 0 1 0 
1 0 0 0 0 0 0 0 0 0 
0 0 1 0 0 0 0 0 0 0 
0 0 0 0 0 1 0 0 0 -m2^2+m1^2 
1 -1 0 1 0 1 0 0 -1 3*m1^2+mm^2 
0 0 0 0 0 0 1 0 0 0 
0 0 0 0 0 0 0 1 0 0 

1
8 410
1 205
0 1 0 0 0 0 0 0 0 0 
0 0 0 1 0 0 0 0 0 0 
0 1 0 0 0 0 0 0 0 0 
1 0 0 0 0 0 0 0 0 0 
0 0 1 0 0 0 0 0 0 0 
0 1 0 0 0 0 0 0 0 0 
0 1 0 0 0 0 0 0 0 0 
0 0 0 0 0 0 1 0 0 0 
0 0 0 0 0 0 0 1 0 0 

0
8 411
1 221
0 0 0 1 0 0 0 0 0 0 
0 0 0 0 1 0 0 0 0 0 
0 0 0 0 0 0 0 0 1 0 
1 0 0 0 0 0 0 0 0 0 
0 0 1 0 0 0 0 0 0 0 
0 0 0 0 0 1 0 0 0 -m2^2+m1^2 
1 -1 0 1 0 1 0 0 -1 3*m1^2+mm^2 
0 0 0 0 0 0 1 0 0 0 
0 0 0 0 0 0 0 1 0 0 

0
8 412
1 453
0 0 0 -1 0 0 1 0 1 -2*m1^2+mm^2-t 
0 0 0 0 -1 0 1 0 1 -2*m1^2+mm^2-t 
0 0 0 0 0 0 1 0 0 0 
1 0 0 0 0 0 0 0 0 0 
0 0 1 0 0 0 0 0 0 0 
2 1 0 0 0 -1 1 -1 1 -m2^2+m1^2-mm^2 
3 0 0 -1 0 -1 1 -1 2 m1^2+mm^2-t 
0 0 0 0 0 0 0 0 1 0 
0 0 0 0 0 0 0 1 0 0 

0
8 413
1 461
0 0 0 1 0 0 0 0 0 0 
0 0 0 0 1 0 0 0 0 0 
0 0 0 0 0 0 0 0 1 0 
1 0 0 0 0 0 0 0 0 0 
0 0 1 0 0 0 0 0 0 0 
0 0 0 0 0 1 0 0 0 -m2^2+m1^2 
1 -1 0 1 0 1 0 0 -1 3*m1^2+mm^2 
0 0 0 0 0 0 1 0 0 0 
0 0 0 0 0 0 0 1 0 0 

1
8 414
1 461
0 1 0 0 0 0 0 0 0 0 
0 0 0 1 0 0 0 0 0 0 
0 0 0 0 0 0 0 0 1 0 
1 0 0 0 0 0 0 0 0 0 
0 0 1 0 0 0 0 0 0 0 
0 1 0 0 0 0 0 0 0 0 
0 1 0 0 0 0 0 0 0 0 
0 0 0 0 0 0 1 0 0 0 
0 0 0 0 0 0 0 1 0 0 

0
8 415
1 477
0 0 0 1 0 0 0 0 0 0 
0 0 0 0 1 0 0 0 0 0 
0 0 0 0 0 0 0 0 1 0 
1 0 0 0 0 0 0 0 0 0 
0 0 1 0 0 0 0 0 0 0 
0 0 0 0 0 1 0 0 0 -m2^2+m1^2 
1 -1 0 1 0 1 0 0 -1 3*m1^2+mm^2 
0 0 0 0 0 0 1 0 0 0 
0 0 0 0 0 0 0 1 0 0 

0
8 416
7 224
0 0 0 1 0 0 0 0 0 m2^2-m1^2 
0 0 0 0 1 0 0 0 0 m2^2-m1^2 
0 0 0 0 0 0 0 0 1 0 
1 0 0 0 0 0 0 0 0 0 
0 0 1 0 0 0 0 0 0 0 
0 0 0 0 0 1 0 0 0 0 
1 -1 0 1 0 1 0 0 -1 2*m2^2+m1^2+mm^2 
0 0 0 0 0 0 1 0 0 0 
0 0 0 0 0 0 0 1 0 0 

0
8 417
7 225
1 0 0 0 0 0 0 0 0 0 
1 1 -1 0 0 0 0 0 0 s 
0 1 0 0 0 0 0 0 0 0 
0 0 0 1 0 0 0 0 0 m2^2-m1^2 
0 0 0 1 -1 0 0 0 1 s 
0 0 0 0 0 1 0 0 0 0 
1 -1 0 1 0 1 0 0 -1 2*m2^2+m1^2+mm^2 
0 0 0 0 0 0 0 1 0 0 
0 0 0 0 0 0 1 0 0 0 

0
8 420
7 226
1 0 0 0 0 0 0 0 0 0 
1 1 -1 0 0 0 0 0 0 s 
0 1 0 0 0 0 0 0 0 0 
0 0 0 1 0 0 0 0 0 m2^2-m1^2 
0 0 0 1 -1 0 0 0 1 s 
0 0 0 0 0 1 0 0 0 0 
1 -1 0 1 0 1 0 0 -1 2*m2^2+m1^2+mm^2 
0 0 0 0 0 0 0 1 0 0 
0 0 0 0 0 0 1 0 0 0 

0
8 421
7 227
1 0 0 0 0 0 0 0 0 0 
1 1 -1 0 0 0 0 0 0 s 
0 1 0 0 0 0 0 0 0 0 
0 0 0 1 0 0 0 0 0 m2^2-m1^2 
0 0 0 1 -1 0 0 0 1 s 
0 0 0 0 0 1 0 0 0 0 
1 -1 0 1 0 1 0 0 -1 2*m2^2+m1^2+mm^2 
0 0 0 0 0 0 0 1 0 0 
0 0 0 0 0 0 1 0 0 0 

0
8 424
7 225
0 0 0 1 0 0 0 0 0 m2^2-m1^2 
0 0 0 0 1 0 0 0 0 m2^2-m1^2 
0 0 0 0 0 0 0 0 1 0 
1 0 0 0 0 0 0 0 0 0 
0 0 1 0 0 0 0 0 0 0 
0 0 0 0 0 1 0 0 0 0 
1 -1 0 1 0 1 0 0 -1 2*m2^2+m1^2+mm^2 
0 0 0 0 0 0 1 0 0 0 
0 0 0 0 0 0 0 1 0 0 

0
8 428
7 481
0 0 0 1 0 0 0 0 0 m2^2-m1^2 
0 0 0 0 1 0 0 0 0 m2^2-m1^2 
0 0 0 0 0 0 0 0 1 0 
1 0 0 0 0 0 0 0 0 0 
0 0 1 0 0 0 0 0 0 0 
0 0 0 0 0 1 0 0 0 0 
1 -1 0 1 0 1 0 0 -1 2*m2^2+m1^2+mm^2 
0 0 0 0 0 0 1 0 0 0 
0 0 0 0 0 0 0 1 0 0 

0
8 432
7 228
0 0 0 1 0 0 0 0 0 m2^2-m1^2 
0 0 0 0 1 0 0 0 0 m2^2-m1^2 
0 0 0 0 0 0 0 0 1 0 
1 0 0 0 0 0 0 0 0 0 
0 0 1 0 0 0 0 0 0 0 
0 0 0 0 0 1 0 0 0 0 
1 -1 0 1 0 1 0 0 -1 2*m2^2+m1^2+mm^2 
0 0 0 0 0 0 1 0 0 0 
0 0 0 0 0 0 0 1 0 0 

0
8 436
7 484
0 0 0 1 0 0 0 0 0 m2^2-m1^2 
0 0 0 0 1 0 0 0 0 m2^2-m1^2 
0 0 0 0 0 0 0 0 1 0 
1 0 0 0 0 0 0 0 0 0 
0 0 1 0 0 0 0 0 0 0 
0 0 0 0 0 1 0 0 0 0 
1 -1 0 1 0 1 0 0 -1 2*m2^2+m1^2+mm^2 
0 0 0 0 0 0 1 0 0 0 
0 0 0 0 0 0 0 1 0 0 

0
8 440
7 229
0 0 0 1 0 0 0 0 0 m2^2-m1^2 
0 0 0 0 1 0 0 0 0 m2^2-m1^2 
0 0 0 0 0 0 0 0 1 0 
1 0 0 0 0 0 0 0 0 0 
0 0 1 0 0 0 0 0 0 0 
0 0 0 0 0 1 0 0 0 0 
1 -1 0 1 0 1 0 0 -1 2*m2^2+m1^2+mm^2 
0 0 0 0 0 0 1 0 0 0 
0 0 0 0 0 0 0 1 0 0 

0
8 444
7 485
0 0 0 1 0 0 0 0 0 m2^2-m1^2 
0 0 0 0 1 0 0 0 0 m2^2-m1^2 
0 0 0 0 0 0 0 0 1 0 
1 0 0 0 0 0 0 0 0 0 
0 0 1 0 0 0 0 0 0 0 
0 0 0 0 0 1 0 0 0 0 
1 -1 0 1 0 1 0 0 -1 2*m2^2+m1^2+mm^2 
0 0 0 0 0 0 1 0 0 0 
0 0 0 0 0 0 0 1 0 0 

1
8 449
4 323
0 1 0 0 0 0 0 0 0 0 
0 0 1 0 0 0 0 0 0 0 
0 0 1 0 0 0 0 0 0 0 
0 0 1 0 0 0 0 0 0 0 
0 0 1 0 0 0 0 0 0 0 
0 0 1 0 0 0 0 0 0 0 
1 0 0 0 0 0 0 0 0 0 
0 0 0 0 0 0 0 0 1 0 
0 0 0 0 0 0 1 0 0 0 

0
8 450
6 232
1 0 0 0 0 0 0 0 0 0 
0 0 0 1 0 0 0 0 0 0 
0 0 1 0 0 0 0 0 0 0 
-1 -1 0 0 0 1 1 1 0 -3*m1^2 
-2 -5 -2 1 1 2 2 1 1 -5*m1^2+mm^2+t 
-1 -2 -1 0 1 1 1 0 0 -m2^2-2*m1^2+t 
0 0 0 0 0 1 0 0 0 0 
0 0 0 0 0 0 0 1 0 0 
0 0 0 0 0 0 1 0 0 0 

0
8 451
6 233
1 0 0 0 0 0 0 0 0 0 
0 0 0 1 0 0 0 0 0 0 
0 0 1 0 0 0 0 0 0 0 
-1 -1 0 0 0 1 1 1 0 -3*m1^2 
-2 -5 -2 1 1 2 2 1 1 -5*m1^2+mm^2+t 
-1 -2 -1 0 1 1 1 0 0 -m2^2-2*m1^2+t 
0 0 0 0 0 1 0 0 0 0 
0 0 0 0 0 0 0 1 0 0 
0 0 0 0 0 0 1 0 0 0 

0
8 452
6 228
1 0 0 0 0 0 0 0 0 0 
0 0 0 1 0 0 0 0 0 0 
0 0 1 0 0 0 0 0 0 0 
-1 -1 0 0 0 1 1 1 0 -3*m1^2 
-2 -5 -2 1 1 2 2 1 1 -5*m1^2+mm^2+t 
-1 -2 -1 0 1 1 1 0 0 -m2^2-2*m1^2+t 
0 0 0 0 0 1 0 0 0 0 
0 0 0 0 0 0 0 1 0 0 
0 0 0 0 0 0 1 0 0 0 

0
8 453
6 229
1 0 0 0 0 0 0 0 0 0 
0 0 0 1 0 0 0 0 0 0 
0 0 1 0 0 0 0 0 0 0 
-1 -1 0 0 0 1 1 1 0 -3*m1^2 
-2 -5 -2 1 1 2 2 1 1 -5*m1^2+mm^2+t 
-1 -2 -1 0 1 1 1 0 0 -m2^2-2*m1^2+t 
0 0 0 0 0 1 0 0 0 0 
0 0 0 0 0 0 0 1 0 0 
0 0 0 0 0 0 1 0 0 0 

0
8 454
6 236
1 0 0 0 0 0 0 0 0 0 
0 0 0 1 0 0 0 0 0 0 
0 0 1 0 0 0 0 0 0 0 
-1 -1 0 0 0 1 1 1 0 -3*m1^2 
-2 -5 -2 1 1 2 2 1 1 -5*m1^2+mm^2+t 
-1 -2 -1 0 1 1 1 0 0 -m2^2-2*m1^2+t 
0 0 0 0 0 1 0 0 0 0 
0 0 0 0 0 0 0 1 0 0 
0 0 0 0 0 0 1 0 0 0 

0
8 455
6 237
1 0 0 0 0 0 0 0 0 0 
0 0 0 1 0 0 0 0 0 0 
0 0 1 0 0 0 0 0 0 0 
-1 -1 0 0 0 1 1 1 0 -3*m1^2 
-2 -5 -2 1 1 2 2 1 1 -5*m1^2+mm^2+t 
-1 -2 -1 0 1 1 1 0 0 -m2^2-2*m1^2+t 
0 0 0 0 0 1 0 0 0 0 
0 0 0 0 0 0 0 1 0 0 
0 0 0 0 0 0 1 0 0 0 

1
8 456
4 323
0 0 1 0 0 0 0 0 0 0 
0 0 1 0 0 0 0 0 0 0 
0 0 1 0 0 0 0 0 0 0 
0 1 0 0 0 0 0 0 0 0 
0 0 1 0 0 0 0 0 0 0 
0 0 1 0 0 0 0 0 0 0 
1 0 0 0 0 0 0 0 0 0 
0 0 0 0 0 0 1 0 0 0 
0 0 0 0 0 0 0 0 1 0 

0
8 457
6 227
1 0 0 0 0 0 0 0 0 0 
0 0 0 1 0 0 0 0 0 0 
0 0 1 0 0 0 0 0 0 0 
0 1 0 0 0 0 0 0 0 0 
1 5 1 0 -1 -1 -1 0 -1 5*m1^2+mm^2 
0 2 2 0 -1 0 0 0 0 -m2^2+m1^2 
0 0 0 0 0 0 1 0 0 0 
0 0 0 0 0 0 0 1 0 0 
0 0 0 0 0 1 0 0 0 0 

0
8 458
6 234
1 0 0 0 0 0 0 0 0 0 
0 0 0 1 0 0 0 0 0 0 
0 0 1 0 0 0 0 0 0 0 
0 1 0 0 0 0 0 0 0 0 
1 5 1 0 -1 -1 -1 0 -1 5*m1^2+mm^2 
0 2 2 0 -1 0 0 0 0 -m2^2+m1^2 
0 0 0 0 0 0 1 0 0 0 
0 0 0 0 0 0 0 1 0 0 
0 0 0 0 0 1 0 0 0 0 

0
8 459
6 235
1 0 0 0 0 0 0 0 0 0 
0 0 0 1 0 0 0 0 0 0 
0 0 1 0 0 0 0 0 0 0 
0 1 0 0 0 0 0 0 0 0 
1 5 1 0 -1 -1 -1 0 -1 5*m1^2+mm^2 
0 2 2 0 -1 0 0 0 0 -m2^2+m1^2 
0 0 0 0 0 0 1 0 0 0 
0 0 0 0 0 0 0 1 0 0 
0 0 0 0 0 1 0 0 0 0 

0
8 460
6 230
1 0 0 0 0 0 0 0 0 0 
0 0 0 1 0 0 0 0 0 0 
0 0 1 0 0 0 0 0 0 0 
0 1 0 0 0 0 0 0 0 0 
1 5 1 0 -1 -1 -1 0 -1 5*m1^2+mm^2 
0 2 2 0 -1 0 0 0 0 -m2^2+m1^2 
0 0 0 0 0 0 1 0 0 0 
0 0 0 0 0 0 0 1 0 0 
0 0 0 0 0 1 0 0 0 0 

0
8 461
6 231
1 0 0 0 0 0 0 0 0 0 
0 0 0 1 0 0 0 0 0 0 
0 0 1 0 0 0 0 0 0 0 
0 1 0 0 0 0 0 0 0 0 
1 5 1 0 -1 -1 -1 0 -1 5*m1^2+mm^2 
0 2 2 0 -1 0 0 0 0 -m2^2+m1^2 
0 0 0 0 0 0 1 0 0 0 
0 0 0 0 0 0 0 1 0 0 
0 0 0 0 0 1 0 0 0 0 

0
8 462
6 238
1 0 0 0 0 0 0 0 0 0 
0 0 0 1 0 0 0 0 0 0 
0 0 1 0 0 0 0 0 0 0 
0 1 0 0 0 0 0 0 0 0 
1 5 1 0 -1 -1 -1 0 -1 5*m1^2+mm^2 
0 2 2 0 -1 0 0 0 0 -m2^2+m1^2 
0 0 0 0 0 0 1 0 0 0 
0 0 0 0 0 0 0 1 0 0 
0 0 0 0 0 1 0 0 0 0 

0
8 463
6 239
1 0 0 0 0 0 0 0 0 0 
0 0 0 1 0 0 0 0 0 0 
0 0 1 0 0 0 0 0 0 0 
0 1 0 0 0 0 0 0 0 0 
1 5 1 0 -1 -1 -1 0 -1 5*m1^2+mm^2 
0 2 2 0 -1 0 0 0 0 -m2^2+m1^2 
0 0 0 0 0 0 1 0 0 0 
0 0 0 0 0 0 0 1 0 0 
0 0 0 0 0 1 0 0 0 0 

0
8 488
8 481
0 0 0 1 0 0 0 0 0 0 
1 0 -1 2 -1 1 -1 0 0 m2^2+s+2*m1^2+mm^2 
1 0 -1 1 0 1 -1 0 0 m2^2+2*m1^2+mm^2 
1 0 0 0 0 0 0 0 0 0 
1 -1 1 0 0 0 0 0 0 s 
0 0 0 0 0 1 0 0 0 0 
0 0 0 0 0 0 1 0 0 0 
0 0 0 0 0 0 0 0 1 0 
0 0 0 0 0 0 0 1 0 0 

