B22[-2, 1, 1, 0]
B22[-1, 0, 1, 0]
B22[-1, 1, 0, 0]
B22[-1, 1, 1, -1]
B22[-1, 1, 1, 0]
B22[0, -1, 1, 0]
B22[0, 0, 0, 0]
B22[0, 0, 1, -1]
B22[0, 0, 1, 0]
B22[0, 1, -1, 0]
B22[0, 1, 0, -1]
B22[0, 1, 0, 0]
B22[0, 1, 1, -2]
B22[0, 1, 1, -1]
B22[0, 1, 1, 0]
B22[1, 1, 1, 1]
B22[-2, 1, 1, 0]
B22[-1, 0, 1, 0]
B22[-1, 1, 0, 0]
B22[-1, 1, 1, -1]
B22[-1, 1, 1, 0]
B22[0, -1, 1, 0]
B22[0, 0, 0, 0]
B22[0, 0, 1, -1]
B22[0, 0, 1, 0]
B22[0, 1, -1, 0]
B22[0, 1, 0, -1]
B22[0, 1, 0, 0]
B22[0, 1, 1, -2]
B22[0, 1, 1, -1]
B22[0, 1, 1, 0]