D62[-1, 1, 1, 1, 1, 1, 0]
D62[0, 0, 1, 1, 1, 1, 0]
D62[0, 1, 0, 1, 1, 1, 0]
D62[0, 1, 1, 0, 1, 1, 0]
D62[0, 1, 1, 1, 1, 0, 0]
D62[0, 1, 1, 1, 1, 1, -1]
D62[0, 1, 1, 1, 1, 1, 0]
D62[1, 0, 0, 1, 1, 1, 0]
D62[1, 0, 1, 0, 1, 1, 0]
D62[1, 0, 1, 1, 1, 1, 0]
D62[1, 1, -1, 1, 1, 1, 0]
D62[1, 1, 0, 0, 1, 1, 0]
D62[1, 1, 0, 1, 1, 1, -1]
D62[1, 1, 0, 1, 1, 1, 0]
D62[1, 1, 1, -1, 1, 1, 0]
D62[1, 1, 1, 0, 0, 1, 0]
D62[1, 1, 1, 0, 1, 0, 0]
D62[1, 1, 1, 0, 1, 1, -1]
D62[1, 1, 1, 0, 1, 1, 0]
D62[1, 1, 1, 1, 0, 1, 0]
D62[1, 1, 1, 1, 1, 0, 0]
D62[1, 1, 1, 1, 1, 1, -1]
D62[1, 1, 1, 1, 1, 1, 0]
D62[-1, 0, 1, 2, 1, 1, 0]
D62[0, 0, 0, 2, 1, 1, 0]
D62[0, 0, 1, 2, 1, 1, 0]
D62[1, 0, -1, 2, 1, 1, 0]
D62[1, 0, 0, 2, 1, 1, 0]
D62[1, 0, 1, 2, 1, 1, 0]