B6[-1, 0, 1, 1, 1, 1, 0, 0, 0]
B6[-1, 1, 1, 0, 1, 1, 0, 0, 0]
B6[-1, 1, 1, 1, 1, 1, -1, 0, 0]
B6[-1, 1, 1, 1, 1, 1, 0, 0, -1]
B6[-1, 1, 1, 1, 1, 1, 0, 0, 0]
B6[0, -1, 1, 1, 1, 1, 0, 0, 0]
B6[0, 0, 0, 1, 1, 1, 0, 0, 0]
B6[0, 0, 1, 0, 1, 1, 0, 0, 0]
B6[0, 0, 1, 1, 1, 0, 0, 0, 0]
B6[0, 0, 1, 1, 1, 1, -1, 0, 0]
B6[0, 0, 1, 1, 1, 1, 0, -1, 0]
B6[0, 0, 1, 1, 1, 1, 0, 0, -1]
B6[0, 0, 1, 1, 1, 1, 0, 0, 0]
B6[0, 1, 0, 0, 1, 1, 0, 0, 0]
B6[0, 1, 0, 1, 1, 1, -1, 0, 0]
B6[0, 1, 0, 1, 1, 1, 0, 0, -1]
B6[0, 1, 0, 1, 1, 1, 0, 0, 0]
B6[0, 1, 1, 0, 1, 0, 0, 0, 0]
B6[0, 1, 1, 0, 1, 1, -1, 0, 0]
B6[0, 1, 1, 0, 1, 1, 0, -1, 0]
B6[0, 1, 1, 0, 1, 1, 0, 0, -1]
B6[0, 1, 1, 0, 1, 1, 0, 0, 0]
B6[0, 1, 1, 1, 0, 1, 0, 0, 0]
B6[0, 1, 1, 1, 1, 0, -1, 0, 0]
B6[0, 1, 1, 1, 1, 0, 0, 0, -1]
B6[0, 1, 1, 1, 1, 0, 0, 0, 0]
B6[0, 1, 1, 1, 1, 1, -2, 0, 0]
B6[0, 1, 1, 1, 1, 1, -1, -1, 0]
B6[0, 1, 1, 1, 1, 1, -1, 0, -1]
B6[0, 1, 1, 1, 1, 1, -1, 0, 0]
B6[0, 1, 1, 1, 1, 1, 0, -1, 0]
B6[0, 1, 1, 1, 1, 1, 0, 0, -2]
B6[0, 1, 1, 1, 1, 1, 0, 0, -1]
B6[0, 1, 1, 1, 1, 1, 0, 0, 0]
B6[1, -2, 1, 1, 1, 1, 0, 0, 0]
B6[1, -1, 0, 1, 1, 1, 0, 0, 0]
B6[1, -1, 1, 0, 1, 1, 0, 0, 0]
B6[1, -1, 1, 1, 0, 1, 0, 0, 0]
B6[1, -1, 1, 1, 1, 0, 0, 0, 0]
B6[1, -1, 1, 1, 1, 1, -1, 0, 0]
B6[1, -1, 1, 1, 1, 1, 0, -1, 0]
B6[1, -1, 1, 1, 1, 1, 0, 0, -1]
B6[1, -1, 1, 1, 1, 1, 0, 0, 0]
B6[1, 0, 0, 0, 1, 1, 0, 0, 0]
B6[1, 0, 0, 1, 1, 1, -1, 0, 0]
B6[1, 0, 0, 1, 1, 1, 0, 0, -1]
B6[1, 0, 0, 1, 1, 1, 0, 0, 0]
B6[1, 0, 1, -1, 1, 1, 0, 0, 0]
B6[1, 0, 1, 0, 0, 1, 0, 0, 0]
B6[1, 0, 1, 0, 1, 0, 0, 0, 0]
B6[1, 0, 1, 0, 1, 1, -1, 0, 0]
B6[1, 0, 1, 0, 1, 1, 0, -1, 0]
B6[1, 0, 1, 0, 1, 1, 0, 0, -1]
B6[1, 0, 1, 0, 1, 1, 0, 0, 0]
B6[1, 0, 1, 1, 0, 1, -1, 0, 0]
B6[1, 0, 1, 1, 0, 1, 0, 0, -1]
B6[1, 0, 1, 1, 0, 1, 0, 0, 0]
B6[1, 0, 1, 1, 1, 0, -1, 0, 0]
B6[1, 0, 1, 1, 1, 0, 0, 0, -1]
B6[1, 0, 1, 1, 1, 0, 0, 0, 0]
B6[1, 0, 1, 1, 1, 1, -2, 0, 0]
B6[1, 0, 1, 1, 1, 1, -1, -1, 0]
B6[1, 0, 1, 1, 1, 1, -1, 0, -1]
B6[1, 0, 1, 1, 1, 1, -1, 0, 0]
B6[1, 0, 1, 1, 1, 1, 0, -1, -1]
B6[1, 0, 1, 1, 1, 1, 0, -1, 0]
B6[1, 0, 1, 1, 1, 1, 0, 0, -2]
B6[1, 0, 1, 1, 1, 1, 0, 0, -1]
B6[1, 0, 1, 1, 1, 1, 0, 0, 0]
B6[1, 1, 0, 0, 1, 1, -1, 0, 0]
B6[1, 1, 0, 0, 1, 1, 0, 0, -1]
B6[1, 1, 0, 0, 1, 1, 0, 0, 0]
B6[1, 1, 0, 1, 1, 1, -2, 0, 0]
B6[1, 1, 0, 1, 1, 1, -1, 0, -1]
B6[1, 1, 0, 1, 1, 1, -1, 0, 0]
B6[1, 1, 0, 1, 1, 1, 0, 0, -2]
B6[1, 1, 0, 1, 1, 1, 0, 0, -1]
B6[1, 1, 0, 1, 1, 1, 0, 0, 0]
B6[1, 1, 1, -1, 0, 1, 0, 0, 0]
B6[1, 1, 1, -1, 1, 1, -1, 0, 0]
B6[1, 1, 1, -1, 1, 1, 0, 0, -1]
B6[1, 1, 1, -1, 1, 1, 0, 0, 0]
B6[1, 1, 1, 0, 0, 1, 0, 0, -1]
B6[1, 1, 1, 0, 0, 1, 0, 0, 0]
B6[1, 1, 1, 0, 1, 0, -1, 0, 0]
B6[1, 1, 1, 0, 1, 0, 0, 0, -1]
B6[1, 1, 1, 0, 1, 0, 0, 0, 0]
B6[1, 1, 1, 0, 1, 1, -1, -1, 0]
B6[1, 1, 1, 0, 1, 1, -1, 0, -1]
B6[1, 1, 1, 0, 1, 1, -1, 0, 0]
B6[1, 1, 1, 0, 1, 1, 0, -1, -1]
B6[1, 1, 1, 0, 1, 1, 0, -1, 0]
B6[1, 1, 1, 0, 1, 1, 0, 0, -2]
B6[1, 1, 1, 0, 1, 1, 0, 0, -1]
B6[1, 1, 1, 0, 1, 1, 0, 0, 0]
B6[1, 1, 1, 1, 0, 1, -2, 0, 0]
B6[1, 1, 1, 1, 0, 1, -1, 0, -1]
B6[1, 1, 1, 1, 0, 1, -1, 0, 0]
B6[1, 1, 1, 1, 0, 1, 0, 0, -2]
B6[1, 1, 1, 1, 0, 1, 0, 0, -1]
B6[1, 1, 1, 1, 0, 1, 0, 0, 0]
B6[1, 1, 1, 1, 1, 0, -2, 0, 0]
B6[1, 1, 1, 1, 1, 0, -1, 0, -1]
B6[1, 1, 1, 1, 1, 0, -1, 0, 0]
B6[1, 1, 1, 1, 1, 0, 0, 0, -2]
B6[1, 1, 1, 1, 1, 0, 0, 0, -1]
B6[1, 1, 1, 1, 1, 0, 0, 0, 0]
B6[1, 1, 1, 1, 1, 1, -3, 0, 0]
B6[1, 1, 1, 1, 1, 1, -2, -1, 0]
B6[1, 1, 1, 1, 1, 1, -2, 0, -1]
B6[1, 1, 1, 1, 1, 1, -2, 0, 0]
B6[1, 1, 1, 1, 1, 1, -1, -1, -1]
B6[1, 1, 1, 1, 1, 1, -1, -1, 0]
B6[1, 1, 1, 1, 1, 1, -1, 0, -2]
B6[1, 1, 1, 1, 1, 1, -1, 0, -1]
B6[1, 1, 1, 1, 1, 1, -1, 0, 0]
B6[1, 1, 1, 1, 1, 1, 0, -1, -1]
B6[1, 1, 1, 1, 1, 1, 0, -1, 0]
B6[1, 1, 1, 1, 1, 1, 0, 0, -3]
B6[1, 1, 1, 1, 1, 1, 0, 0, -2]
B6[1, 1, 1, 1, 1, 1, 0, 0, -1]
B6[1, 1, 1, 1, 1, 1, 0, 0, 0]
B6[0, 0, 1, 1, 0, 1, 0, 0, 0]
B6[0, 1, 1, -1, 1, 1, 0, 0, 0]
B6[0, 1, 1, 0, 0, 1, 0, 0, 0]
B6[0, 1, 1, 1, 0, 1, -1, 0, 0]
B6[0, 1, 1, 1, 0, 1, 0, 0, -1]
B6[0, 1, 1, 1, 1, 1, 0, -1, -1]
B6[1, 0, -1, 1, 1, 1, 0, 0, 0]
B6[1, 0, 0, 1, 0, 1, 0, 0, 0]
B6[1, 0, 0, 1, 1, 0, 0, 0, 0]
B6[1, 0, 0, 1, 1, 1, 0, -1, 0]
B6[1, 0, 1, 1, 0, 0, 0, 0, 0]
B6[1, 0, 1, 1, 0, 1, 0, -1, 0]
B6[1, 0, 1, 1, 1, -1, 0, 0, 0]
B6[1, 0, 1, 1, 1, 0, 0, -1, 0]
B6[1, 0, 1, 1, 1, 1, 0, -2, 0]
B6[1, 1, -1, 0, 1, 1, 0, 0, 0]
B6[1, 1, -1, 1, 1, 1, -1, 0, 0]
B6[1, 1, -1, 1, 1, 1, 0, 0, -1]
B6[1, 1, -1, 1, 1, 1, 0, 0, 0]
B6[1, 1, 0, -1, 1, 1, 0, 0, 0]
B6[1, 1, 0, 0, 0, 1, 0, 0, 0]
B6[1, 1, 0, 0, 1, 0, 0, 0, 0]
B6[1, 1, 0, 0, 1, 1, 0, -1, 0]
B6[1, 1, 0, 1, 0, 1, -1, 0, 0]
B6[1, 1, 0, 1, 0, 1, 0, 0, -1]
B6[1, 1, 0, 1, 0, 1, 0, 0, 0]
B6[1, 1, 0, 1, 1, 0, -1, 0, 0]
B6[1, 1, 0, 1, 1, 0, 0, 0, -1]
B6[1, 1, 0, 1, 1, 0, 0, 0, 0]
B6[1, 1, 0, 1, 1, 1, -1, -1, 0]
B6[1, 1, 0, 1, 1, 1, 0, -1, -1]
B6[1, 1, 0, 1, 1, 1, 0, -1, 0]
B6[1, 1, 1, -1, 1, 0, 0, 0, 0]
B6[1, 1, 1, -1, 1, 1, 0, -1, 0]
B6[1, 1, 1, 0, 0, 0, 0, 0, 0]
B6[1, 1, 1, 0, 0, 1, 0, -1, 0]
B6[1, 1, 1, 0, 1, -1, 0, 0, 0]
B6[1, 1, 1, 0, 1, 0, 0, -1, 0]
B6[1, 1, 1, 0, 1, 1, 0, -2, 0]
B6[1, 1, 1, 1, -1, 1, 0, 0, 0]
B6[1, 1, 1, 1, 0, 0, -1, 0, 0]
B6[1, 1, 1, 1, 0, 0, 0, 0, -1]
B6[1, 1, 1, 1, 0, 0, 0, 0, 0]
B6[1, 1, 1, 1, 0, 1, -1, -1, 0]
B6[1, 1, 1, 1, 0, 1, 0, -1, 0]
B6[1, 1, 1, 1, 1, -1, -1, 0, 0]
B6[1, 1, 1, 1, 1, -1, 0, 0, -1]
B6[1, 1, 1, 1, 1, -1, 0, 0, 0]
B6[1, 1, 1, 1, 1, 0, -1, -1, 0]
B6[1, 1, 1, 1, 1, 0, 0, -1, -1]
B6[1, 1, 1, 1, 1, 0, 0, -1, 0]
B6[1, 1, 1, 1, 1, 1, -1, -2, 0]
B6[1, 1, 1, 1, 1, 1, 0, -2, -1]
B6[1, 1, 1, 1, 1, 1, 0, -2, 0]