B42[-1, 0, 1, 1, 1, 1, 0]
B42[-1, 1, 1, 0, 1, 1, 0]
B42[-1, 1, 1, 1, 1, 0, 0]
B42[-1, 1, 1, 1, 1, 1, 0]
B42[0, 0, 0, 1, 1, 1, 0]
B42[0, 0, 1, 1, 0, 1, 0]
B42[0, 0, 1, 1, 1, 1, -1]
B42[0, 0, 1, 1, 1, 1, 0]
B42[0, 1, 0, 0, 1, 1, 0]
B42[0, 1, 1, 0, 0, 1, 0]
B42[0, 1, 1, 0, 1, 1, -1]
B42[0, 1, 1, 0, 1, 1, 0]
B42[0, 1, 1, 1, 0, 0, 0]
B42[0, 1, 1, 1, 0, 1, 0]
B42[0, 1, 1, 1, 1, 0, 0]
B42[0, 1, 1, 1, 1, 1, -1]
B42[0, 1, 1, 1, 1, 1, 0]
B42[1, 0, -1, 1, 1, 1, 0]
B42[1, 0, 0, 1, 0, 1, 0]
B42[1, 0, 0, 1, 1, 1, -1]
B42[1, 0, 0, 1, 1, 1, 0]
B42[1, 1, -1, 0, 1, 1, 0]
B42[1, 1, -1, 1, 1, 0, 0]
B42[1, 1, -1, 1, 1, 1, 0]
B42[1, 1, 0, 0, 0, 1, 0]
B42[1, 1, 0, 0, 1, 1, -1]
B42[1, 1, 0, 0, 1, 1, 0]
B42[1, 1, 0, 1, 0, 0, 0]
B42[1, 1, 0, 1, 0, 1, 0]
B42[1, 1, 0, 1, 1, 0, 0]
B42[1, 1, 0, 1, 1, 1, -1]
B42[1, 1, 0, 1, 1, 1, 0]