0
3 5
0 5
1 0 0 0 0 0 0 0 0 0 
0 1 0 0 0 0 -1 0 1 s 
0 0 1 0 0 0 0 0 0 0 
0 0 0 0 0 0 0 0 1 0 
1 0 1 0 0 -1 -1 0 1 2*s+m1^2 
0 0 0 0 0 0 0 1 0 0 
0 2 0 0 -1 0 -1 0 1 2*s 
0 0 0 0 0 0 -1 0 2 2*s+m1^2 
1 0 0 -1 0 1 0 0 0 -s+m1^2 

0
3 7
0 196
0 0 1 0 0 0 0 0 0 0 
0 0 0 0 0 0 0 1 0 0 
0 0 0 0 0 0 1 0 0 0 
0 0 0 0 0 -1 0 2 0 -m1^2+2*mm^2 
0 0 0 0 0 0 0 0 1 0 
-1 1 1 0 0 0 0 1 -1 -m1^2+mm^2 
-1 0 0 1 0 0 0 1 0 -m1^2+mm^2-t 
-1 0 0 0 0 0 0 2 0 -m1^2+2*mm^2 
0 1 1 -1 -1 1 1 0 -1 -s+m1^2 

0
3 9
0 5
1 0 0 0 0 0 0 0 0 0 
0 1 1 0 0 -1 -1 1 0 s+mm^2 
0 0 2 0 0 0 0 2 -1 0 
0 0 1 0 0 0 0 0 0 0 
2 0 2 0 0 -2 -1 2 0 2*s+2*m1^2 
0 0 0 0 0 0 0 1 0 0 
1 2 1 -1 -1 -1 -1 1 0 2*s+m1^2+t 
1 0 1 0 0 -1 -1 0 1 2*s+2*m1^2 
1 0 0 -1 0 1 0 0 0 -s+m1^2 

0
3 11
0 67
1 0 0 0 0 0 0 0 0 0 
0 1 0 0 0 0 0 0 0 0 
-1 0 1 0 0 1 1 0 -1 -m1^2 
0 0 0 0 0 0 1 0 0 0 
0 0 1 0 0 0 0 0 0 0 
0 0 0 0 0 0 0 1 0 0 
0 2 0 0 -1 0 0 0 0 0 
0 0 0 0 0 0 0 0 1 m1^2 
1 0 0 -1 0 1 0 0 0 -s+m1^2 

0
3 12
0 5
0 2 0 0 0 0 0 0 -1 -2*m1^2+2*mm^2 
0 1 1 0 0 -1 -1 1 0 s+mm^2 
1 0 0 0 0 0 0 0 0 0 
0 0 1 0 0 0 0 0 0 0 
2 0 0 0 0 -1 0 0 0 2*s+m1^2 
0 1 0 0 0 0 0 0 0 0 
1 2 1 -1 -1 -1 -1 1 0 2*s+m1^2+t 
1 0 1 0 0 -1 -1 0 1 2*s+2*m1^2 
0 1 0 0 1 0 -1 0 0 -s-m1^2+3*mm^2-t 

1
3 13
0 69
1 0 0 0 0 0 0 0 0 0 
0 1 0 0 0 0 0 0 0 0 
0 0 1 0 0 0 0 0 0 0 
0 0 0 0 0 0 1 0 0 0 
0 1 0 0 0 0 0 0 0 0 
0 1 0 0 0 0 0 0 0 0 
0 1 0 0 0 0 0 0 0 0 
0 1 0 0 0 0 0 0 0 0 
0 1 0 0 0 0 0 0 0 0 

0
3 14
0 67
3 2 -1 0 0 -1 1 0 -1 2*s+m1^2 
0 1 0 0 0 0 0 0 0 0 
1 0 0 0 0 0 0 0 0 0 
0 0 0 0 0 0 1 0 0 0 
2 0 0 0 0 -1 0 0 0 2*s+m1^2 
2 1 -1 0 0 -1 1 1 0 s+2*m1^2-mm^2 
0 2 0 0 -1 0 0 0 0 0 
0 0 0 0 0 0 0 0 1 m1^2 
3 1 -1 -1 1 0 0 0 0 2*m1^2 

1
3 15
0 197
0 0 1 0 0 0 0 0 0 0 
0 0 0 0 0 0 0 1 0 0 
0 0 0 0 0 0 1 0 0 0 
1 0 0 0 0 0 0 0 0 0 
0 1 0 0 0 0 0 0 0 0 
0 1 0 0 0 0 0 0 0 0 
0 1 0 0 0 0 0 0 0 0 
0 1 0 0 0 0 0 0 0 0 
0 1 0 0 0 0 0 0 0 0 

0
3 17
0 5
1 0 0 0 0 0 0 0 0 0 
0 1 0 0 0 0 0 0 0 0 
-1 0 1 0 0 1 1 0 -1 -m1^2 
0 0 0 0 0 0 1 0 0 0 
0 0 1 0 0 0 0 0 0 0 
0 0 0 0 0 0 0 1 0 0 
0 2 0 0 -1 0 0 0 0 0 
0 0 0 0 0 0 0 0 1 m1^2 
1 0 0 -1 0 1 0 0 0 -s+m1^2 

0
3 19
0 7
1 0 0 0 0 0 0 0 0 0 
0 1 0 0 0 0 0 0 0 0 
-1 0 1 0 0 1 1 0 -1 -m1^2 
0 0 0 0 0 0 1 0 0 0 
0 0 1 0 0 0 0 0 0 0 
0 0 0 0 0 0 0 1 0 0 
0 2 0 0 -1 0 0 0 0 0 
0 0 0 0 0 0 0 0 1 m1^2 
1 0 0 -1 0 1 0 0 0 -s+m1^2 

0
3 21
0 321
1 0 0 0 0 0 0 0 0 0 
1 1 -1 0 0 0 0 1 1 m1^2-mm^2 
0 0 0 0 0 0 1 0 0 0 
1 0 -1 0 0 -1 1 2 1 m1^2 
0 0 0 0 0 0 0 0 1 0 
0 0 0 0 0 0 0 1 0 0 
0 2 -1 1 -1 0 0 1 1 -t 
0 0 -1 0 0 0 0 2 2 m1^2 
1 0 0 -1 0 1 0 0 0 -s+m1^2 

0
3 23
0 452
0 0 1 0 0 0 0 0 0 0 
0 0 0 0 0 0 0 1 0 0 
0 0 0 0 0 0 1 0 0 0 
0 0 0 0 0 -1 0 2 0 -m1^2+2*mm^2 
0 0 0 0 0 0 0 0 1 0 
-1 1 1 0 0 0 0 1 -1 -m1^2+mm^2 
-1 0 0 1 0 0 0 1 0 -m1^2+mm^2-t 
-1 0 0 0 0 0 0 2 0 -m1^2+2*mm^2 
0 1 1 -1 -1 1 1 0 -1 -s+m1^2 

0
3 24
0 5
0 0 0 0 0 0 1 0 0 0 
1 0 0 0 0 -1 0 1 0 s+m1^2 
-1 0 1 0 0 1 1 0 -1 -m1^2 
1 0 0 0 0 0 0 0 0 0 
0 0 1 0 0 0 0 0 0 0 
0 1 0 0 0 0 1 0 -1 s 
2 0 0 -1 0 -1 0 1 0 2*s+2*m1^2-mm^2+t 
2 0 0 0 0 -1 0 0 0 2*s+2*m1^2 
0 1 0 0 -1 0 2 0 -1 m1^2+mm^2-t 

0
3 25
0 69
1 0 0 0 0 0 0 0 0 0 
0 -1 1 0 0 1 1 -1 0 -s+2*m1^2+mm^2 
0 0 0 0 0 0 0 0 1 0 
0 0 1 0 0 0 0 0 0 0 
0 0 0 0 0 0 1 0 0 0 
0 0 0 0 0 0 0 1 0 0 
-1 -2 1 1 1 1 1 -1 0 m1^2+t 
-1 0 1 0 0 1 1 0 -1 0 
1 0 0 -1 0 1 0 0 0 -s+m1^2 

0
3 26
0 67
2 2 -1 0 0 0 0 0 0 0 
0 1 0 0 0 0 0 0 0 0 
0 0 0 0 0 1 0 0 0 -m1^2 
0 0 0 0 0 0 1 0 0 0 
1 0 0 0 0 0 0 0 0 0 
1 1 -1 0 0 0 0 1 1 m1^2-mm^2 
0 2 0 0 -1 0 0 0 0 0 
0 0 0 0 0 0 0 0 1 m1^2 
2 1 -1 -1 1 1 -1 0 1 -s+m1^2 

0
3 27
0 71
1 0 0 0 0 0 0 0 0 0 
0 1 0 0 0 0 0 0 0 0 
-1 0 1 0 0 1 1 0 -1 -m1^2 
0 0 0 0 0 0 1 0 0 0 
0 0 1 0 0 0 0 0 0 0 
0 0 0 0 0 0 0 1 0 0 
0 2 0 0 -1 0 0 0 0 0 
0 0 0 0 0 0 0 0 1 m1^2 
1 0 0 -1 0 1 0 0 0 -s+m1^2 

0
3 28
0 321
1 0 -1 0 0 -1 1 2 1 m1^2 
1 0 0 0 0 -1 0 1 0 s+m1^2 
0 0 0 0 0 0 1 0 0 0 
1 0 0 0 0 0 0 0 0 0 
0 0 0 0 0 0 0 0 1 0 
2 1 -1 0 0 -1 1 1 0 s+2*m1^2-mm^2 
2 0 0 -1 0 -1 0 1 0 2*s+2*m1^2-mm^2+t 
2 0 0 0 0 -1 0 0 0 2*s+2*m1^2 
1 1 -1 1 -1 -2 2 2 0 2*m1^2+2*mm^2-2*t 

0
3 29
0 325
1 0 0 0 0 0 0 0 0 0 
0 -1 1 0 0 1 1 -1 0 -s+2*m1^2+mm^2 
0 0 0 0 0 0 0 0 1 0 
0 0 1 0 0 0 0 0 0 0 
0 0 0 0 0 0 1 0 0 0 
0 0 0 0 0 0 0 1 0 0 
-1 -2 1 1 1 1 1 -1 0 m1^2+t 
-1 0 1 0 0 1 1 0 -1 0 
1 0 0 -1 0 1 0 0 0 -s+m1^2 

1
3 30
0 449
0 1 0 0 0 0 0 0 0 0 
0 0 0 0 0 0 0 1 0 0 
0 0 0 0 0 0 1 0 0 0 
1 0 0 0 0 0 0 0 0 0 
0 0 0 0 0 0 0 0 1 0 
0 1 0 0 0 0 0 0 0 0 
0 1 0 0 0 0 0 0 0 0 
0 1 0 0 0 0 0 0 0 0 
0 1 0 0 0 0 0 0 0 0 

1
3 31
0 453
0 0 1 0 0 0 0 0 0 0 
0 0 0 0 0 0 0 1 0 0 
0 0 0 0 0 0 1 0 0 0 
1 0 0 0 0 0 0 0 0 0 
0 0 0 0 0 0 0 0 1 0 
0 1 0 0 0 0 0 0 0 0 
0 1 0 0 0 0 0 0 0 0 
0 1 0 0 0 0 0 0 0 0 
0 1 0 0 0 0 0 0 0 0 

1
3 37
0 67
0 0 0 0 0 0 1 0 0 0 
0 0 1 0 0 0 0 0 0 0 
1 0 0 0 0 0 0 0 0 0 
0 0 1 0 0 0 0 0 0 0 
0 0 1 0 0 0 0 0 0 0 
0 1 0 0 0 0 0 0 0 0 
0 0 1 0 0 0 0 0 0 0 
0 0 1 0 0 0 0 0 0 0 
0 0 1 0 0 0 0 0 0 0 

1
3 38
0 134
1 0 0 0 0 0 0 0 0 0 
0 1 0 0 0 0 0 0 0 0 
0 0 1 0 0 0 0 0 0 0 
1 0 0 0 0 0 0 0 0 0 
1 0 0 0 0 0 0 0 0 0 
0 0 0 0 0 0 0 1 0 0 
1 0 0 0 0 0 0 0 0 0 
1 0 0 0 0 0 0 0 0 0 
1 0 0 0 0 0 0 0 0 0 

1
3 39
0 198
0 0 0 0 0 0 1 0 0 0 
0 0 0 0 0 0 0 1 0 0 
0 0 1 0 0 0 0 0 0 0 
1 0 0 0 0 0 0 0 0 0 
1 0 0 0 0 0 0 0 0 0 
0 1 0 0 0 0 0 0 0 0 
1 0 0 0 0 0 0 0 0 0 
1 0 0 0 0 0 0 0 0 0 
1 0 0 0 0 0 0 0 0 0 

1
3 41
0 67
0 0 0 0 0 0 1 0 0 0 
0 0 1 0 0 0 0 0 0 0 
0 0 1 0 0 0 0 0 0 0 
1 0 0 0 0 0 0 0 0 0 
0 0 1 0 0 0 0 0 0 0 
0 1 0 0 0 0 0 0 0 0 
0 0 1 0 0 0 0 0 0 0 
0 0 1 0 0 0 0 0 0 0 
0 0 1 0 0 0 0 0 0 0 

0
3 43
0 195
1 0 0 0 0 0 0 0 0 0 
0 1 0 0 0 0 0 0 0 0 
-1 0 1 0 0 1 1 0 -1 -m1^2 
0 0 0 0 0 0 1 0 0 0 
0 0 1 0 0 0 0 0 0 0 
0 0 0 0 0 0 0 1 0 0 
0 2 0 0 -1 0 0 0 0 0 
0 0 0 0 0 0 0 0 1 m1^2 
1 0 0 -1 0 1 0 0 0 -s+m1^2 

0
3 44
0 7
0 2 0 0 0 0 0 0 -1 -2*m1^2+2*mm^2 
0 1 1 0 0 -1 -1 1 0 s+mm^2 
1 0 0 0 0 0 0 0 0 0 
0 0 1 0 0 0 0 0 0 0 
2 0 0 0 0 -1 0 0 0 2*s+m1^2 
0 1 0 0 0 0 0 0 0 0 
1 2 1 -1 -1 -1 -1 1 0 2*s+m1^2+t 
1 0 1 0 0 -1 -1 0 1 2*s+2*m1^2 
0 1 0 0 1 0 -1 0 0 -s-m1^2+3*mm^2-t 

1
3 45
0 71
0 0 0 0 0 0 1 0 0 0 
0 0 0 1 0 0 0 0 0 0 
1 0 0 0 0 0 0 0 0 0 
0 0 1 0 0 0 0 0 0 0 
0 0 0 1 0 0 0 0 0 0 
0 1 0 0 0 0 0 0 0 0 
0 0 0 1 0 0 0 0 0 0 
0 0 0 1 0 0 0 0 0 0 
0 0 0 1 0 0 0 0 0 0 

1
3 46
0 135
0 0 0 1 0 0 0 0 0 0 
0 0 0 0 0 0 0 1 0 0 
0 0 1 0 0 0 0 0 0 0 
1 0 0 0 0 0 0 0 0 0 
0 0 0 1 0 0 0 0 0 0 
0 1 0 0 0 0 0 0 0 0 
0 0 0 1 0 0 0 0 0 0 
0 0 0 1 0 0 0 0 0 0 
0 0 0 1 0 0 0 0 0 0 

1
3 47
0 199
0 0 0 0 0 0 1 0 0 0 
0 0 0 0 0 0 0 1 0 0 
0 0 1 0 0 0 0 0 0 0 
1 0 0 0 0 0 0 0 0 0 
0 0 0 1 0 0 0 0 0 0 
0 1 0 0 0 0 0 0 0 0 
0 0 0 1 0 0 0 0 0 0 
0 0 0 1 0 0 0 0 0 0 
0 0 0 1 0 0 0 0 0 0 

1
3 49
0 67
0 0 0 0 0 0 1 0 0 0 
0 0 1 0 0 0 0 0 0 0 
0 0 1 0 0 0 0 0 0 0 
0 0 1 0 0 0 0 0 0 0 
1 0 0 0 0 0 0 0 0 0 
0 1 0 0 0 0 0 0 0 0 
0 0 1 0 0 0 0 0 0 0 
0 0 1 0 0 0 0 0 0 0 
0 0 1 0 0 0 0 0 0 0 

0
3 50
0 134
1 0 0 0 0 0 0 0 0 0 
0 1 0 0 0 0 0 0 0 0 
-1 0 1 0 0 1 1 0 -1 -m1^2 
0 0 0 0 0 0 1 0 0 0 
0 0 1 0 0 0 0 0 0 0 
0 0 0 0 0 0 0 1 0 0 
0 2 0 0 -1 0 0 0 0 0 
0 0 0 0 0 0 0 0 1 m1^2 
1 0 0 -1 0 1 0 0 0 -s+m1^2 

0
3 51
0 135
1 0 0 0 0 0 0 0 0 0 
0 1 0 0 0 0 0 0 0 0 
-1 0 1 0 0 1 1 0 -1 -m1^2 
0 0 0 0 0 0 1 0 0 0 
0 0 1 0 0 0 0 0 0 0 
0 0 0 0 0 0 0 1 0 0 
0 2 0 0 -1 0 0 0 0 0 
0 0 0 0 0 0 0 0 1 m1^2 
1 0 0 -1 0 1 0 0 0 -s+m1^2 

0
3 53
0 449
1 0 0 0 0 0 0 0 0 0 
0 -1 1 0 0 1 1 -1 0 -s+2*m1^2+mm^2 
0 0 0 0 0 0 0 0 1 0 
0 0 1 0 0 0 0 0 0 0 
0 0 0 0 0 0 1 0 0 0 
0 0 0 0 0 0 0 1 0 0 
-1 -2 1 1 1 1 1 -1 0 m1^2+t 
-1 0 1 0 0 1 1 0 -1 0 
1 0 0 -1 0 1 0 0 0 -s+m1^2 

0
3 54
2 57
1 -1 0 1 0 1 0 0 -1 -m1^2+mm^2 
1 0 0 0 0 0 0 0 0 0 
0 0 0 0 1 0 0 0 0 0 
0 0 1 0 0 0 0 0 0 0 
0 0 0 1 0 0 0 0 0 0 
0 0 0 0 0 1 0 0 0 0 
0 0 0 0 0 0 0 1 0 0 
0 1 0 0 0 0 0 0 0 m1^2 
2 0 -1 1 1 1 -1 -1 -1 -s+m1^2+mm^2 

0
3 55
2 59
0 1 0 0 0 0 0 0 0 0 
0 0 0 0 0 1 0 0 0 0 
0 0 0 0 1 0 0 0 0 0 
1 0 -1 0 1 1 0 0 -1 -m1^2+mm^2 
0 0 0 1 0 0 0 0 0 0 
1 0 0 0 0 0 0 0 0 0 
1 0 0 1 0 1 -1 -1 0 m1^2-mm^2+t 
1 -1 0 1 0 1 0 0 -1 mm^2 
-1 0 1 0 0 0 0 1 0 -s+m1^2+mm^2-t 

0
3 56
0 196
1 0 0 0 0 0 0 0 0 0 
0 -1 1 0 0 1 1 -1 0 -s+2*m1^2+mm^2 
0 0 0 0 0 0 0 0 1 0 
0 0 1 0 0 0 0 0 0 0 
0 0 0 0 0 0 1 0 0 0 
0 0 0 0 0 0 0 1 0 0 
-1 -2 1 1 1 1 1 -1 0 m1^2+t 
-1 0 1 0 0 1 1 0 -1 0 
1 0 0 -1 0 1 0 0 0 -s+m1^2 

0
3 57
0 197
1 0 0 0 0 0 0 0 0 0 
0 -1 1 0 0 1 1 -1 0 -s+2*m1^2+mm^2 
0 0 0 0 0 0 0 0 1 0 
0 0 1 0 0 0 0 0 0 0 
0 0 0 0 0 0 1 0 0 0 
0 0 0 0 0 0 0 1 0 0 
-1 -2 1 1 1 1 1 -1 0 m1^2+t 
-1 0 1 0 0 1 1 0 -1 0 
1 0 0 -1 0 1 0 0 0 -s+m1^2 

0
3 58
0 198
1 0 0 0 0 0 0 0 0 0 
0 1 0 0 0 0 0 0 0 0 
-1 0 1 0 0 1 1 0 -1 -m1^2 
0 0 0 0 0 0 1 0 0 0 
0 0 1 0 0 0 0 0 0 0 
0 0 0 0 0 0 0 1 0 0 
0 2 0 0 -1 0 0 0 0 0 
0 0 0 0 0 0 0 0 1 m1^2 
1 0 0 -1 0 1 0 0 0 -s+m1^2 

0
3 59
0 199
1 0 0 0 0 0 0 0 0 0 
0 1 0 0 0 0 0 0 0 0 
-1 0 1 0 0 1 1 0 -1 -m1^2 
0 0 0 0 0 0 1 0 0 0 
0 0 1 0 0 0 0 0 0 0 
0 0 0 0 0 0 0 1 0 0 
0 2 0 0 -1 0 0 0 0 0 
0 0 0 0 0 0 0 0 1 m1^2 
1 0 0 -1 0 1 0 0 0 -s+m1^2 

0
3 60
0 452
1 0 0 0 0 0 0 0 0 0 
0 -1 1 0 0 1 1 -1 0 -s+2*m1^2+mm^2 
0 0 0 0 0 0 0 0 1 0 
0 0 1 0 0 0 0 0 0 0 
0 0 0 0 0 0 1 0 0 0 
0 0 0 0 0 0 0 1 0 0 
-1 -2 1 1 1 1 1 -1 0 m1^2+t 
-1 0 1 0 0 1 1 0 -1 0 
1 0 0 -1 0 1 0 0 0 -s+m1^2 

0
3 61
0 453
1 0 0 0 0 0 0 0 0 0 
0 -1 1 0 0 1 1 -1 0 -s+2*m1^2+mm^2 
0 0 0 0 0 0 0 0 1 0 
0 0 1 0 0 0 0 0 0 0 
0 0 0 0 0 0 1 0 0 0 
0 0 0 0 0 0 0 1 0 0 
-1 -2 1 1 1 1 1 -1 0 m1^2+t 
-1 0 1 0 0 1 1 0 -1 0 
1 0 0 -1 0 1 0 0 0 -s+m1^2 

1
3 62
2 59
0 0 1 0 0 0 0 0 0 0 
1 0 0 0 0 0 0 0 0 0 
0 0 0 1 0 0 0 0 0 0 
0 1 0 0 0 0 0 0 0 0 
0 0 0 0 1 0 0 0 0 0 
0 0 0 0 0 1 0 0 0 0 
0 0 1 0 0 0 0 0 0 0 
0 0 1 0 0 0 0 0 0 0 
0 0 1 0 0 0 0 0 0 0 

0
3 73
2 140
0 0 0 1 0 0 0 0 0 0 
1 0 0 0 0 0 0 0 0 0 
1 -2 1 2 -1 1 0 0 -1 2*s-m1^2+mm^2 
0 0 1 0 0 0 0 0 0 0 
1 -1 0 1 0 1 0 0 -1 -m1^2+mm^2 
0 0 0 2 0 0 0 0 -1 2*m1^2+2*mm^2 
0 0 0 0 0 0 0 1 0 0 
0 1 0 0 0 0 0 0 0 m1^2 
0 0 0 1 -1 0 1 0 0 s 

0
3 75
2 141
0 0 0 1 0 0 0 0 0 0 
1 0 0 0 0 0 0 0 0 0 
1 -2 1 2 -1 1 0 0 -1 2*s-m1^2+mm^2 
0 0 1 0 0 0 0 0 0 0 
1 -1 0 1 0 1 0 0 -1 -m1^2+mm^2 
0 0 0 2 0 0 0 0 -1 2*m1^2+2*mm^2 
0 0 0 0 0 0 0 1 0 0 
0 1 0 0 0 0 0 0 0 m1^2 
0 0 0 1 -1 0 1 0 0 s 

0
3 76
2 140
1 0 1 0 1 -1 0 0 1 m1^2-mm^2 
1 0 0 0 0 0 0 0 0 0 
0 0 0 1 0 0 0 0 0 0 
0 0 1 0 0 0 0 0 0 0 
0 0 0 0 1 0 0 0 0 0 
0 1 1 1 1 -1 0 0 0 -s+4*m1^2 
0 0 0 0 0 0 0 1 0 0 
0 1 0 0 0 0 0 0 0 m1^2 
2 1 0 0 0 -1 1 -1 1 m1^2-mm^2 

0
3 78
2 141
1 0 1 0 1 -1 0 0 1 m1^2-mm^2 
1 0 0 0 0 0 0 0 0 0 
0 0 0 1 0 0 0 0 0 0 
0 0 1 0 0 0 0 0 0 0 
0 0 0 0 1 0 0 0 0 0 
0 1 1 1 1 -1 0 0 0 -s+4*m1^2 
0 0 0 0 0 0 0 1 0 0 
0 1 0 0 0 0 0 0 0 m1^2 
2 1 0 0 0 -1 1 -1 1 m1^2-mm^2 

1
3 81
0 7
1 0 0 0 0 0 0 0 0 0 
0 0 0 1 0 0 0 0 0 0 
0 0 0 1 0 0 0 0 0 0 
0 0 0 1 0 0 0 0 0 0 
0 0 1 0 0 0 0 0 0 0 
0 0 0 1 0 0 0 0 0 0 
0 1 0 0 0 0 0 0 0 0 
0 0 0 1 0 0 0 0 0 0 
0 0 0 1 0 0 0 0 0 0 

0
3 83
0 23
1 0 0 0 0 0 0 0 0 0 
0 1 0 0 0 0 0 0 0 0 
1 0 1 0 0 -1 -1 0 1 2*s+m1^2 
0 2 0 0 0 0 -1 0 0 -2*m1^2+2*mm^2 
0 0 1 0 0 0 0 0 0 0 
2 0 0 0 0 0 0 -1 0 2*m1^2+2*mm^2 
0 0 0 0 1 0 0 0 0 0 
0 2 0 0 0 0 0 0 -1 -m1^2+2*mm^2 
1 0 0 1 0 -1 0 0 0 s+m1^2 

0
3 88
2 140
1 1 0 1 0 -1 0 0 1 m1^2-mm^2 
1 0 0 0 0 0 0 0 0 0 
0 0 0 2 -1 0 0 0 0 2*s 
0 0 1 0 0 0 0 0 0 0 
0 0 0 1 0 0 0 0 0 0 
0 2 0 2 0 -1 0 0 0 4*m1^2 
0 0 0 0 0 0 0 1 0 0 
0 1 0 0 0 0 0 0 0 m1^2 
2 2 -1 1 -1 -1 1 -1 1 s+m1^2-mm^2 

0
3 90
2 141
1 1 0 1 0 -1 0 0 1 m1^2-mm^2 
1 0 0 0 0 0 0 0 0 0 
0 0 0 2 -1 0 0 0 0 2*s 
0 0 1 0 0 0 0 0 0 0 
0 0 0 1 0 0 0 0 0 0 
0 2 0 2 0 -1 0 0 0 4*m1^2 
0 0 0 0 0 0 0 1 0 0 
0 1 0 0 0 0 0 0 0 m1^2 
2 2 -1 1 -1 -1 1 -1 1 s+m1^2-mm^2 

0
3 92
2 156
1 0 1 0 1 -1 0 0 1 m1^2-mm^2 
1 0 0 0 0 0 0 0 0 0 
0 0 0 1 0 0 0 0 0 0 
0 0 1 0 0 0 0 0 0 0 
0 0 0 0 1 0 0 0 0 0 
0 1 1 1 1 -1 0 0 0 -s+4*m1^2 
0 0 0 0 0 0 0 1 0 0 
0 1 0 0 0 0 0 0 0 m1^2 
2 1 0 0 0 -1 1 -1 1 m1^2-mm^2 

0
3 94
2 157
1 0 1 0 1 -1 0 0 1 m1^2-mm^2 
1 0 0 0 0 0 0 0 0 0 
0 0 0 1 0 0 0 0 0 0 
0 0 1 0 0 0 0 0 0 0 
0 0 0 0 1 0 0 0 0 0 
0 1 1 1 1 -1 0 0 0 -s+4*m1^2 
0 0 0 0 0 0 0 1 0 0 
0 1 0 0 0 0 0 0 0 m1^2 
2 1 0 0 0 -1 1 -1 1 m1^2-mm^2 

0
3 100
2 176
1 -1 0 1 0 1 0 0 -1 -m1^2+mm^2 
1 0 0 0 0 0 0 0 0 0 
0 0 0 0 1 0 0 0 0 0 
0 0 1 0 0 0 0 0 0 0 
0 0 0 1 0 0 0 0 0 0 
0 0 0 0 0 1 0 0 0 0 
0 0 0 0 0 0 0 1 0 0 
0 1 0 0 0 0 0 0 0 m1^2 
2 0 -1 1 1 1 -1 -1 -1 -s+m1^2+mm^2 

0
3 102
2 177
1 -1 0 1 0 1 0 0 -1 -m1^2+mm^2 
1 0 0 0 0 0 0 0 0 0 
0 0 0 0 1 0 0 0 0 0 
0 0 1 0 0 0 0 0 0 0 
0 0 0 1 0 0 0 0 0 0 
0 0 0 0 0 1 0 0 0 0 
0 0 0 0 0 0 0 1 0 0 
0 1 0 0 0 0 0 0 0 m1^2 
2 0 -1 1 1 1 -1 -1 -1 -s+m1^2+mm^2 

0
3 105
2 396
0 0 0 1 0 0 0 0 0 0 
1 0 0 0 0 0 0 0 0 0 
1 0 1 0 1 -1 0 0 1 m1^2-mm^2 
0 0 1 0 0 0 0 0 0 0 
1 1 0 1 0 -1 0 0 1 m1^2-mm^2 
0 0 0 0 0 0 0 0 1 0 
0 0 0 0 0 0 0 1 0 0 
0 1 0 0 0 0 0 0 0 m1^2 
0 0 0 1 1 0 -1 0 0 -s+2*m1^2 

0
3 107
2 397
0 0 0 1 0 0 0 0 0 0 
1 0 0 0 0 0 0 0 0 0 
1 0 1 0 1 -1 0 0 1 m1^2-mm^2 
0 0 1 0 0 0 0 0 0 0 
1 1 0 1 0 -1 0 0 1 m1^2-mm^2 
0 0 0 0 0 0 0 0 1 0 
0 0 0 0 0 0 0 1 0 0 
0 1 0 0 0 0 0 0 0 m1^2 
0 0 0 1 1 0 -1 0 0 -s+2*m1^2 

0
3 108
2 180
1 -1 0 1 0 1 0 0 -1 -m1^2+mm^2 
1 0 0 0 0 0 0 0 0 0 
0 0 0 0 1 0 0 0 0 0 
0 0 1 0 0 0 0 0 0 0 
0 0 0 1 0 0 0 0 0 0 
0 0 0 0 0 1 0 0 0 0 
0 0 0 0 0 0 0 1 0 0 
0 1 0 0 0 0 0 0 0 m1^2 
2 0 -1 1 1 1 -1 -1 -1 -s+m1^2+mm^2 

0
3 110
2 181
1 -1 0 1 0 1 0 0 -1 -m1^2+mm^2 
1 0 0 0 0 0 0 0 0 0 
0 0 0 0 1 0 0 0 0 0 
0 0 1 0 0 0 0 0 0 0 
0 0 0 1 0 0 0 0 0 0 
0 0 0 0 0 1 0 0 0 0 
0 0 0 0 0 0 0 1 0 0 
0 1 0 0 0 0 0 0 0 m1^2 
2 0 -1 1 1 1 -1 -1 -1 -s+m1^2+mm^2 

0
3 112
2 168
1 -1 0 1 0 1 0 0 -1 -m1^2+mm^2 
1 0 0 0 0 0 0 0 0 0 
0 0 0 0 1 0 0 0 0 0 
0 0 1 0 0 0 0 0 0 0 
0 0 0 1 0 0 0 0 0 0 
0 0 0 0 0 1 0 0 0 0 
0 0 0 0 0 0 0 1 0 0 
0 1 0 0 0 0 0 0 0 m1^2 
2 0 -1 1 1 1 -1 -1 -1 -s+m1^2+mm^2 

0
3 114
2 169
1 -1 0 1 0 1 0 0 -1 -m1^2+mm^2 
1 0 0 0 0 0 0 0 0 0 
0 0 0 0 1 0 0 0 0 0 
0 0 1 0 0 0 0 0 0 0 
0 0 0 1 0 0 0 0 0 0 
0 0 0 0 0 1 0 0 0 0 
0 0 0 0 0 0 0 1 0 0 
0 1 0 0 0 0 0 0 0 m1^2 
2 0 -1 1 1 1 -1 -1 -1 -s+m1^2+mm^2 

0
3 116
2 184
1 -1 0 1 0 1 0 0 -1 -m1^2+mm^2 
1 0 0 0 0 0 0 0 0 0 
0 0 0 0 1 0 0 0 0 0 
0 0 1 0 0 0 0 0 0 0 
0 0 0 1 0 0 0 0 0 0 
0 0 0 0 0 1 0 0 0 0 
0 0 0 0 0 0 0 1 0 0 
0 1 0 0 0 0 0 0 0 m1^2 
2 0 -1 1 1 1 -1 -1 -1 -s+m1^2+mm^2 

0
3 118
2 185
1 -1 0 1 0 1 0 0 -1 -m1^2+mm^2 
1 0 0 0 0 0 0 0 0 0 
0 0 0 0 1 0 0 0 0 0 
0 0 1 0 0 0 0 0 0 0 
0 0 0 1 0 0 0 0 0 0 
0 0 0 0 0 1 0 0 0 0 
0 0 0 0 0 0 0 1 0 0 
0 1 0 0 0 0 0 0 0 m1^2 
2 0 -1 1 1 1 -1 -1 -1 -s+m1^2+mm^2 

0
3 120
2 172
1 -1 0 1 0 1 0 0 -1 -m1^2+mm^2 
1 0 0 0 0 0 0 0 0 0 
0 0 0 0 1 0 0 0 0 0 
0 0 1 0 0 0 0 0 0 0 
0 0 0 1 0 0 0 0 0 0 
0 0 0 0 0 1 0 0 0 0 
0 0 0 0 0 0 0 1 0 0 
0 1 0 0 0 0 0 0 0 m1^2 
2 0 -1 1 1 1 -1 -1 -1 -s+m1^2+mm^2 

0
3 122
2 173
1 -1 0 1 0 1 0 0 -1 -m1^2+mm^2 
1 0 0 0 0 0 0 0 0 0 
0 0 0 0 1 0 0 0 0 0 
0 0 1 0 0 0 0 0 0 0 
0 0 0 1 0 0 0 0 0 0 
0 0 0 0 0 1 0 0 0 0 
0 0 0 0 0 0 0 1 0 0 
0 1 0 0 0 0 0 0 0 m1^2 
2 0 -1 1 1 1 -1 -1 -1 -s+m1^2+mm^2 

0
3 124
2 188
1 -1 0 1 0 1 0 0 -1 -m1^2+mm^2 
1 0 0 0 0 0 0 0 0 0 
0 0 0 0 1 0 0 0 0 0 
0 0 1 0 0 0 0 0 0 0 
0 0 0 1 0 0 0 0 0 0 
0 0 0 0 0 1 0 0 0 0 
0 0 0 0 0 0 0 1 0 0 
0 1 0 0 0 0 0 0 0 m1^2 
2 0 -1 1 1 1 -1 -1 -1 -s+m1^2+mm^2 

0
3 126
2 189
1 -1 0 1 0 1 0 0 -1 -m1^2+mm^2 
1 0 0 0 0 0 0 0 0 0 
0 0 0 0 1 0 0 0 0 0 
0 0 1 0 0 0 0 0 0 0 
0 0 0 1 0 0 0 0 0 0 
0 0 0 0 0 1 0 0 0 0 
0 0 0 0 0 0 0 1 0 0 
0 1 0 0 0 0 0 0 0 m1^2 
2 0 -1 1 1 1 -1 -1 -1 -s+m1^2+mm^2 

1
3 131
0 164
0 0 1 0 0 0 0 0 0 0 
0 0 0 0 0 1 0 0 0 0 
1 0 0 0 0 0 0 0 0 0 
1 0 0 0 0 0 0 0 0 0 
1 0 0 0 0 0 0 0 0 0 
1 0 0 0 0 0 0 0 0 0 
1 0 0 0 0 0 0 0 0 0 
0 0 0 0 0 0 0 1 0 0 
1 0 0 0 0 0 0 0 0 0 

1
3 133
0 100
0 0 1 0 0 0 0 0 0 0 
1 0 0 0 0 0 0 0 0 0 
0 0 0 0 0 0 1 0 0 0 
1 0 0 0 0 0 0 0 0 0 
1 0 0 0 0 0 0 0 0 0 
1 0 0 0 0 0 0 0 0 0 
1 0 0 0 0 0 0 0 0 0 
0 0 0 0 0 1 0 0 0 0 
1 0 0 0 0 0 0 0 0 0 

1
3 134
0 164
1 0 0 0 0 0 0 0 0 0 
0 0 0 0 0 1 0 0 0 0 
0 0 1 0 0 0 0 0 0 0 
1 0 0 0 0 0 0 0 0 0 
1 0 0 0 0 0 0 0 0 0 
1 0 0 0 0 0 0 0 0 0 
1 0 0 0 0 0 0 0 0 0 
0 0 0 0 0 0 0 1 0 0 
1 0 0 0 0 0 0 0 0 0 

1
3 135
0 228
0 0 1 0 0 0 0 0 0 0 
0 0 0 0 0 0 0 1 0 0 
0 0 0 0 0 0 1 0 0 0 
1 0 0 0 0 0 0 0 0 0 
1 0 0 0 0 0 0 0 0 0 
1 0 0 0 0 0 0 0 0 0 
1 0 0 0 0 0 0 0 0 0 
0 0 0 0 0 1 0 0 0 0 
1 0 0 0 0 0 0 0 0 0 

0
3 137
0 37
0 0 1 0 0 0 0 0 0 0 
1 0 0 0 0 1 0 -1 0 -s+m1^2+2*mm^2 
0 2 0 0 0 0 0 0 -1 -2*m1^2+2*mm^2 
1 0 0 0 0 0 0 0 0 0 
0 2 0 0 0 0 -1 0 0 -2*m1^2+2*mm^2 
-1 1 1 0 0 0 0 1 -1 -m1^2+mm^2 
0 0 0 1 0 1 0 -1 0 mm^2+t 
0 0 0 0 0 1 0 0 0 0 
0 1 1 -1 -1 1 1 0 -1 -s+m1^2 

1
3 139
0 165
0 0 1 0 0 0 0 0 0 0 
0 0 0 0 0 0 0 1 0 0 
0 1 0 0 0 0 0 0 0 0 
1 0 0 0 0 0 0 0 0 0 
0 1 0 0 0 0 0 0 0 0 
0 1 0 0 0 0 0 0 0 0 
0 1 0 0 0 0 0 0 0 0 
0 0 0 0 0 1 0 0 0 0 
0 1 0 0 0 0 0 0 0 0 

0
3 140
0 37
4 -2 2 0 0 0 0 -2 1 6*m1^2+2*mm^2 
1 0 0 0 0 1 0 -1 0 -s+m1^2+2*mm^2 
0 0 1 0 0 0 0 0 0 0 
1 0 0 0 0 0 0 0 0 0 
1 0 1 0 0 -1 -1 0 1 2*s+m1^2 
2 -1 2 0 0 0 0 0 0 4*m1^2 
0 0 0 1 0 1 0 -1 0 mm^2+t 
0 0 0 0 0 1 0 0 0 0 
4 -1 2 -2 -1 2 1 -2 0 -3*s+7*m1^2+3*mm^2-t 

1
3 141
0 101
0 0 1 0 0 0 0 0 0 0 
0 1 0 0 0 0 0 0 0 0 
0 0 0 0 0 0 1 0 0 0 
1 0 0 0 0 0 0 0 0 0 
0 1 0 0 0 0 0 0 0 0 
0 1 0 0 0 0 0 0 0 0 
0 1 0 0 0 0 0 0 0 0 
0 0 0 0 0 1 0 0 0 0 
0 1 0 0 0 0 0 0 0 0 

1
3 142
0 165
0 1 0 0 0 0 0 0 0 0 
0 0 0 0 0 0 0 1 0 0 
0 0 1 0 0 0 0 0 0 0 
1 0 0 0 0 0 0 0 0 0 
0 1 0 0 0 0 0 0 0 0 
0 1 0 0 0 0 0 0 0 0 
0 1 0 0 0 0 0 0 0 0 
0 0 0 0 0 1 0 0 0 0 
0 1 0 0 0 0 0 0 0 0 

1
3 143
0 229
0 0 1 0 0 0 0 0 0 0 
0 0 0 0 0 0 0 1 0 0 
0 0 0 0 0 0 1 0 0 0 
1 0 0 0 0 0 0 0 0 0 
0 1 0 0 0 0 0 0 0 0 
0 1 0 0 0 0 0 0 0 0 
0 1 0 0 0 0 0 0 0 0 
0 0 0 0 0 1 0 0 0 0 
0 1 0 0 0 0 0 0 0 0 

1
3 145
0 292
0 0 1 0 0 0 0 0 0 0 
1 0 0 0 0 0 0 0 0 0 
1 0 0 0 0 0 0 0 0 0 
1 0 0 0 0 0 0 0 0 0 
0 0 0 0 0 0 0 0 1 0 
1 0 0 0 0 0 0 0 0 0 
1 0 0 0 0 0 0 0 0 0 
0 0 0 0 0 1 0 0 0 0 
1 0 0 0 0 0 0 0 0 0 

1
3 146
0 164
1 0 0 0 0 0 0 0 0 0 
0 0 0 0 0 1 0 0 0 0 
1 0 0 0 0 0 0 0 0 0 
1 0 0 0 0 0 0 0 0 0 
0 0 1 0 0 0 0 0 0 0 
1 0 0 0 0 0 0 0 0 0 
1 0 0 0 0 0 0 0 0 0 
0 0 0 0 0 0 0 1 0 0 
1 0 0 0 0 0 0 0 0 0 

1
3 147
0 420
0 0 1 0 0 0 0 0 0 0 
0 0 0 0 0 0 0 1 0 0 
1 0 0 0 0 0 0 0 0 0 
1 0 0 0 0 0 0 0 0 0 
0 0 0 0 0 0 0 0 1 0 
1 0 0 0 0 0 0 0 0 0 
1 0 0 0 0 0 0 0 0 0 
0 0 0 0 0 1 0 0 0 0 
1 0 0 0 0 0 0 0 0 0 

1
3 149
0 356
0 0 1 0 0 0 0 0 0 0 
1 0 0 0 0 0 0 0 0 0 
0 0 0 0 0 0 1 0 0 0 
1 0 0 0 0 0 0 0 0 0 
0 0 0 0 0 0 0 0 1 0 
1 0 0 0 0 0 0 0 0 0 
1 0 0 0 0 0 0 0 0 0 
0 0 0 0 0 1 0 0 0 0 
1 0 0 0 0 0 0 0 0 0 

1
3 150
0 480
1 0 0 0 0 0 0 0 0 0 
0 0 0 0 0 0 0 1 0 0 
0 0 0 0 0 0 1 0 0 0 
1 0 0 0 0 0 0 0 0 0 
0 0 0 0 0 0 0 0 1 0 
1 0 0 0 0 0 0 0 0 0 
1 0 0 0 0 0 0 0 0 0 
0 0 0 0 0 1 0 0 0 0 
1 0 0 0 0 0 0 0 0 0 

1
3 151
0 484
0 0 1 0 0 0 0 0 0 0 
0 0 0 0 0 0 0 1 0 0 
0 0 0 0 0 0 1 0 0 0 
1 0 0 0 0 0 0 0 0 0 
0 0 0 0 0 0 0 0 1 0 
1 0 0 0 0 0 0 0 0 0 
1 0 0 0 0 0 0 0 0 0 
0 0 0 0 0 1 0 0 0 0 
1 0 0 0 0 0 0 0 0 0 

0
3 152
0 37
2 -2 2 0 0 2 1 -2 0 -2*s+4*m1^2+2*mm^2 
1 0 0 0 0 1 0 -1 0 -s+m1^2+2*mm^2 
-1 0 1 0 0 1 1 0 -1 -m1^2 
1 0 0 0 0 0 0 0 0 0 
0 0 1 0 0 0 0 0 0 0 
0 -1 2 0 0 2 1 0 -1 -s+2*m1^2 
0 0 0 1 0 1 0 -1 0 mm^2+t 
0 0 0 0 0 1 0 0 0 0 
2 -1 2 -2 -1 4 2 -2 -1 -4*s+5*m1^2+3*mm^2-t 

1
3 153
0 293
0 0 1 0 0 0 0 0 0 0 
0 1 0 0 0 0 0 0 0 0 
0 1 0 0 0 0 0 0 0 0 
1 0 0 0 0 0 0 0 0 0 
0 0 0 0 0 0 0 0 1 0 
0 1 0 0 0 0 0 0 0 0 
0 1 0 0 0 0 0 0 0 0 
0 0 0 0 0 1 0 0 0 0 
0 1 0 0 0 0 0 0 0 0 

1
3 154
0 165
0 1 0 0 0 0 0 0 0 0 
0 0 0 0 0 0 0 1 0 0 
0 1 0 0 0 0 0 0 0 0 
1 0 0 0 0 0 0 0 0 0 
0 0 1 0 0 0 0 0 0 0 
0 1 0 0 0 0 0 0 0 0 
0 1 0 0 0 0 0 0 0 0 
0 0 0 0 0 1 0 0 0 0 
0 1 0 0 0 0 0 0 0 0 

1
3 155
0 421
0 0 1 0 0 0 0 0 0 0 
0 0 0 0 0 0 0 1 0 0 
0 1 0 0 0 0 0 0 0 0 
1 0 0 0 0 0 0 0 0 0 
0 0 0 0 0 0 0 0 1 0 
0 1 0 0 0 0 0 0 0 0 
0 1 0 0 0 0 0 0 0 0 
0 0 0 0 0 1 0 0 0 0 
0 1 0 0 0 0 0 0 0 0 

0
3 156
0 353
2 2 -1 0 0 0 0 0 0 0 
1 0 0 0 0 1 0 -1 0 -s+m1^2+2*mm^2 
0 0 0 0 0 0 0 0 1 0 
1 0 0 0 0 0 0 0 0 0 
0 0 0 0 0 0 1 0 0 0 
1 1 -1 0 0 0 0 1 1 m1^2-mm^2 
0 0 0 1 0 1 0 -1 0 mm^2+t 
0 0 0 0 0 1 0 0 0 0 
2 1 -1 -1 1 1 -1 0 1 -s+m1^2 

1
3 157
0 357
0 0 1 0 0 0 0 0 0 0 
0 1 0 0 0 0 0 0 0 0 
0 0 0 0 0 0 1 0 0 0 
1 0 0 0 0 0 0 0 0 0 
0 0 0 0 0 0 0 0 1 0 
0 1 0 0 0 0 0 0 0 0 
0 1 0 0 0 0 0 0 0 0 
0 0 0 0 0 1 0 0 0 0 
0 1 0 0 0 0 0 0 0 0 

1
3 158
0 481
0 1 0 0 0 0 0 0 0 0 
0 0 0 0 0 0 0 1 0 0 
0 0 0 0 0 0 1 0 0 0 
1 0 0 0 0 0 0 0 0 0 
0 0 0 0 0 0 0 0 1 0 
0 1 0 0 0 0 0 0 0 0 
0 1 0 0 0 0 0 0 0 0 
0 0 0 0 0 1 0 0 0 0 
0 1 0 0 0 0 0 0 0 0 

1
3 159
0 485
0 0 1 0 0 0 0 0 0 0 
0 0 0 0 0 0 0 1 0 0 
0 0 0 0 0 0 1 0 0 0 
1 0 0 0 0 0 0 0 0 0 
0 0 0 0 0 0 0 0 1 0 
0 1 0 0 0 0 0 0 0 0 
0 1 0 0 0 0 0 0 0 0 
0 0 0 0 0 1 0 0 0 0 
0 1 0 0 0 0 0 0 0 0 

1
3 163
0 226
0 0 0 0 0 0 1 0 0 0 
0 0 0 0 0 1 0 0 0 0 
1 0 0 0 0 0 0 0 0 0 
1 0 0 0 0 0 0 0 0 0 
1 0 0 0 0 0 0 0 0 0 
0 1 0 0 0 0 0 0 0 0 
1 0 0 0 0 0 0 0 0 0 
0 0 0 0 0 0 0 1 0 0 
1 0 0 0 0 0 0 0 0 0 

0
3 164
0 38
0 2 0 0 0 0 0 0 -1 -2*m1^2+2*mm^2 
1 0 0 0 0 1 0 -1 0 -s+m1^2+2*mm^2 
0 0 1 0 0 0 0 0 0 0 
1 0 0 0 0 0 0 0 0 0 
-1 0 1 0 0 1 1 0 -1 -m1^2 
0 1 0 0 0 0 0 0 0 0 
0 0 0 1 0 1 0 -1 0 mm^2+t 
0 0 0 0 0 1 0 0 0 0 
0 1 0 0 1 0 -1 0 0 -s-m1^2+3*mm^2-t 

1
3 165
0 102
0 0 0 0 0 0 1 0 0 0 
1 0 0 0 0 0 0 0 0 0 
0 0 1 0 0 0 0 0 0 0 
1 0 0 0 0 0 0 0 0 0 
1 0 0 0 0 0 0 0 0 0 
0 1 0 0 0 0 0 0 0 0 
1 0 0 0 0 0 0 0 0 0 
0 0 0 0 0 1 0 0 0 0 
1 0 0 0 0 0 0 0 0 0 

1
3 166
0 166
1 0 0 0 0 0 0 0 0 0 
0 0 0 0 0 0 0 1 0 0 
0 0 1 0 0 0 0 0 0 0 
1 0 0 0 0 0 0 0 0 0 
1 0 0 0 0 0 0 0 0 0 
0 1 0 0 0 0 0 0 0 0 
1 0 0 0 0 0 0 0 0 0 
0 0 0 0 0 1 0 0 0 0 
1 0 0 0 0 0 0 0 0 0 

1
3 167
0 230
0 0 0 0 0 0 1 0 0 0 
0 0 0 0 0 0 0 1 0 0 
0 0 1 0 0 0 0 0 0 0 
1 0 0 0 0 0 0 0 0 0 
1 0 0 0 0 0 0 0 0 0 
0 1 0 0 0 0 0 0 0 0 
1 0 0 0 0 0 0 0 0 0 
0 0 0 0 0 1 0 0 0 0 
1 0 0 0 0 0 0 0 0 0 

1
3 169
0 99
0 0 0 0 0 0 1 0 0 0 
0 0 1 0 0 0 0 0 0 0 
0 0 1 0 0 0 0 0 0 0 
1 0 0 0 0 0 0 0 0 0 
0 0 1 0 0 0 0 0 0 0 
0 1 0 0 0 0 0 0 0 0 
0 0 1 0 0 0 0 0 0 0 
0 0 0 0 0 1 0 0 0 0 
0 0 1 0 0 0 0 0 0 0 

1
3 171
0 227
0 0 0 0 0 0 1 0 0 0 
0 0 0 0 0 0 0 1 0 0 
0 0 1 0 0 0 0 0 0 0 
1 0 0 0 0 0 0 0 0 0 
0 0 1 0 0 0 0 0 0 0 
0 1 0 0 0 0 0 0 0 0 
0 0 1 0 0 0 0 0 0 0 
0 0 0 0 0 1 0 0 0 0 
0 0 1 0 0 0 0 0 0 0 

0
3 172
0 39
0 2 0 0 0 0 0 0 -1 -2*m1^2+2*mm^2 
1 0 0 0 0 1 0 -1 0 -s+m1^2+2*mm^2 
0 0 1 0 0 0 0 0 0 0 
1 0 0 0 0 0 0 0 0 0 
-1 0 1 0 0 1 1 0 -1 -m1^2 
0 1 0 0 0 0 0 0 0 0 
0 0 0 1 0 1 0 -1 0 mm^2+t 
0 0 0 0 0 1 0 0 0 0 
0 1 0 0 1 0 -1 0 0 -s-m1^2+3*mm^2-t 

1
3 173
0 103
0 0 0 0 0 0 1 0 0 0 
0 0 0 1 0 0 0 0 0 0 
0 0 1 0 0 0 0 0 0 0 
1 0 0 0 0 0 0 0 0 0 
0 0 0 1 0 0 0 0 0 0 
0 1 0 0 0 0 0 0 0 0 
0 0 0 1 0 0 0 0 0 0 
0 0 0 0 0 1 0 0 0 0 
0 0 0 1 0 0 0 0 0 0 

1
3 174
0 167
0 0 0 1 0 0 0 0 0 0 
0 0 0 0 0 0 0 1 0 0 
0 0 1 0 0 0 0 0 0 0 
1 0 0 0 0 0 0 0 0 0 
0 0 0 1 0 0 0 0 0 0 
0 1 0 0 0 0 0 0 0 0 
0 0 0 1 0 0 0 0 0 0 
0 0 0 0 0 1 0 0 0 0 
0 0 0 1 0 0 0 0 0 0 

1
3 175
0 231
0 0 0 0 0 0 1 0 0 0 
0 0 0 0 0 0 0 1 0 0 
0 0 1 0 0 0 0 0 0 0 
1 0 0 0 0 0 0 0 0 0 
0 0 0 1 0 0 0 0 0 0 
0 1 0 0 0 0 0 0 0 0 
0 0 0 1 0 0 0 0 0 0 
0 0 0 0 0 1 0 0 0 0 
0 0 0 1 0 0 0 0 0 0 

1
3 176
0 14
1 0 0 0 0 0 0 0 0 0 
1 0 0 0 0 0 0 0 0 0 
1 0 0 0 0 0 0 0 0 0 
1 0 0 0 0 0 0 0 0 0 
0 0 1 0 0 0 0 0 0 0 
0 1 0 0 0 0 0 0 0 0 
1 0 0 0 0 0 0 0 0 0 
0 0 0 1 0 0 0 0 0 0 
1 0 0 0 0 0 0 0 0 0 

0
3 193
0 140
0 0 1 0 0 0 0 0 0 0 
1 0 0 0 0 0 0 0 0 m1^2 
0 1 0 0 0 0 1 0 -1 s-m1^2 
1 0 0 0 0 -1 0 1 0 s 
0 1 0 0 0 0 0 0 0 -m1^2 
-1 1 1 0 0 0 0 1 -1 -m1^2+mm^2 
0 0 0 1 0 0 0 0 0 0 
0 0 0 0 0 0 0 1 0 0 
0 1 1 -1 -1 1 1 0 -1 -s+m1^2 

1
3 195
0 172
0 0 1 0 0 0 0 0 0 0 
0 0 0 0 0 1 0 0 0 0 
1 0 0 0 0 0 0 0 0 0 
1 0 0 0 0 0 0 0 0 0 
1 0 0 0 0 0 0 0 0 0 
1 0 0 0 0 0 0 0 0 0 
0 0 0 1 0 0 0 0 0 0 
0 0 0 0 0 0 0 1 0 0 
1 0 0 0 0 0 0 0 0 0 

0
3 196
0 140
4 -1 2 0 0 -2 -1 0 1 3*s+5*m1^2 
1 0 0 0 0 0 0 0 0 m1^2 
0 0 1 0 0 0 0 0 0 0 
1 0 0 0 0 -1 0 1 0 s 
1 0 1 0 0 -1 -1 0 1 2*s+m1^2 
2 0 2 0 0 -2 -1 2 0 2*s+3*m1^2 
0 0 0 1 0 0 0 0 0 0 
0 0 0 0 0 0 0 1 0 0 
4 0 2 -2 -1 0 0 0 0 6*m1^2 

1
3 198
0 172
1 0 0 0 0 0 0 0 0 0 
0 0 0 0 0 1 0 0 0 0 
0 0 1 0 0 0 0 0 0 0 
1 0 0 0 0 0 0 0 0 0 
1 0 0 0 0 0 0 0 0 0 
1 0 0 0 0 0 0 0 0 0 
0 0 0 1 0 0 0 0 0 0 
0 0 0 0 0 0 0 1 0 0 
1 0 0 0 0 0 0 0 0 0 

0
3 204
3 201
2 2 -1 2 0 0 0 -2 0 2*s+2*m1^2 
0 1 0 0 0 0 0 0 0 0 
1 0 0 0 0 0 0 0 0 0 
0 0 0 1 0 0 0 0 0 0 
1 0 -1 1 1 0 0 -1 0 2*s+m1^2 
1 1 -1 2 0 1 0 -1 0 s+2*m1^2-mm^2 
0 0 0 0 0 0 1 0 0 0 
0 0 0 0 0 0 0 1 0 0 
1 3 -1 1 0 0 -1 -1 1 s+m1^2 

0
3 206
3 203
2 2 -1 2 0 0 0 -2 0 2*s+2*m1^2 
0 1 0 0 0 0 0 0 0 0 
1 0 0 0 0 0 0 0 0 0 
0 0 0 1 0 0 0 0 0 0 
1 0 -1 1 1 0 0 -1 0 2*s+m1^2 
1 1 -1 2 0 1 0 -1 0 s+2*m1^2-mm^2 
0 0 0 0 0 0 1 0 0 0 
0 0 0 0 0 0 0 1 0 0 
1 3 -1 1 0 0 -1 -1 1 s+m1^2 

0
3 208
0 140
2 -1 2 0 0 0 0 0 0 3*m1^2 
1 0 0 0 0 0 0 0 0 m1^2 
-1 0 1 0 0 1 1 0 -1 -m1^2 
1 0 0 0 0 -1 0 1 0 s 
0 0 1 0 0 0 0 0 0 0 
0 0 2 0 0 0 0 2 -1 m1^2 
0 0 0 1 0 0 0 0 0 0 
0 0 0 0 0 0 0 1 0 0 
2 0 2 -2 -1 2 1 0 -1 -2*s+4*m1^2 

1
3 210
0 172
1 0 0 0 0 0 0 0 0 0 
0 0 0 0 0 1 0 0 0 0 
1 0 0 0 0 0 0 0 0 0 
1 0 0 0 0 0 0 0 0 0 
0 0 1 0 0 0 0 0 0 0 
1 0 0 0 0 0 0 0 0 0 
0 0 0 1 0 0 0 0 0 0 
0 0 0 0 0 0 0 1 0 0 
1 0 0 0 0 0 0 0 0 0 

0
3 212
0 456
-1 1 -1 1 -1 0 0 2 2 -m1^2+2*mm^2-2*t 
-1 0 0 1 0 0 0 1 0 -m1^2+mm^2-t 
0 0 0 0 0 0 1 0 0 0 
-1 0 0 1 0 1 0 0 0 s-2*m1^2 
0 0 0 0 0 0 0 0 1 0 
0 2 -1 1 -1 0 0 1 1 -t 
0 0 0 0 0 0 0 1 0 0 
0 0 0 1 0 0 0 0 0 0 
-1 2 -1 2 -2 -1 1 2 1 -2*s+4*mm^2-4*t 

1
3 214
0 488
1 0 0 0 0 0 0 0 0 0 
0 0 0 0 0 1 0 0 0 0 
0 0 0 0 0 0 1 0 0 0 
1 0 0 0 0 0 0 0 0 0 
0 0 0 0 0 0 0 0 1 0 
1 0 0 0 0 0 0 0 0 0 
0 0 0 1 0 0 0 0 0 0 
0 0 0 0 0 0 0 1 0 0 
1 0 0 0 0 0 0 0 0 0 

0
3 216
3 201
2 2 0 0 -1 0 0 0 0 0 
0 1 0 0 0 0 0 0 0 0 
1 0 1 -1 -1 0 0 1 0 -m1^2 
0 0 0 1 0 0 0 0 0 0 
1 0 0 0 0 0 0 0 0 0 
1 1 0 0 -1 1 0 1 0 -mm^2 
0 0 0 0 0 0 1 0 0 0 
0 0 0 0 0 0 0 1 0 0 
1 3 0 -1 -1 0 -1 1 1 -m1^2 

0
3 218
3 203
2 2 0 0 -1 0 0 0 0 0 
0 1 0 0 0 0 0 0 0 0 
1 0 1 -1 -1 0 0 1 0 -m1^2 
0 0 0 1 0 0 0 0 0 0 
1 0 0 0 0 0 0 0 0 0 
1 1 0 0 -1 1 0 1 0 -mm^2 
0 0 0 0 0 0 1 0 0 0 
0 0 0 0 0 0 0 1 0 0 
1 3 0 -1 -1 0 -1 1 1 -m1^2 

1
3 225
0 202
0 0 0 0 0 0 1 0 0 0 
1 0 0 0 0 0 0 0 0 0 
1 0 0 0 0 0 0 0 0 0 
1 0 0 0 0 0 0 0 0 0 
1 0 0 0 0 0 0 0 0 0 
0 1 0 0 0 0 0 0 0 0 
0 0 0 1 0 0 0 0 0 0 
0 0 0 0 0 0 0 1 0 0 
1 0 0 0 0 0 0 0 0 0 

1
3 227
0 234
0 0 0 0 0 0 1 0 0 0 
0 0 0 0 0 1 0 0 0 0 
1 0 0 0 0 0 0 0 0 0 
1 0 0 0 0 0 0 0 0 0 
1 0 0 0 0 0 0 0 0 0 
0 1 0 0 0 0 0 0 0 0 
0 0 0 1 0 0 0 0 0 0 
0 0 0 0 0 0 0 1 0 0 
1 0 0 0 0 0 0 0 0 0 

1
3 261
0 13
1 0 0 0 0 0 0 0 0 0 
0 1 0 0 0 0 0 0 0 0 
0 0 1 0 0 0 0 0 0 0 
0 1 0 0 0 0 0 0 0 0 
0 1 0 0 0 0 0 0 0 0 
0 1 0 0 0 0 0 0 0 0 
0 1 0 0 0 0 0 0 0 0 
0 1 0 0 0 0 0 0 0 0 
0 0 0 1 0 0 0 0 0 0 

0
3 262
0 14
0 0 0 0 0 1 0 0 0 -m1^2 
0 1 0 0 0 0 0 0 0 0 
0 0 1 0 0 0 0 0 0 0 
0 2 0 0 0 0 -1 0 0 -2*m1^2+2*mm^2 
-1 0 1 0 0 1 1 0 -1 -m1^2 
1 0 0 0 0 1 0 -1 0 -s+m1^2+2*mm^2 
0 0 0 0 1 0 0 0 0 0 
0 2 0 0 0 0 0 0 -1 -m1^2+2*mm^2 
0 0 0 1 0 0 0 0 0 0 

1
3 263
1 108
0 0 0 1 0 0 0 0 0 0 
0 0 1 0 0 0 0 0 0 0 
0 0 0 0 0 1 0 0 0 0 
1 0 0 0 0 0 0 0 0 0 
1 0 0 0 0 0 0 0 0 0 
1 0 0 0 0 0 0 0 0 0 
1 0 0 0 0 0 0 0 0 0 
1 0 0 0 0 0 0 0 0 0 
0 0 0 0 0 0 1 0 0 0 

1
3 265
0 13
1 0 0 0 0 0 0 0 0 0 
0 1 0 0 0 0 0 0 0 0 
0 1 0 0 0 0 0 0 0 0 
0 0 1 0 0 0 0 0 0 0 
0 1 0 0 0 0 0 0 0 0 
0 1 0 0 0 0 0 0 0 0 
0 1 0 0 0 0 0 0 0 0 
0 1 0 0 0 0 0 0 0 0 
0 0 0 1 0 0 0 0 0 0 

1
3 267
0 75
1 0 0 0 0 0 0 0 0 0 
0 1 0 0 0 0 0 0 0 0 
0 0 1 0 0 0 0 0 0 0 
0 0 0 0 0 0 1 0 0 0 
0 0 1 0 0 0 0 0 0 0 
0 0 1 0 0 0 0 0 0 0 
0 0 1 0 0 0 0 0 0 0 
0 0 1 0 0 0 0 0 0 0 
0 0 0 1 0 0 0 0 0 0 

1
3 273
0 13
1 0 0 0 0 0 0 0 0 0 
0 1 0 0 0 0 0 0 0 0 
0 1 0 0 0 0 0 0 0 0 
0 1 0 0 0 0 0 0 0 0 
0 0 1 0 0 0 0 0 0 0 
0 1 0 0 0 0 0 0 0 0 
0 1 0 0 0 0 0 0 0 0 
0 1 0 0 0 0 0 0 0 0 
0 0 0 1 0 0 0 0 0 0 

1
3 274
0 14
1 0 0 0 0 0 0 0 0 0 
0 1 0 0 0 0 0 0 0 0 
1 0 0 0 0 0 0 0 0 0 
1 0 0 0 0 0 0 0 0 0 
0 0 1 0 0 0 0 0 0 0 
1 0 0 0 0 0 0 0 0 0 
1 0 0 0 0 0 0 0 0 0 
1 0 0 0 0 0 0 0 0 0 
0 0 0 1 0 0 0 0 0 0 

1
3 275
0 15
1 0 0 0 0 0 0 0 0 0 
0 1 0 0 0 0 0 0 0 0 
0 0 0 0 1 0 0 0 0 0 
0 0 0 0 1 0 0 0 0 0 
0 0 1 0 0 0 0 0 0 0 
0 0 0 0 1 0 0 0 0 0 
0 0 0 0 1 0 0 0 0 0 
0 0 0 0 1 0 0 0 0 0 
0 0 0 1 0 0 0 0 0 0 

1
3 277
0 329
1 0 0 0 0 0 0 0 0 0 
0 1 0 0 0 0 0 0 0 0 
0 0 0 0 0 0 0 0 1 0 
0 1 0 0 0 0 0 0 0 0 
0 0 0 0 0 0 1 0 0 0 
0 1 0 0 0 0 0 0 0 0 
0 1 0 0 0 0 0 0 0 0 
0 1 0 0 0 0 0 0 0 0 
0 0 0 1 0 0 0 0 0 0 

0
3 278
2 102
0 0 0 0 1 0 0 0 0 0 
0 0 0 0 0 1 0 0 0 0 
0 1 0 0 0 0 0 0 0 0 
1 0 -1 0 1 1 0 0 -1 -m1^2+mm^2 
0 0 1 0 0 0 0 0 0 0 
0 0 0 1 1 0 0 0 -1 -s+2*m1^2+2*mm^2 
1 0 0 1 0 1 -1 -1 0 m1^2-mm^2+t 
1 -1 0 1 0 1 0 0 -1 mm^2 
0 0 0 0 0 0 1 0 0 0 

1
3 279
2 110
0 0 0 1 0 0 0 0 0 0 
0 0 0 0 0 1 0 0 0 0 
0 0 1 0 0 0 0 0 0 0 
1 0 0 0 0 0 0 0 0 0 
0 1 0 0 0 0 0 0 0 0 
1 0 0 0 0 0 0 0 0 0 
1 0 0 0 0 0 0 0 0 0 
1 0 0 0 0 0 0 0 0 0 
0 0 0 0 0 0 1 0 0 0 

0
3 296
3 292
1 0 0 0 0 0 0 0 0 0 
-1 1 0 0 1 1 0 -1 0 mm^2 
0 0 2 -1 0 2 0 0 0 0 
0 0 1 0 0 0 0 0 0 0 
0 0 0 0 2 2 0 -1 0 m1^2 
0 0 0 0 0 1 0 0 0 0 
-2 0 -1 1 2 1 1 -2 1 s+t 
0 0 0 0 1 0 0 0 0 m1^2 
0 0 0 0 0 0 0 0 1 0 

0
3 297
3 293
1 0 0 0 0 0 0 0 0 0 
-1 1 0 0 1 1 0 -1 0 mm^2 
0 0 2 -1 0 2 0 0 0 0 
0 0 1 0 0 0 0 0 0 0 
0 0 0 0 2 2 0 -1 0 m1^2 
0 0 0 0 0 1 0 0 0 0 
-2 0 -1 1 2 1 1 -2 1 s+t 
0 0 0 0 1 0 0 0 0 m1^2 
0 0 0 0 0 0 0 0 1 0 

0
3 304
3 292
1 0 0 0 0 0 0 0 0 0 
0 1 0 1 0 0 0 -1 0 s+m1^2 
0 0 2 0 -1 0 0 0 0 2*s 
0 0 0 2 0 0 0 -1 0 2*s+m1^2 
0 0 1 0 0 0 0 0 0 0 
0 0 0 0 0 1 0 0 0 0 
0 0 0 1 0 0 1 -1 0 m1^2 
0 0 0 1 0 0 0 0 0 m1^2 
0 0 0 0 0 0 0 0 1 0 

0
3 305
3 293
1 0 0 0 0 0 0 0 0 0 
0 1 0 1 0 0 0 -1 0 s+m1^2 
0 0 2 0 -1 0 0 0 0 2*s 
0 0 0 2 0 0 0 -1 0 2*s+m1^2 
0 0 1 0 0 0 0 0 0 0 
0 0 0 0 0 1 0 0 0 0 
0 0 0 1 0 0 1 -1 0 m1^2 
0 0 0 1 0 0 0 0 0 m1^2 
0 0 0 0 0 0 0 0 1 0 

1
3 306
3 294
1 0 0 0 0 0 0 0 0 0 
0 1 0 0 0 0 0 0 0 0 
1 0 0 0 0 0 0 0 0 0 
1 0 0 0 0 0 0 0 0 0 
0 0 1 0 0 0 0 0 0 0 
0 0 0 0 0 1 0 0 0 0 
1 0 0 0 0 0 0 0 0 0 
1 0 0 0 0 0 0 0 0 0 
0 0 0 0 0 0 0 0 1 0 

1
3 324
0 14
1 0 0 0 0 0 0 0 0 0 
1 0 0 0 0 0 0 0 0 0 
0 0 1 0 0 0 0 0 0 0 
1 0 0 0 0 0 0 0 0 0 
1 0 0 0 0 0 0 0 0 0 
1 0 0 0 0 0 0 0 0 0 
0 1 0 0 0 0 0 0 0 0 
1 0 0 0 0 0 0 0 0 0 
0 0 0 1 0 0 0 0 0 0 

0
3 326
0 30
0 0 0 0 0 1 0 0 0 -m1^2 
0 1 0 0 0 0 0 0 0 0 
0 0 1 0 0 0 0 0 0 0 
0 2 0 0 0 0 -1 0 0 -2*m1^2+2*mm^2 
-1 0 1 0 0 1 1 0 -1 -m1^2 
1 0 0 0 0 1 0 -1 0 -s+m1^2+2*mm^2 
0 0 0 0 1 0 0 0 0 0 
0 2 0 0 0 0 0 0 -1 -m1^2+2*mm^2 
0 0 0 1 0 0 0 0 0 0 

1
3 329
2 204
0 0 0 1 0 0 0 0 0 0 
1 0 0 0 0 0 0 0 0 0 
1 0 0 0 0 0 0 0 0 0 
0 0 1 0 0 0 0 0 0 0 
1 0 0 0 0 0 0 0 0 0 
1 0 0 0 0 0 0 0 0 0 
0 0 0 0 0 0 0 1 0 0 
1 0 0 0 0 0 0 0 0 0 
0 0 0 0 0 0 1 0 0 0 

1
3 331
2 205
0 0 0 1 0 0 0 0 0 0 
1 0 0 0 0 0 0 0 0 0 
0 1 0 0 0 0 0 0 0 0 
0 0 1 0 0 0 0 0 0 0 
0 1 0 0 0 0 0 0 0 0 
0 1 0 0 0 0 0 0 0 0 
0 0 0 0 0 0 0 1 0 0 
0 1 0 0 0 0 0 0 0 0 
0 0 0 0 0 0 1 0 0 0 

0
3 388
0 148
0 0 0 -1 0 1 0 1 0 -m1^2-mm^2+t 
0 -1 0 0 1 0 0 0 1 m1^2-mm^2+t 
0 0 1 0 0 0 0 0 0 0 
0 0 0 0 1 0 -1 0 1 -m1^2 
-1 0 1 0 0 1 1 0 -1 -m1^2 
1 0 0 -1 0 1 0 0 0 -s+m1^2 
0 -2 0 0 2 0 0 0 1 m1^2-2*mm^2+2*t 
0 0 0 0 1 0 0 0 0 0 
0 0 0 0 0 0 0 1 0 0 

1
3 449
1 202
0 0 0 1 0 0 0 0 0 0 
1 0 0 0 0 0 0 0 0 0 
1 0 0 0 0 0 0 0 0 0 
1 0 0 0 0 0 0 0 0 0 
1 0 0 0 0 0 0 0 0 0 
1 0 0 0 0 0 0 0 0 0 
0 0 0 0 0 0 0 1 0 0 
0 1 0 0 0 0 0 0 0 0 
0 0 0 0 0 0 1 0 0 0 

0
3 452
0 156
0 1 0 0 0 0 1 0 -1 s-m1^2 
1 0 0 0 0 0 0 0 0 m1^2 
0 0 1 0 0 0 0 0 0 0 
1 0 0 0 0 -1 0 1 0 s 
-1 0 1 0 0 1 1 0 -1 -m1^2 
0 0 0 0 0 0 1 0 0 m1^2 
0 0 0 1 0 0 0 0 0 0 
0 0 0 0 0 0 0 1 0 0 
0 0 0 0 1 0 0 0 0 0 

