C11[-1, 0, 1, 1, 1, 1, 0, 0, 0]
C11[-1, 1, 0, 1, 1, 1, 0, 0, 0]
C11[-1, 1, 1, 1, 0, 1, 0, 0, 0]
C11[-1, 1, 1, 1, 1, 0, 0, 0, 0]
C11[-1, 1, 1, 1, 1, 1, -1, 0, 0]
C11[-1, 1, 1, 1, 1, 1, 0, 0, -1]
C11[-1, 1, 1, 1, 1, 1, 0, 0, 0]
C11[0, -1, 1, 1, 1, 1, 0, 0, 0]
C11[0, 0, 0, 1, 1, 1, 0, 0, 0]
C11[0, 0, 1, 0, 1, 1, 0, 0, 0]
C11[0, 0, 1, 1, 0, 1, 0, 0, 0]
C11[0, 0, 1, 1, 1, 0, 0, 0, 0]
C11[0, 0, 1, 1, 1, 1, -1, 0, 0]
C11[0, 0, 1, 1, 1, 1, 0, -1, 0]
C11[0, 0, 1, 1, 1, 1, 0, 0, -1]
C11[0, 0, 1, 1, 1, 1, 0, 0, 0]
C11[0, 1, -1, 1, 1, 1, 0, 0, 0]
C11[0, 1, 0, 1, 0, 1, 0, 0, 0]
C11[0, 1, 0, 1, 1, 0, 0, 0, 0]
C11[0, 1, 0, 1, 1, 1, -1, 0, 0]
C11[0, 1, 0, 1, 1, 1, 0, -1, 0]
C11[0, 1, 0, 1, 1, 1, 0, 0, -1]
C11[0, 1, 0, 1, 1, 1, 0, 0, 0]
C11[0, 1, 1, 0, 0, 1, 0, 0, 0]
C11[0, 1, 1, 0, 1, 1, -1, 0, 0]
C11[0, 1, 1, 0, 1, 1, 0, 0, -1]
C11[0, 1, 1, 0, 1, 1, 0, 0, 0]
C11[0, 1, 1, 1, -1, 1, 0, 0, 0]
C11[0, 1, 1, 1, 0, 0, 0, 0, 0]
C11[0, 1, 1, 1, 0, 1, -1, 0, 0]
C11[0, 1, 1, 1, 0, 1, 0, -1, 0]
C11[0, 1, 1, 1, 0, 1, 0, 0, -1]
C11[0, 1, 1, 1, 0, 1, 0, 0, 0]
C11[0, 1, 1, 1, 1, 0, -1, 0, 0]
C11[0, 1, 1, 1, 1, 0, 0, -1, 0]
C11[0, 1, 1, 1, 1, 0, 0, 0, -1]
C11[0, 1, 1, 1, 1, 0, 0, 0, 0]
C11[0, 1, 1, 1, 1, 1, -2, 0, 0]
C11[0, 1, 1, 1, 1, 1, -1, -1, 0]
C11[0, 1, 1, 1, 1, 1, -1, 0, -1]
C11[0, 1, 1, 1, 1, 1, -1, 0, 0]
C11[0, 1, 1, 1, 1, 1, 0, -1, -1]
C11[0, 1, 1, 1, 1, 1, 0, -1, 0]
C11[0, 1, 1, 1, 1, 1, 0, 0, -2]
C11[0, 1, 1, 1, 1, 1, 0, 0, -1]
C11[0, 1, 1, 1, 1, 1, 0, 0, 0]
C11[1, -2, 1, 1, 1, 1, 0, 0, 0]
C11[1, -1, 0, 1, 1, 1, 0, 0, 0]
C11[1, -1, 1, 0, 1, 1, 0, 0, 0]
C11[1, -1, 1, 1, 0, 1, 0, 0, 0]
C11[1, -1, 1, 1, 1, 0, 0, 0, 0]
C11[1, -1, 1, 1, 1, 1, -1, 0, 0]
C11[1, -1, 1, 1, 1, 1, 0, -1, 0]
C11[1, -1, 1, 1, 1, 1, 0, 0, -1]
C11[1, -1, 1, 1, 1, 1, 0, 0, 0]
C11[1, 0, -1, 1, 1, 1, 0, 0, 0]
C11[1, 0, 0, 0, 1, 1, 0, 0, 0]
C11[1, 0, 0, 1, 0, 1, 0, 0, 0]
C11[1, 0, 0, 1, 1, 0, 0, 0, 0]
C11[1, 0, 0, 1, 1, 1, -1, 0, 0]
C11[1, 0, 0, 1, 1, 1, 0, -1, 0]
C11[1, 0, 0, 1, 1, 1, 0, 0, -1]
C11[1, 0, 0, 1, 1, 1, 0, 0, 0]
C11[1, 0, 1, -1, 1, 1, 0, 0, 0]
C11[1, 0, 1, 0, 0, 1, 0, 0, 0]
C11[1, 0, 1, 0, 1, 0, 0, 0, 0]
C11[1, 0, 1, 0, 1, 1, -1, 0, 0]
C11[1, 0, 1, 0, 1, 1, 0, -1, 0]
C11[1, 0, 1, 0, 1, 1, 0, 0, -1]
C11[1, 0, 1, 0, 1, 1, 0, 0, 0]
C11[1, 0, 1, 1, -1, 1, 0, 0, 0]
C11[1, 0, 1, 1, 0, 0, 0, 0, 0]
C11[1, 0, 1, 1, 0, 1, -1, 0, 0]
C11[1, 0, 1, 1, 0, 1, 0, -1, 0]
C11[1, 0, 1, 1, 0, 1, 0, 0, -1]
C11[1, 0, 1, 1, 0, 1, 0, 0, 0]
C11[1, 0, 1, 1, 1, -1, 0, 0, 0]
C11[1, 0, 1, 1, 1, 0, -1, 0, 0]
C11[1, 0, 1, 1, 1, 0, 0, -1, 0]
C11[1, 0, 1, 1, 1, 0, 0, 0, -1]
C11[1, 0, 1, 1, 1, 0, 0, 0, 0]
C11[1, 0, 1, 1, 1, 1, -2, 0, 0]
C11[1, 0, 1, 1, 1, 1, -1, -1, 0]
C11[1, 0, 1, 1, 1, 1, -1, 0, -1]
C11[1, 0, 1, 1, 1, 1, -1, 0, 0]
C11[1, 0, 1, 1, 1, 1, 0, -2, 0]
C11[1, 0, 1, 1, 1, 1, 0, -1, -1]
C11[1, 0, 1, 1, 1, 1, 0, -1, 0]
C11[1, 0, 1, 1, 1, 1, 0, 0, -2]
C11[1, 0, 1, 1, 1, 1, 0, 0, -1]
C11[1, 0, 1, 1, 1, 1, 0, 0, 0]
C11[1, 1, -2, 1, 1, 1, 0, 0, 0]
C11[1, 1, -1, 0, 1, 1, 0, 0, 0]
C11[1, 1, -1, 1, 0, 1, 0, 0, 0]
C11[1, 1, -1, 1, 1, 0, 0, 0, 0]
C11[1, 1, -1, 1, 1, 1, -1, 0, 0]
C11[1, 1, -1, 1, 1, 1, 0, -1, 0]
C11[1, 1, -1, 1, 1, 1, 0, 0, -1]
C11[1, 1, -1, 1, 1, 1, 0, 0, 0]
C11[1, 1, 0, -1, 1, 1, 0, 0, 0]
C11[1, 1, 0, 0, 0, 1, 0, 0, 0]
C11[1, 1, 0, 0, 1, 0, 0, 0, 0]
C11[1, 1, 0, 0, 1, 1, -1, 0, 0]
C11[1, 1, 0, 0, 1, 1, 0, -1, 0]
C11[1, 1, 0, 0, 1, 1, 0, 0, -1]
C11[1, 1, 0, 0, 1, 1, 0, 0, 0]
C11[1, 1, 0, 1, -1, 1, 0, 0, 0]
C11[1, 1, 0, 1, 0, 0, 0, 0, 0]
C11[1, 1, 0, 1, 0, 1, -1, 0, 0]
C11[1, 1, 0, 1, 0, 1, 0, -1, 0]
C11[1, 1, 0, 1, 0, 1, 0, 0, -1]
C11[1, 1, 0, 1, 0, 1, 0, 0, 0]
C11[1, 1, 0, 1, 1, -1, 0, 0, 0]
C11[1, 1, 0, 1, 1, 0, -1, 0, 0]
C11[1, 1, 0, 1, 1, 0, 0, -1, 0]
C11[1, 1, 0, 1, 1, 0, 0, 0, -1]
C11[1, 1, 0, 1, 1, 0, 0, 0, 0]
C11[1, 1, 0, 1, 1, 1, -2, 0, 0]
C11[1, 1, 0, 1, 1, 1, -1, -1, 0]
C11[1, 1, 0, 1, 1, 1, -1, 0, -1]
C11[1, 1, 0, 1, 1, 1, -1, 0, 0]
C11[1, 1, 0, 1, 1, 1, 0, -2, 0]
C11[1, 1, 0, 1, 1, 1, 0, -1, -1]
C11[1, 1, 0, 1, 1, 1, 0, -1, 0]
C11[1, 1, 0, 1, 1, 1, 0, 0, -2]
C11[1, 1, 0, 1, 1, 1, 0, 0, -1]
C11[1, 1, 0, 1, 1, 1, 0, 0, 0]
C11[1, 1, 1, -1, 0, 1, 0, 0, 0]
C11[1, 1, 1, -1, 1, 0, 0, 0, 0]
C11[1, 1, 1, -1, 1, 1, -1, 0, 0]
C11[1, 1, 1, -1, 1, 1, 0, 0, -1]
C11[1, 1, 1, -1, 1, 1, 0, 0, 0]
C11[1, 1, 1, 0, -1, 1, 0, 0, 0]
C11[1, 1, 1, 0, 0, 0, 0, 0, 0]
C11[1, 1, 1, 0, 0, 1, -1, 0, 0]
C11[1, 1, 1, 0, 0, 1, 0, -1, 0]
C11[1, 1, 1, 0, 0, 1, 0, 0, -1]
C11[1, 1, 1, 0, 0, 1, 0, 0, 0]
C11[1, 1, 1, 0, 1, -1, 0, 0, 0]
C11[1, 1, 1, 0, 1, 0, -1, 0, 0]
C11[1, 1, 1, 0, 1, 0, 0, -1, 0]
C11[1, 1, 1, 0, 1, 0, 0, 0, -1]
C11[1, 1, 1, 0, 1, 0, 0, 0, 0]
C11[1, 1, 1, 0, 1, 1, -2, 0, 0]
C11[1, 1, 1, 0, 1, 1, -1, -1, 0]
C11[1, 1, 1, 0, 1, 1, -1, 0, -1]
C11[1, 1, 1, 0, 1, 1, -1, 0, 0]
C11[1, 1, 1, 0, 1, 1, 0, -1, -1]
C11[1, 1, 1, 0, 1, 1, 0, -1, 0]
C11[1, 1, 1, 0, 1, 1, 0, 0, -1]
C11[1, 1, 1, 0, 1, 1, 0, 0, 0]
C11[1, 1, 1, 1, -1, 1, -1, 0, 0]
C11[1, 1, 1, 1, -1, 1, 0, -1, 0]
C11[1, 1, 1, 1, -1, 1, 0, 0, -1]
C11[1, 1, 1, 1, -1, 1, 0, 0, 0]
C11[1, 1, 1, 1, 0, -1, 0, 0, 0]
C11[1, 1, 1, 1, 0, 0, -1, 0, 0]
C11[1, 1, 1, 1, 0, 0, 0, -1, 0]
C11[1, 1, 1, 1, 0, 0, 0, 0, -1]
C11[1, 1, 1, 1, 0, 0, 0, 0, 0]
C11[1, 1, 1, 1, 0, 1, -2, 0, 0]
C11[1, 1, 1, 1, 0, 1, -1, -1, 0]
C11[1, 1, 1, 1, 0, 1, -1, 0, -1]
C11[1, 1, 1, 1, 0, 1, -1, 0, 0]
C11[1, 1, 1, 1, 0, 1, 0, -2, 0]
C11[1, 1, 1, 1, 0, 1, 0, -1, -1]
C11[1, 1, 1, 1, 0, 1, 0, -1, 0]
C11[1, 1, 1, 1, 0, 1, 0, 0, -2]
C11[1, 1, 1, 1, 0, 1, 0, 0, -1]
C11[1, 1, 1, 1, 0, 1, 0, 0, 0]
C11[1, 1, 1, 1, 1, -2, 0, 0, 0]
C11[1, 1, 1, 1, 1, -1, -1, 0, 0]
C11[1, 1, 1, 1, 1, -1, 0, -1, 0]
C11[1, 1, 1, 1, 1, -1, 0, 0, -1]
C11[1, 1, 1, 1, 1, -1, 0, 0, 0]
C11[1, 1, 1, 1, 1, 0, -2, 0, 0]
C11[1, 1, 1, 1, 1, 0, -1, -1, 0]
C11[1, 1, 1, 1, 1, 0, -1, 0, -1]
C11[1, 1, 1, 1, 1, 0, -1, 0, 0]
C11[1, 1, 1, 1, 1, 0, 0, -2, 0]
C11[1, 1, 1, 1, 1, 0, 0, -1, -1]
C11[1, 1, 1, 1, 1, 0, 0, -1, 0]
C11[1, 1, 1, 1, 1, 0, 0, 0, -2]
C11[1, 1, 1, 1, 1, 0, 0, 0, -1]
C11[1, 1, 1, 1, 1, 0, 0, 0, 0]
C11[1, 1, 1, 1, 1, 1, -3, 0, 0]
C11[1, 1, 1, 1, 1, 1, -2, -1, 0]
C11[1, 1, 1, 1, 1, 1, -2, 0, -1]
C11[1, 1, 1, 1, 1, 1, -2, 0, 0]
C11[1, 1, 1, 1, 1, 1, -1, -2, 0]
C11[1, 1, 1, 1, 1, 1, -1, -1, -1]
C11[1, 1, 1, 1, 1, 1, -1, -1, 0]
C11[1, 1, 1, 1, 1, 1, -1, 0, -2]
C11[1, 1, 1, 1, 1, 1, -1, 0, -1]
C11[1, 1, 1, 1, 1, 1, -1, 0, 0]
C11[1, 1, 1, 1, 1, 1, 0, -2, 0]
C11[1, 1, 1, 1, 1, 1, 0, -1, -1]
C11[1, 1, 1, 1, 1, 1, 0, -1, 0]
C11[1, 1, 1, 1, 1, 1, 0, 0, -2]
C11[1, 1, 1, 1, 1, 1, 0, 0, -1]
C11[1, 1, 1, 1, 1, 1, 0, 0, 0]