B3[-2, 1, 1, 0]
B3[-1, 0, 1, 0]
B3[-1, 1, 0, 0]
B3[-1, 1, 1, -1]
B3[-1, 1, 1, 0]
B3[0, -1, 1, 0]
B3[0, 0, 0, 0]
B3[0, 0, 1, -1]
B3[0, 0, 1, 0]
B3[0, 1, -1, 0]
B3[0, 1, 0, -1]
B3[0, 1, 0, 0]
B3[0, 1, 1, -2]
B3[0, 1, 1, -1]
B3[0, 1, 1, 0]
B3[-2, 1, 1, 0]
B3[-1, 0, 1, 0]
B3[-1, 1, 0, 0]
B3[-1, 1, 1, -1]
B3[-1, 1, 1, 0]
B3[-1, 1, 1, 1]
B3[0, -1, 1, 0]
B3[0, 0, 0, 0]
B3[0, 0, 1, -1]
B3[0, 0, 1, 0]
B3[0, 0, 1, 1]
B3[0, 1, -1, 0]
B3[0, 1, 0, -1]
B3[0, 1, 0, 0]
B3[0, 1, 0, 1]
B3[0, 1, 1, -2]
B3[0, 1, 1, -1]
B3[0, 1, 1, 0]
B3[0, 1, 1, 1]
B3[1, -1, 1, 1]
B3[1, 0, 0, 1]
B3[1, 0, 1, 0]
B3[1, 0, 1, 1]
B3[1, 1, -1, 1]
B3[1, 1, 0, 0]
B3[1, 1, 0, 1]
B3[1, 1, 1, -1]
B3[1, 1, 1, 0]
B3[1, 1, 1, 1]
B3[-2, 1, 1, 0]
B3[-1, 0, 1, 0]
B3[-1, 1, 0, 0]
B3[-1, 1, 1, -1]
B3[-1, 1, 1, 0]
B3[0, -1, 1, 0]
B3[0, 0, 0, 0]
B3[0, 0, 1, -1]
B3[0, 0, 1, 0]
B3[0, 1, -1, 0]
B3[0, 1, 0, -1]
B3[0, 1, 0, 0]
B3[0, 1, 1, -2]
B3[0, 1, 1, -1]
B3[0, 1, 1, 0]
B3[-2, 1, 1, 0]
B3[-1, 0, 1, 0]
B3[-1, 1, 0, 0]
B3[-1, 1, 1, -1]
B3[-1, 1, 1, 0]
B3[-1, 1, 1, 1]
B3[0, -1, 1, 0]
B3[0, 0, 0, 0]
B3[0, 0, 1, -1]
B3[0, 0, 1, 0]
B3[0, 0, 1, 1]
B3[0, 1, -1, 0]
B3[0, 1, 0, -1]
B3[0, 1, 0, 0]
B3[0, 1, 0, 1]
B3[0, 1, 1, -2]
B3[0, 1, 1, -1]
B3[0, 1, 1, 0]
B3[0, 1, 1, 1]
B3[1, -1, 1, 1]
B3[1, 0, 0, 1]
B3[1, 0, 1, 0]
B3[1, 0, 1, 1]
B3[1, 1, -1, 1]
B3[1, 1, 0, 0]
B3[1, 1, 0, 1]
B3[1, 1, 1, -1]
B3[1, 1, 1, 0]
B3[1, 1, 1, 1]