C21[0, 0, 1, 0, 1, 1, 0, 0, 0]
C21[0, 0, 1, 1, 1, 0, 0, 0, 0]
C21[0, 1, 0, 0, 1, 1, 0, 0, 0]
C21[0, 1, 0, 1, 1, 0, 0, 0, 0]
C21[0, 1, 1, 0, 0, 1, 0, 0, 0]
C21[0, 1, 1, 0, 1, 0, 0, 0, 0]
C21[0, 1, 1, 0, 1, 1, -1, 0, 0]
C21[0, 1, 1, 0, 1, 1, 0, 0, -1]
C21[0, 1, 1, 0, 1, 1, 0, 0, 0]
C21[0, 1, 1, 1, 0, 0, 0, 0, 0]
C21[0, 1, 1, 1, 1, -1, 0, 0, 0]
C21[0, 1, 1, 1, 1, 0, -1, 0, 0]
C21[0, 1, 1, 1, 1, 0, 0, 0, -1]
C21[0, 1, 1, 1, 1, 0, 0, 0, 0]
C21[1, -1, 1, 0, 1, 1, 0, 0, 0]
C21[1, -1, 1, 1, 1, 0, 0, 0, 0]
C21[1, 0, 0, 0, 1, 1, 0, 0, 0]
C21[1, 0, 0, 1, 1, 0, 0, 0, 0]
C21[1, 0, 1, -1, 1, 1, 0, 0, 0]
C21[1, 0, 1, 0, 0, 1, 0, 0, 0]
C21[1, 0, 1, 0, 1, 0, 0, 0, 0]
C21[1, 0, 1, 0, 1, 1, -1, 0, 0]
C21[1, 0, 1, 0, 1, 1, 0, -1, 0]
C21[1, 0, 1, 0, 1, 1, 0, 0, -1]
C21[1, 0, 1, 0, 1, 1, 0, 0, 0]
C21[1, 0, 1, 1, 0, 0, 0, 0, 0]
C21[1, 0, 1, 1, 1, -1, 0, 0, 0]
C21[1, 0, 1, 1, 1, 0, -1, 0, 0]
C21[1, 0, 1, 1, 1, 0, 0, -1, 0]
C21[1, 0, 1, 1, 1, 0, 0, 0, -1]
C21[1, 0, 1, 1, 1, 0, 0, 0, 0]
C21[1, 1, -1, 0, 1, 1, 0, 0, 0]
C21[1, 1, -1, 1, 1, 0, 0, 0, 0]
C21[1, 1, 0, -1, 1, 1, 0, 0, 0]
C21[1, 1, 0, 0, 0, 1, 0, 0, 0]
C21[1, 1, 0, 0, 1, 0, 0, 0, 0]
C21[1, 1, 0, 0, 1, 1, -1, 0, 0]
C21[1, 1, 0, 0, 1, 1, 0, -1, 0]
C21[1, 1, 0, 0, 1, 1, 0, 0, -1]
C21[1, 1, 0, 0, 1, 1, 0, 0, 0]
C21[1, 1, 0, 1, 0, 0, 0, 0, 0]
C21[1, 1, 0, 1, 1, -1, 0, 0, 0]
C21[1, 1, 0, 1, 1, 0, -1, 0, 0]
C21[1, 1, 0, 1, 1, 0, 0, -1, 0]
C21[1, 1, 0, 1, 1, 0, 0, 0, -1]
C21[1, 1, 0, 1, 1, 0, 0, 0, 0]
C21[1, 1, 1, -1, 0, 1, 0, 0, 0]
C21[1, 1, 1, -1, 1, 0, 0, 0, 0]
C21[1, 1, 1, -1, 1, 1, -1, 0, 0]
C21[1, 1, 1, -1, 1, 1, 0, 0, 0]
C21[1, 1, 1, 0, -1, 1, 0, 0, 0]
C21[1, 1, 1, 0, 0, 0, 0, 0, 0]
C21[1, 1, 1, 0, 0, 1, -1, 0, 0]
C21[1, 1, 1, 0, 0, 1, 0, -1, 0]
C21[1, 1, 1, 0, 0, 1, 0, 0, -1]
C21[1, 1, 1, 0, 0, 1, 0, 0, 0]
C21[1, 1, 1, 0, 1, -1, 0, 0, 0]
C21[1, 1, 1, 0, 1, 0, -1, 0, 0]
C21[1, 1, 1, 0, 1, 0, 0, -1, 0]
C21[1, 1, 1, 0, 1, 0, 0, 0, -1]
C21[1, 1, 1, 0, 1, 0, 0, 0, 0]
C21[1, 1, 1, 0, 1, 1, -2, 0, 0]
C21[1, 1, 1, 0, 1, 1, -1, -1, 0]
C21[1, 1, 1, 0, 1, 1, -1, 0, -1]
C21[1, 1, 1, 0, 1, 1, -1, 0, 0]
C21[1, 1, 1, 0, 1, 1, 0, -1, 0]
C21[1, 1, 1, 0, 1, 1, 0, 0, -1]
C21[1, 1, 1, 0, 1, 1, 0, 0, 0]
C21[1, 1, 1, 1, 0, -1, 0, 0, 0]
C21[1, 1, 1, 1, 0, 0, -1, 0, 0]
C21[1, 1, 1, 1, 0, 0, 0, -1, 0]
C21[1, 1, 1, 1, 0, 0, 0, 0, -1]
C21[1, 1, 1, 1, 0, 0, 0, 0, 0]
C21[1, 1, 1, 1, 1, -2, 0, 0, 0]
C21[1, 1, 1, 1, 1, -1, -1, 0, 0]
C21[1, 1, 1, 1, 1, -1, 0, -1, 0]
C21[1, 1, 1, 1, 1, -1, 0, 0, -1]
C21[1, 1, 1, 1, 1, -1, 0, 0, 0]
C21[1, 1, 1, 1, 1, 0, -2, 0, 0]
C21[1, 1, 1, 1, 1, 0, -1, -1, 0]
C21[1, 1, 1, 1, 1, 0, -1, 0, -1]
C21[1, 1, 1, 1, 1, 0, -1, 0, 0]
C21[1, 1, 1, 1, 1, 0, 0, -1, 0]
C21[1, 1, 1, 1, 1, 0, 0, 0, -1]
C21[1, 1, 1, 1, 1, 0, 0, 0, 0]