B8[1,1,0,0,0,0,0,0,0]     #  3
B8[1,1,0,1,0,0,0,0,0]     # 11
B8bis[1,1,0,1,0,0,0,0,0]  # 11
B10bis[0,1,0,0,1,0,0,0,0] # 18
B10bis[0,1,0,1,1,0,0,0,0] # 26
B10bis[1,1,0,1,1,0,0,0,0] # 27
B10bis[1,1,0,1,2,0,0,0,0] # 27
B10bis[1,1,0,2,1,0,0,0,0] # 27
B10bis[2,1,0,1,1,0,0,0,0] # 27
B10bis[0,1,0,0,1,1,0,0,0] # 50
B10bis[0,1,0,0,1,2,0,0,0] # 50
B10bis[0,1,0,0,2,1,0,0,0] # 50
B10bis[0,1,0,0,1,3,0,0,0] # 50
B10bis[1,1,0,0,1,1,0,0,0] # 51
B10bis[0,0,0,1,1,1,0,0,0] # 56
B10bis[0,1,0,1,1,1,0,0,0] # 58
B10bis[1,1,0,1,1,1,0,0,0] # 59
B10bis[1,1,0,1,1,2,0,0,0] # 59
B10bis[1,1,0,1,2,1,0,0,0] # 59
B10bis[1,1,0,2,1,1,0,0,0] # 59
B11[1,0,1,0,1,1,0,0,0]    # 53
B12[0,1,1,1,0,1,0,0,0]    # 46
B12bis[1,1,1,1,0,1,0,0,0] # 47
B12bis[0,1,1,0,1,1,0,0,0] # 54
B12bis[1,1,1,0,1,1,0,0,0] # 55
B12bis[0,1,1,1,1,1,0,0,0] # 62
B12bis[1,1,1,1,1,1,0,0,0] # 63
