I1[0, 0, 1, 0, 1, 1, 0, 0, 0]
I1[0, 1, 1, -1, 1, 1, 0, 0, 0]
I1[0, 1, 1, 0, 1, 0, 0, 0, 0]
I1[0, 1, 1, 0, 1, 1, 0, -1, 0]
I1[0, 1, 1, 0, 1, 1, 0, 0, -1]
I1[0, 1, 1, 0, 1, 1, 0, 0, 0]
I1[1, 0, 0, 0, 1, 1, 0, 0, 0]
I1[1, 0, 1, 0, 0, 1, 0, 0, 0]
I1[1, 0, 1, 0, 1, 1, -1, 0, 0]
I1[1, 0, 1, 0, 1, 1, 0, 0, 0]
I1[1, 1, 0, -1, 1, 1, 0, 0, 0]
I1[1, 1, 0, 0, 1, 1, 0, -1, 0]
I1[1, 1, 0, 0, 1, 1, 0, 0, -1]
I1[1, 1, 0, 0, 1, 1, 0, 0, 0]
I1[1, 1, 1, -1, 0, 1, 0, 0, 0]
I1[1, 1, 1, -1, 1, 1, -1, 0, 0]
I1[1, 1, 1, -1, 1, 1, 0, 0, 0]
I1[1, 1, 1, 0, 0, 0, 0, 0, 0]
I1[1, 1, 1, 0, 0, 1, 0, -1, 0]
I1[1, 1, 1, 0, 0, 1, 0, 0, -1]
I1[1, 1, 1, 0, 0, 1, 0, 0, 0]
I1[1, 1, 1, 0, 1, 0, -1, 0, 0]
I1[1, 1, 1, 0, 1, 0, 0, 0, 0]
I1[1, 1, 1, 0, 1, 1, -1, -1, 0]
I1[1, 1, 1, 0, 1, 1, -1, 0, -1]
I1[1, 1, 1, 0, 1, 1, -1, 0, 0]
I1[1, 1, 1, 0, 1, 1, 0, -1, 0]
I1[1, 1, 1, 0, 1, 1, 0, 0, -1]
I1[1, 1, 1, 0, 1, 1, 0, 0, 0]
I1[2, 0, -1, 0, 1, 1, 0, 0, 0]
I1[2, 0, 0, 0, 0, 1, 0, 0, 0]
I1[2, 0, 0, 0, 1, 1, -1, 0, 0]
I1[2, 0, 0, 0, 1, 1, 0, 0, 0]
I1[2, 0, 1, 0, -1, 1, 0, 0, 0]
I1[2, 0, 1, 0, 0, 1, -1, 0, 0]
I1[2, 0, 1, 0, 0, 1, 0, 0, 0]
I1[2, 0, 1, 0, 1, 1, -2, 0, 0]
I1[2, 0, 1, 0, 1, 1, -1, 0, 0]
I1[2, 0, 1, 0, 1, 1, 0, 0, 0]
I1[2, 1, -1, 0, 1, 0, 0, 0, 0]
I1[2, 1, -1, 0, 1, 1, 0, 0, 0]
I1[2, 1, 0, 0, 0, 0, 0, 0, 0]
I1[2, 1, 0, 0, 0, 1, 0, 0, 0]
I1[2, 1, 0, 0, 1, 0, -1, 0, 0]
I1[2, 1, 0, 0, 1, 0, 0, 0, 0]
I1[2, 1, 0, 0, 1, 1, -1, 0, 0]
I1[2, 1, 0, 0, 1, 1, 0, 0, 0]
I1[2, 1, 1, 0, -1, 0, 0, 0, 0]
I1[2, 1, 1, 0, -1, 1, 0, 0, 0]
I1[2, 1, 1, 0, 0, 0, -1, 0, 0]
I1[2, 1, 1, 0, 0, 0, 0, 0, 0]
I1[2, 1, 1, 0, 0, 1, -1, 0, 0]
I1[2, 1, 1, 0, 0, 1, 0, 0, 0]
I1[2, 1, 1, 0, 1, 0, -2, 0, 0]
I1[2, 1, 1, 0, 1, 0, -1, 0, 0]
I1[2, 1, 1, 0, 1, 0, 0, 0, 0]
I1[2, 1, 1, 0, 1, 1, -2, 0, 0]
I1[2, 1, 1, 0, 1, 1, -1, 0, 0]
I1[2, 1, 1, 0, 1, 1, 0, 0, 0]