0
5 2
2 4
1 -1 1 0 s+m1^2 
0 0 1 0 0 
0 -1 2 0 2*s+m1^2 
0 -1 1 1 s+m1^2 

1
5 3
2 5
1 0 0 0 0 
0 0 1 0 0 
0 1 0 0 0 
0 1 0 0 0 

0
5 4
2 4
1 0 0 0 0 
0 1 0 0 -m1^2 
0 0 1 0 0 
0 0 0 1 0 

0
5 5
2 5
1 0 0 0 0 
0 1 0 0 -m1^2 
0 0 1 0 0 
0 0 0 1 0 

0
5 9
0 9
1 0 0 0 0 
0 1 0 0 -m1^2 
0 0 1 0 -m1^2 
0 0 0 1 0 

1
5 10
2 5
0 1 0 0 0 
0 0 1 0 0 
0 1 0 0 0 
1 0 0 0 0 

1
5 11
2 13
1 0 0 0 0 
0 0 1 0 0 
0 1 0 0 0 
0 0 0 1 0 

1
5 12
2 5
0 1 0 0 0 
0 1 0 0 0 
0 0 1 0 0 
1 0 0 0 0 

0
5 13
2 13
1 0 0 0 0 
0 1 0 0 -m1^2 
0 0 1 0 0 
0 0 0 1 0 

1
5 14
5 7
0 0 0 1 0 
0 1 0 0 0 
0 0 1 0 0 
1 0 0 0 0 

