D14[0, -1, 1, 1, 1, 1, 0, 0, 0]
D14[0, 0, 1, 0, 1, 1, 0, 0, 0]
D14[0, 0, 1, 1, 1, 0, 0, 0, 0]
D14[0, 0, 1, 1, 1, 1, 0, 0, -1]
D14[0, 0, 1, 1, 1, 1, 0, 0, 0]
D14[0, 1, 1, -1, 1, 1, 0, 0, 0]
D14[0, 1, 1, 0, 1, 0, 0, 0, 0]
D14[0, 1, 1, 0, 1, 1, 0, 0, -1]
D14[0, 1, 1, 0, 1, 1, 0, 0, 0]
D14[0, 1, 1, 1, 1, -1, 0, 0, 0]
D14[0, 1, 1, 1, 1, 0, 0, 0, -1]
D14[0, 1, 1, 1, 1, 0, 0, 0, 0]
D14[0, 1, 1, 1, 1, 1, 0, 0, -2]
D14[0, 1, 1, 1, 1, 1, 0, 0, -1]
D14[0, 1, 1, 1, 1, 1, 0, 0, 0]
D14[1, -1, 1, 1, 1, 1, -1, 0, 0]
D14[1, -1, 1, 1, 1, 1, 0, -1, 0]
D14[1, -1, 1, 1, 1, 1, 0, 0, 0]
D14[1, 0, 1, 0, 1, 1, -1, 0, 0]
D14[1, 0, 1, 0, 1, 1, 0, -1, 0]
D14[1, 0, 1, 0, 1, 1, 0, 0, 0]
D14[1, 0, 1, 1, 0, 1, 0, 0, 0]
D14[1, 0, 1, 1, 1, 0, -1, 0, 0]
D14[1, 0, 1, 1, 1, 0, 0, -1, 0]
D14[1, 0, 1, 1, 1, 0, 0, 0, 0]
D14[1, 0, 1, 1, 1, 1, -1, 0, -1]
D14[1, 0, 1, 1, 1, 1, -1, 0, 0]
D14[1, 0, 1, 1, 1, 1, 0, -1, -1]
D14[1, 0, 1, 1, 1, 1, 0, -1, 0]
D14[1, 0, 1, 1, 1, 1, 0, 0, -1]
D14[1, 0, 1, 1, 1, 1, 0, 0, 0]
D14[1, 1, 0, 0, 1, 1, 0, 0, 0]
D14[1, 1, 0, 1, 1, 1, 0, 0, 0]
D14[1, 1, 1, -1, 1, 1, -1, 0, 0]
D14[1, 1, 1, -1, 1, 1, 0, 0, 0]
D14[1, 1, 1, 0, 0, 1, 0, 0, 0]
D14[1, 1, 1, 0, 1, 0, -1, 0, 0]
D14[1, 1, 1, 0, 1, 0, 0, 0, 0]
D14[1, 1, 1, 0, 1, 1, -1, 0, -1]
D14[1, 1, 1, 0, 1, 1, -1, 0, 0]
D14[1, 1, 1, 0, 1, 1, 0, -1, -1]
D14[1, 1, 1, 0, 1, 1, 0, -1, 0]
D14[1, 1, 1, 0, 1, 1, 0, 0, -1]
D14[1, 1, 1, 0, 1, 1, 0, 0, 0]
D14[1, 1, 1, 1, 0, 0, 0, 0, 0]
D14[1, 1, 1, 1, 0, 1, 0, 0, -1]
D14[1, 1, 1, 1, 0, 1, 0, 0, 0]
D14[1, 1, 1, 1, 1, -1, -1, 0, 0]
D14[1, 1, 1, 1, 1, -1, 0, 0, 0]
D14[1, 1, 1, 1, 1, 0, -1, 0, -1]
D14[1, 1, 1, 1, 1, 0, -1, 0, 0]
D14[1, 1, 1, 1, 1, 0, 0, -1, -1]
D14[1, 1, 1, 1, 1, 0, 0, -1, 0]
D14[1, 1, 1, 1, 1, 0, 0, 0, -1]
D14[1, 1, 1, 1, 1, 0, 0, 0, 0]
D14[1, 1, 1, 1, 1, 1, -1, 0, -2]
D14[1, 1, 1, 1, 1, 1, -1, 0, -1]
D14[1, 1, 1, 1, 1, 1, -1, 0, 0]
D14[1, 1, 1, 1, 1, 1, 0, -1, -2]
D14[1, 1, 1, 1, 1, 1, 0, -1, -1]
D14[1, 1, 1, 1, 1, 1, 0, -1, 0]
D14[1, 1, 1, 1, 1, 1, 0, 0, -2]
D14[1, 1, 1, 1, 1, 1, 0, 0, -1]
D14[1, 1, 1, 1, 1, 1, 0, 0, 0]
D14[-1, 0, 1, 1, 1, 1, 0, 0, 0]
D14[-1, 1, 1, 0, 1, 1, 0, 0, 0]
D14[-1, 1, 1, 1, 1, 0, 0, 0, 0]
D14[-1, 1, 1, 1, 1, 1, 0, 0, -1]
D14[-1, 1, 1, 1, 1, 1, 0, 0, 0]
D14[0, 0, 0, 1, 1, 1, 0, 0, 0]
D14[0, 0, 1, 1, 1, 1, -1, 0, 0]
D14[0, 0, 1, 1, 1, 1, 0, -1, 0]
D14[0, 1, 0, 0, 1, 1, 0, 0, 0]
D14[0, 1, 0, 1, 1, 0, 0, 0, 0]
D14[0, 1, 0, 1, 1, 1, 0, 0, -1]
D14[0, 1, 0, 1, 1, 1, 0, 0, 0]
D14[0, 1, 1, 0, 0, 1, 0, 0, 0]
D14[0, 1, 1, 0, 1, 1, -1, 0, 0]
D14[0, 1, 1, 0, 1, 1, 0, -1, 0]
D14[0, 1, 1, 1, 0, 0, 0, 0, 0]
D14[0, 1, 1, 1, 0, 1, 0, 0, 0]
D14[0, 1, 1, 1, 1, 0, -1, 0, 0]
D14[0, 1, 1, 1, 1, 0, 0, -1, 0]
D14[0, 1, 1, 1, 1, 1, -1, 0, -1]
D14[0, 1, 1, 1, 1, 1, -1, 0, 0]
D14[0, 1, 1, 1, 1, 1, 0, -1, -1]
D14[0, 1, 1, 1, 1, 1, 0, -1, 0]
D14[1, -1, 0, 1, 1, 1, 0, 0, 0]
D14[1, 0, -1, 1, 1, 1, 0, 0, 0]
D14[1, 0, 0, 0, 1, 1, 0, 0, 0]
D14[1, 0, 0, 1, 0, 1, 0, 0, 0]
D14[1, 0, 0, 1, 1, 0, 0, 0, 0]
D14[1, 0, 0, 1, 1, 1, -1, 0, 0]
D14[1, 0, 0, 1, 1, 1, 0, -1, 0]
D14[1, 0, 0, 1, 1, 1, 0, 0, -1]
D14[1, 0, 0, 1, 1, 1, 0, 0, 0]
D14[1, 0, 1, 1, 0, 1, -1, 0, 0]
D14[1, 0, 1, 1, 0, 1, 0, -1, 0]
D14[1, 0, 1, 1, 1, 1, -2, 0, 0]
D14[1, 0, 1, 1, 1, 1, -1, -1, 0]
D14[1, 0, 1, 1, 1, 1, 0, -2, 0]
D14[1, 1, -1, 0, 1, 1, 0, 0, 0]
D14[1, 1, -1, 1, 1, 0, 0, 0, 0]
D14[1, 1, -1, 1, 1, 1, 0, 0, -1]
D14[1, 1, -1, 1, 1, 1, 0, 0, 0]
D14[1, 1, 0, 0, 0, 1, 0, 0, 0]
D14[1, 1, 0, 0, 1, 0, 0, 0, 0]
D14[1, 1, 0, 0, 1, 1, -1, 0, 0]
D14[1, 1, 0, 0, 1, 1, 0, -1, 0]
D14[1, 1, 0, 0, 1, 1, 0, 0, -1]
D14[1, 1, 0, 1, 0, 0, 0, 0, 0]
D14[1, 1, 0, 1, 0, 1, 0, 0, -1]
D14[1, 1, 0, 1, 0, 1, 0, 0, 0]
D14[1, 1, 0, 1, 1, -1, 0, 0, 0]
D14[1, 1, 0, 1, 1, 0, -1, 0, 0]
D14[1, 1, 0, 1, 1, 0, 0, -1, 0]
D14[1, 1, 0, 1, 1, 0, 0, 0, -1]
D14[1, 1, 0, 1, 1, 0, 0, 0, 0]
D14[1, 1, 0, 1, 1, 1, -1, 0, -1]
D14[1, 1, 0, 1, 1, 1, -1, 0, 0]
D14[1, 1, 0, 1, 1, 1, 0, -1, -1]
D14[1, 1, 0, 1, 1, 1, 0, -1, 0]
D14[1, 1, 0, 1, 1, 1, 0, 0, -2]
D14[1, 1, 0, 1, 1, 1, 0, 0, -1]
D14[1, 1, 1, 0, 0, 1, -1, 0, 0]
D14[1, 1, 1, 0, 0, 1, 0, -1, 0]
D14[1, 1, 1, 0, 1, 0, 0, -1, 0]
D14[1, 1, 1, 0, 1, 1, -2, 0, 0]
D14[1, 1, 1, 0, 1, 1, -1, -1, 0]
D14[1, 1, 1, 0, 1, 1, 0, -2, 0]
D14[1, 1, 1, 1, -1, 1, 0, 0, 0]
D14[1, 1, 1, 1, 0, 0, -1, 0, 0]
D14[1, 1, 1, 1, 0, 0, 0, -1, 0]
D14[1, 1, 1, 1, 0, 1, -1, 0, -1]
D14[1, 1, 1, 1, 0, 1, -1, 0, 0]
D14[1, 1, 1, 1, 0, 1, 0, -1, -1]
D14[1, 1, 1, 1, 0, 1, 0, -1, 0]
D14[1, 1, 1, 1, 1, 0, -2, 0, 0]
D14[1, 1, 1, 1, 1, 0, -1, -1, 0]
D14[1, 1, 1, 1, 1, 1, -2, 0, -1]
D14[1, 1, 1, 1, 1, 1, -2, 0, 0]
D14[1, 1, 1, 1, 1, 1, -1, -1, 0]
D14[1, 1, 1, 1, 1, 1, 0, -2, -1]
D14[1, 1, 1, 1, 1, 1, 0, -2, 0]
D14[1, -1, 1, 0, 1, 1, 0, 0, 0]
D14[1, -1, 1, 1, 0, 1, 0, 0, 0]
D14[1, 0, 1, -1, 1, 1, 0, 0, 0]
D14[1, 0, 1, 0, 0, 1, 0, 0, 0]
D14[1, 0, 1, 0, 1, 0, 0, 0, 0]
D14[1, 0, 1, 0, 1, 1, 0, 0, -1]
D14[1, 0, 1, 1, 0, 0, 0, 0, 0]
D14[1, 0, 1, 1, 0, 1, 0, 0, -1]
D14[1, 1, 0, -1, 1, 1, 0, 0, 0]
D14[1, 1, 1, -2, 1, 1, 0, 0, 0]
D14[1, 1, 1, -1, 0, 1, 0, 0, 0]
D14[1, 1, 1, -1, 1, 0, 0, 0, 0]
D14[1, 1, 1, -1, 1, 1, 0, -1, 0]
D14[1, 1, 1, -1, 1, 1, 0, 0, -1]
D14[1, 1, 1, 0, 0, 0, 0, 0, 0]
D14[1, 1, 1, 0, 0, 1, 0, 0, -1]
D14[1, 1, 1, 0, 1, -1, 0, 0, 0]
D14[1, 1, 1, 0, 1, 0, 0, 0, -1]
D14[1, 1, 1, 0, 1, 1, 0, 0, -2]
D14[1, 1, 1, 1, 0, -1, 0, 0, 0]
D14[1, 1, 1, 1, 0, 0, 0, 0, -1]
D14[1, 1, 1, 1, 0, 1, 0, 0, -2]