B9[0, 0, 1, 1, 1, 1, 0, 0, 0]
B9[0, 1, 1, 0, 1, 1, 0, 0, 0]
B9[1, 0, 0, 1, 1, 1, 0, 0, 0]
B9[1, 0, 1, 1, 1, 0, 0, 0, 0]
B9[1, 0, 1, 1, 1, 1, 0, -1, 0]
B9[1, 0, 1, 1, 1, 1, 0, 0, 0]
B9[1, 1, 0, 0, 1, 1, 0, 0, 0]
B9[1, 1, 1, 0, 1, 0, 0, 0, 0]
B9[1, 1, 1, 0, 1, 1, 0, -1, 0]
B9[1, 1, 1, 0, 1, 1, 0, 0, 0]
B9[0, 0, 1, 1, 1, 1, 0, 0, 0]
B9[0, 1, 1, 0, 1, 1, 0, 0, 0]
B9[1, 0, 0, 1, 1, 1, 0, 0, 0]
B9[1, 0, 1, 1, 1, 0, 0, 0, 0]
B9[1, 0, 1, 1, 1, 1, 0, -1, 0]
B9[1, 0, 1, 1, 1, 1, 0, 0, 0]
B9[1, 1, 0, 0, 1, 1, 0, 0, 0]
B9[1, 1, 1, 0, 1, 0, 0, 0, 0]
B9[1, 1, 1, 0, 1, 1, 0, -1, 0]
B9[1, 1, 1, 0, 1, 1, 0, 0, 0]
B9[0, -1, 1, 1, 1, 1, 0, 0, 0]
B9[0, 0, 1, 0, 1, 1, 0, 0, 0]
B9[0, 0, 1, 1, 0, 1, 0, 0, 0]
B9[0, 0, 1, 1, 1, 0, 0, 0, 0]
B9[0, 0, 1, 1, 1, 1, -1, 0, 0]
B9[0, 0, 1, 1, 1, 1, 0, 0, -1]
B9[0, 0, 1, 1, 1, 1, 0, 0, 0]
B9[0, 1, 0, 0, 1, 1, 0, 0, 0]
B9[0, 1, 1, -1, 1, 1, 0, 0, 0]
B9[0, 1, 1, 0, 0, 1, 0, 0, 0]
B9[0, 1, 1, 0, 1, 1, -1, 0, 0]
B9[0, 1, 1, 0, 1, 1, 0, 0, -1]
B9[0, 1, 1, 0, 1, 1, 0, 0, 0]
B9[1, -1, 0, 1, 1, 1, 0, 0, 0]
B9[1, -1, 1, 1, 1, 0, 0, 0, 0]
B9[1, -1, 1, 1, 1, 1, 0, -1, 0]
B9[1, -1, 1, 1, 1, 1, 0, 0, 0]
B9[1, 0, 0, 0, 1, 1, 0, 0, 0]
B9[1, 0, 0, 1, 0, 1, 0, 0, 0]
B9[1, 0, 0, 1, 1, 0, 0, 0, 0]
B9[1, 0, 0, 1, 1, 1, -1, 0, 0]
B9[1, 0, 0, 1, 1, 1, 0, 0, -1]
B9[1, 0, 0, 1, 1, 1, 0, 0, 0]
B9[1, 0, 1, 0, 1, 0, 0, 0, 0]
B9[1, 0, 1, 0, 1, 1, 0, -1, 0]
B9[1, 0, 1, 0, 1, 1, 0, 0, 0]
B9[1, 0, 1, 1, 0, 0, 0, 0, 0]
B9[1, 0, 1, 1, 0, 1, 0, -1, 0]
B9[1, 0, 1, 1, 0, 1, 0, 0, 0]
B9[1, 0, 1, 1, 1, -1, 0, 0, 0]
B9[1, 0, 1, 1, 1, 0, -1, 0, 0]
B9[1, 0, 1, 1, 1, 0, 0, -1, 0]
B9[1, 0, 1, 1, 1, 0, 0, 0, -1]
B9[1, 0, 1, 1, 1, 0, 0, 0, 0]
B9[1, 0, 1, 1, 1, 1, -1, -1, 0]
B9[1, 0, 1, 1, 1, 1, -1, 0, 0]
B9[1, 0, 1, 1, 1, 1, 0, -1, -1]
B9[1, 0, 1, 1, 1, 1, 0, -1, 0]
B9[1, 0, 1, 1, 1, 1, 0, 0, -1]
B9[1, 0, 1, 1, 1, 1, 0, 0, 0]
B9[1, 1, -1, 0, 1, 1, 0, 0, 0]
B9[1, 1, 0, -1, 1, 1, 0, 0, 0]
B9[1, 1, 0, 0, 0, 1, 0, 0, 0]
B9[1, 1, 0, 0, 1, 0, 0, 0, 0]
B9[1, 1, 0, 0, 1, 1, -1, 0, 0]
B9[1, 1, 0, 0, 1, 1, 0, -1, 0]
B9[1, 1, 0, 0, 1, 1, 0, 0, -1]
B9[1, 1, 0, 0, 1, 1, 0, 0, 0]
B9[1, 1, 1, -1, 1, 1, 0, -1, 0]
B9[1, 1, 1, -1, 1, 1, 0, 0, 0]
B9[1, 1, 1, 0, 0, 0, 0, 0, 0]
B9[1, 1, 1, 0, 0, 1, 0, -1, 0]
B9[1, 1, 1, 0, 0, 1, 0, 0, 0]
B9[1, 1, 1, 0, 1, 0, -1, 0, 0]
B9[1, 1, 1, 0, 1, 0, 0, 0, -1]
B9[1, 1, 1, 0, 1, 0, 0, 0, 0]
B9[1, 1, 1, 0, 1, 1, -1, -1, 0]
B9[1, 1, 1, 0, 1, 1, -1, 0, 0]
B9[1, 1, 1, 0, 1, 1, 0, -1, -1]
B9[1, 1, 1, 0, 1, 1, 0, -1, 0]
B9[1, 1, 1, 0, 1, 1, 0, 0, -1]
B9[1, 1, 1, 0, 1, 1, 0, 0, 0]
B9[0, -1, 1, 1, 1, 1, 0, 0, 0]
B9[0, 0, 1, 0, 1, 1, 0, 0, 0]
B9[0, 0, 1, 1, 0, 1, 0, 0, 0]
B9[0, 0, 1, 1, 1, 0, 0, 0, 0]
B9[0, 0, 1, 1, 1, 1, -1, 0, 0]
B9[0, 0, 1, 1, 1, 1, 0, 0, -1]
B9[0, 0, 1, 1, 1, 1, 0, 0, 0]
B9[0, 1, 0, 0, 1, 1, 0, 0, 0]
B9[0, 1, 1, -1, 1, 1, 0, 0, 0]
B9[0, 1, 1, 0, 0, 1, 0, 0, 0]
B9[0, 1, 1, 0, 1, 1, -1, 0, 0]
B9[0, 1, 1, 0, 1, 1, 0, 0, -1]
B9[0, 1, 1, 0, 1, 1, 0, 0, 0]
B9[1, -1, 0, 1, 1, 1, 0, 0, 0]
B9[1, -1, 1, 1, 1, 0, 0, 0, 0]
B9[1, -1, 1, 1, 1, 1, 0, -1, 0]
B9[1, -1, 1, 1, 1, 1, 0, 0, 0]
B9[1, 0, 0, 0, 1, 1, 0, 0, 0]
B9[1, 0, 0, 1, 0, 1, 0, 0, 0]
B9[1, 0, 0, 1, 1, 0, 0, 0, 0]
B9[1, 0, 0, 1, 1, 1, -1, 0, 0]
B9[1, 0, 0, 1, 1, 1, 0, 0, -1]
B9[1, 0, 0, 1, 1, 1, 0, 0, 0]
B9[1, 0, 1, 0, 1, 0, 0, 0, 0]
B9[1, 0, 1, 0, 1, 1, 0, -1, 0]
B9[1, 0, 1, 0, 1, 1, 0, 0, 0]
B9[1, 0, 1, 1, 0, 0, 0, 0, 0]
B9[1, 0, 1, 1, 0, 1, 0, -1, 0]
B9[1, 0, 1, 1, 0, 1, 0, 0, 0]
B9[1, 0, 1, 1, 1, -1, 0, 0, 0]
B9[1, 0, 1, 1, 1, 0, -1, 0, 0]
B9[1, 0, 1, 1, 1, 0, 0, -1, 0]
B9[1, 0, 1, 1, 1, 0, 0, 0, -1]
B9[1, 0, 1, 1, 1, 0, 0, 0, 0]
B9[1, 0, 1, 1, 1, 1, -1, -1, 0]
B9[1, 0, 1, 1, 1, 1, -1, 0, 0]
B9[1, 0, 1, 1, 1, 1, 0, -1, -1]
B9[1, 0, 1, 1, 1, 1, 0, -1, 0]
B9[1, 0, 1, 1, 1, 1, 0, 0, -1]
B9[1, 0, 1, 1, 1, 1, 0, 0, 0]
B9[1, 1, -1, 0, 1, 1, 0, 0, 0]
B9[1, 1, 0, -1, 1, 1, 0, 0, 0]
B9[1, 1, 0, 0, 0, 1, 0, 0, 0]
B9[1, 1, 0, 0, 1, 0, 0, 0, 0]
B9[1, 1, 0, 0, 1, 1, -1, 0, 0]
B9[1, 1, 0, 0, 1, 1, 0, -1, 0]
B9[1, 1, 0, 0, 1, 1, 0, 0, -1]
B9[1, 1, 0, 0, 1, 1, 0, 0, 0]
B9[1, 1, 1, -1, 1, 1, 0, -1, 0]
B9[1, 1, 1, -1, 1, 1, 0, 0, 0]
B9[1, 1, 1, 0, 0, 0, 0, 0, 0]
B9[1, 1, 1, 0, 0, 1, 0, -1, 0]
B9[1, 1, 1, 0, 0, 1, 0, 0, 0]
B9[1, 1, 1, 0, 1, 0, -1, 0, 0]
B9[1, 1, 1, 0, 1, 0, 0, 0, -1]
B9[1, 1, 1, 0, 1, 0, 0, 0, 0]
B9[1, 1, 1, 0, 1, 1, -1, -1, 0]
B9[1, 1, 1, 0, 1, 1, -1, 0, 0]
B9[1, 1, 1, 0, 1, 1, 0, -1, -1]
B9[1, 1, 1, 0, 1, 1, 0, -1, 0]
B9[1, 1, 1, 0, 1, 1, 0, 0, -1]
B9[1, 1, 1, 0, 1, 1, 0, 0, 0]
B9[0, -1, 1, 1, 1, 1, 0, 0, 0]
B9[0, 0, 1, 0, 1, 1, 0, 0, 0]
B9[0, 1, 1, -1, 1, 1, 0, 0, 0]
B9[1, -1, 0, 1, 1, 1, 0, 0, 0]
B9[1, -1, 1, 1, 1, 0, 0, 0, 0]
B9[1, -1, 1, 1, 1, 1, 0, -1, 0]
B9[1, -1, 1, 1, 1, 1, 0, 0, 0]
B9[1, 0, 0, 0, 1, 1, 0, 0, 0]
B9[1, 0, 0, 1, 1, 1, -1, 0, 0]
B9[1, 0, 1, 0, 1, 0, 0, 0, 0]
B9[1, 0, 1, 0, 1, 1, 0, -1, 0]
B9[1, 0, 1, 0, 1, 1, 0, 0, 0]
B9[1, 0, 1, 1, 0, 1, 0, 0, 0]
B9[1, 0, 1, 1, 1, 0, -1, 0, 0]
B9[1, 0, 1, 1, 1, 1, -1, 0, 0]
B9[1, 0, 1, 1, 1, 1, 0, 0, -1]
B9[1, 1, 0, 0, 1, 1, -1, 0, 0]
B9[1, 1, 1, -1, 1, 1, 0, -1, 0]
B9[1, 1, 1, 0, 0, 1, 0, 0, 0]
B9[1, 1, 1, 0, 1, 0, -1, 0, 0]
B9[1, 1, 1, 0, 1, 1, -1, 0, 0]
B9[1, 1, 1, 0, 1, 1, 0, 0, -1]
B9[0, -1, 1, 1, 1, 1, 0, 0, 0]
B9[0, 0, 0, 1, 1, 1, 0, 0, 0]
B9[0, 0, 1, 1, 0, 1, 0, 0, 0]
B9[0, 0, 1, 1, 1, 0, 0, 0, 0]
B9[0, 1, 0, 0, 1, 1, 0, 0, 0]
B9[0, 1, 1, -1, 1, 1, 0, 0, 0]
B9[0, 1, 1, 0, 0, 1, 0, 0, 0]
B9[0, 1, 1, 0, 1, 0, 0, 0, 0]
B9[1, -1, 0, 1, 1, 1, 0, 0, 0]
B9[1, -1, 1, 1, 1, 0, 0, 0, 0]
B9[1, -1, 1, 1, 1, 1, 0, -1, 0]
B9[1, -1, 1, 1, 1, 1, 0, 0, 0]
B9[1, 0, -1, 1, 1, 1, 0, 0, 0]
B9[1, 0, 0, 1, 0, 1, 0, 0, 0]
B9[1, 0, 0, 1, 1, 0, 0, 0, 0]
B9[1, 0, 0, 1, 1, 1, 0, -1, 0]
B9[1, 0, 1, 1, 0, 0, 0, 0, 0]
B9[1, 0, 1, 1, 0, 1, 0, -1, 0]
B9[1, 0, 1, 1, 0, 1, 0, 0, 0]
B9[1, 0, 1, 1, 1, -1, 0, 0, 0]
B9[1, 0, 1, 1, 1, 0, 0, -1, 0]
B9[1, 1, -1, 0, 1, 1, 0, 0, 0]
B9[1, 1, 0, -1, 1, 1, 0, 0, 0]
B9[1, 1, 0, 0, 0, 1, 0, 0, 0]
B9[1, 1, 0, 0, 1, 0, 0, 0, 0]
B9[1, 1, 0, 0, 1, 1, 0, -1, 0]
B9[1, 1, 1, -1, 1, 0, 0, 0, 0]
B9[1, 1, 1, -1, 1, 1, 0, -1, 0]
B9[1, 1, 1, -1, 1, 1, 0, 0, 0]
B9[1, 1, 1, 0, 0, 0, 0, 0, 0]
B9[1, 1, 1, 0, 0, 1, 0, -1, 0]
B9[1, 1, 1, 0, 0, 1, 0, 0, 0]
B9[1, 1, 1, 0, 1, -1, 0, 0, 0]
B9[1, 1, 1, 0, 1, 0, 0, -1, 0]
B9[0, 0, 1, 0, 1, 1, 0, 0, 0]
B9[1, 0, 0, 0, 1, 1, 0, 0, 0]
B9[1, 0, 0, 1, 1, 1, -1, 0, 0]
B9[1, 0, 1, 0, 1, 0, 0, 0, 0]
B9[1, 0, 1, 0, 1, 1, 0, -1, 0]
B9[1, 0, 1, 0, 1, 1, 0, 0, 0]
B9[1, 0, 1, 1, 1, 0, -1, 0, 0]
B9[1, 0, 1, 1, 1, 1, -1, 0, 0]
B9[1, 0, 1, 1, 1, 1, 0, 0, -1]
B9[1, 1, 0, 0, 1, 1, -1, 0, 0]
B9[1, 1, 1, 0, 1, 0, -1, 0, 0]
B9[1, 1, 1, 0, 1, 1, -1, 0, 0]
B9[1, 1, 1, 0, 1, 1, 0, 0, -1]
B9[0, 0, 0, 1, 1, 1, 0, 0, 0]
B9[0, 0, 1, 1, 0, 1, 0, 0, 0]
B9[0, 0, 1, 1, 1, 0, 0, 0, 0]
B9[0, 1, 0, 0, 1, 1, 0, 0, 0]
B9[0, 1, 1, 0, 0, 1, 0, 0, 0]
B9[0, 1, 1, 0, 1, 0, 0, 0, 0]
B9[1, 0, -1, 1, 1, 1, 0, 0, 0]
B9[1, 0, 0, 1, 0, 1, 0, 0, 0]
B9[1, 0, 0, 1, 1, 0, 0, 0, 0]
B9[1, 0, 0, 1, 1, 1, 0, -1, 0]
B9[1, 0, 1, 1, 0, 0, 0, 0, 0]
B9[1, 0, 1, 1, 0, 1, 0, -1, 0]
B9[1, 0, 1, 1, 1, -1, 0, 0, 0]
B9[1, 0, 1, 1, 1, 0, 0, -1, 0]
B9[1, 1, -1, 0, 1, 1, 0, 0, 0]
B9[1, 1, 0, -1, 1, 1, 0, 0, 0]
B9[1, 1, 0, 0, 0, 1, 0, 0, 0]
B9[1, 1, 0, 0, 1, 0, 0, 0, 0]
B9[1, 1, 0, 0, 1, 1, 0, -1, 0]
B9[1, 1, 1, -1, 1, 0, 0, 0, 0]
B9[1, 1, 1, -1, 1, 1, 0, 0, 0]
B9[1, 1, 1, 0, 0, 0, 0, 0, 0]
B9[1, 1, 1, 0, 0, 1, 0, -1, 0]
B9[1, 1, 1, 0, 1, -1, 0, 0, 0]
B9[1, 1, 1, 0, 1, 0, 0, -1, 0]
B9[-1, 0, 1, 1, 1, 1, 0, 0, 0]
B9[-1, 1, 1, 0, 1, 1, 0, 0, 0]
B9[0, 0, 1, 1, 1, 1, -1, 0, 0]
B9[0, 0, 1, 1, 1, 1, 0, -1, 0]
B9[0, 0, 1, 1, 1, 1, 0, 0, -1]
B9[0, 1, 1, 0, 1, 1, -1, 0, 0]
B9[0, 1, 1, 0, 1, 1, 0, -1, 0]
B9[0, 1, 1, 0, 1, 1, 0, 0, -1]
B9[1, -2, 1, 1, 1, 1, 0, 0, 0]
B9[1, -1, 1, 0, 1, 1, 0, 0, 0]
B9[1, -1, 1, 1, 0, 1, 0, 0, 0]
B9[1, -1, 1, 1, 1, 1, -1, 0, 0]
B9[1, -1, 1, 1, 1, 1, 0, 0, -1]
B9[1, 0, 0, 1, 1, 1, 0, 0, -1]
B9[1, 0, 1, -1, 1, 1, 0, 0, 0]
B9[1, 0, 1, 0, 0, 1, 0, 0, 0]
B9[1, 0, 1, 0, 1, 1, -1, 0, 0]
B9[1, 0, 1, 0, 1, 1, 0, 0, -1]
B9[1, 0, 1, 1, 0, 1, -1, 0, 0]
B9[1, 0, 1, 1, 0, 1, 0, 0, -1]
B9[1, 0, 1, 1, 1, 0, 0, 0, -1]
B9[1, 0, 1, 1, 1, 1, -2, 0, 0]
B9[1, 0, 1, 1, 1, 1, -1, -1, 0]
B9[1, 0, 1, 1, 1, 1, -1, 0, -1]
B9[1, 0, 1, 1, 1, 1, 0, -1, -1]
B9[1, 0, 1, 1, 1, 1, 0, 0, -2]
B9[1, 1, 0, 0, 1, 1, 0, 0, -1]
B9[1, 1, 1, -1, 0, 1, 0, 0, 0]
B9[1, 1, 1, -1, 1, 1, -1, 0, 0]
B9[1, 1, 1, -1, 1, 1, 0, 0, -1]
B9[1, 1, 1, 0, 0, 1, -1, 0, 0]
B9[1, 1, 1, 0, 0, 1, 0, 0, -1]
B9[1, 1, 1, 0, 1, 0, 0, 0, -1]
B9[1, 1, 1, 0, 1, 1, -2, 0, 0]
B9[1, 1, 1, 0, 1, 1, -1, -1, 0]
B9[1, 1, 1, 0, 1, 1, -1, 0, -1]
B9[1, 1, 1, 0, 1, 1, 0, -1, -1]
B9[1, 1, 1, 0, 1, 1, 0, 0, -2]
B9[-1, 0, 1, 1, 1, 1, 0, 0, 0]
B9[-1, 1, 1, 0, 1, 1, 0, 0, 0]
B9[0, 0, 1, 1, 1, 1, -1, 0, 0]
B9[0, 0, 1, 1, 1, 1, 0, -1, 0]
B9[0, 0, 1, 1, 1, 1, 0, 0, -1]
B9[0, 1, 1, 0, 1, 1, -1, 0, 0]
B9[0, 1, 1, 0, 1, 1, 0, -1, 0]
B9[0, 1, 1, 0, 1, 1, 0, 0, -1]
B9[1, -2, 1, 1, 1, 1, 0, 0, 0]
B9[1, -1, 1, 0, 1, 1, 0, 0, 0]
B9[1, -1, 1, 1, 0, 1, 0, 0, 0]
B9[1, -1, 1, 1, 1, 1, -1, 0, 0]
B9[1, -1, 1, 1, 1, 1, 0, 0, -1]
B9[1, 0, 0, 1, 1, 1, 0, 0, -1]
B9[1, 0, 1, -1, 1, 1, 0, 0, 0]
B9[1, 0, 1, 0, 0, 1, 0, 0, 0]
B9[1, 0, 1, 0, 1, 1, -1, 0, 0]
B9[1, 0, 1, 0, 1, 1, 0, 0, -1]
B9[1, 0, 1, 1, 0, 1, -1, 0, 0]
B9[1, 0, 1, 1, 0, 1, 0, 0, -1]
B9[1, 0, 1, 1, 1, 0, 0, 0, -1]
B9[1, 0, 1, 1, 1, 1, -2, 0, 0]
B9[1, 0, 1, 1, 1, 1, -1, -1, 0]
B9[1, 0, 1, 1, 1, 1, -1, 0, -1]
B9[1, 0, 1, 1, 1, 1, 0, -1, -1]
B9[1, 0, 1, 1, 1, 1, 0, 0, -2]
B9[1, 1, 0, 0, 1, 1, 0, 0, -1]
B9[1, 1, 1, -1, 0, 1, 0, 0, 0]
B9[1, 1, 1, -1, 1, 1, -1, 0, 0]
B9[1, 1, 1, -1, 1, 1, 0, 0, -1]
B9[1, 1, 1, 0, 0, 1, -1, 0, 0]
B9[1, 1, 1, 0, 0, 1, 0, 0, -1]
B9[1, 1, 1, 0, 1, 0, 0, 0, -1]
B9[1, 1, 1, 0, 1, 1, -2, 0, 0]
B9[1, 1, 1, 0, 1, 1, -1, -1, 0]
B9[1, 1, 1, 0, 1, 1, -1, 0, -1]
B9[1, 1, 1, 0, 1, 1, 0, -1, -1]
B9[1, 1, 1, 0, 1, 1, 0, 0, -2]
B9[0, 0, 2, 0, 1, 0, 0, 0, 0]
B9[1, 0, 2, 0, 1, -1, 0, 0, 0]
B9[1, 0, 2, 0, 1, 0, 0, -1, 0]
B9[1, 0, 2, 0, 1, 0, 0, 0, 0]
B9[0, 0, 0, 0, 1, 2, 0, 0, 0]
B9[1, 0, -1, 0, 1, 2, 0, 0, 0]
B9[1, 0, 0, 0, 1, 2, 0, -1, 0]
B9[1, 0, 0, 0, 1, 2, 0, 0, 0]
B9[1, 0, 0, 0, 1, 1, 0, 0, 0]
B9[1, 0, 1, 0, 1, 0, 0, 0, 0]
B9[2, 0, -1, 0, 1, 1, 0, 0, 0]
B9[2, 0, 0, 0, 1, 0, 0, 0, 0]
B9[2, 0, 0, 0, 1, 1, 0, -1, 0]
B9[2, 0, 0, 0, 1, 1, 0, 0, 0]
B9[2, 0, 1, 0, 1, -1, 0, 0, 0]
B9[2, 0, 1, 0, 1, 0, 0, -1, 0]
B9[2, 0, 1, 0, 1, 0, 0, 0, 0]
B9[0, 0, 0, 0, 1, 1, 0, 0, 0]
B9[0, 0, 1, 0, 1, 0, 0, 0, 0]
B9[1, 0, -1, 0, 1, 1, 0, 0, 0]
B9[1, 0, 0, 0, 1, 0, 0, 0, 0]
B9[1, 0, 0, 0, 1, 1, 0, -1, 0]
B9[1, 0, 1, 0, 1, -1, 0, 0, 0]
B9[1, 0, 1, 0, 1, 0, 0, -1, 0]
B9[0, 0, 0, 1, 1, 2, 0, 0, 0]
B9[1, 0, -1, 1, 1, 2, 0, 0, 0]
B9[1, 0, 0, 1, 1, 2, 0, -1, 0]
B9[1, 0, 0, 1, 1, 2, 0, 0, 0]
B9[0, 0, 0, 1, 1, 2, 0, 0, 0]
B9[1, 0, -1, 1, 1, 2, 0, 0, 0]
B9[1, 0, 0, 1, 1, 2, 0, -1, 0]
B9[1, 0, 0, 1, 1, 2, 0, 0, 0]
B9[0, 0, 0, 0, 1, 2, 0, 0, 0]
B9[0, 0, 0, 1, 0, 2, 0, 0, 0]
B9[0, 0, 0, 1, 1, 1, 0, 0, 0]
B9[0, 0, 0, 1, 1, 2, 0, 0, 0]
B9[1, 0, -1, 0, 1, 2, 0, 0, 0]
B9[1, 0, -1, 1, 0, 2, 0, 0, 0]
B9[1, 0, -1, 1, 1, 1, 0, 0, 0]
B9[1, 0, -1, 1, 1, 2, 0, 0, 0]
B9[1, 0, 0, 0, 1, 2, 0, -1, 0]
B9[1, 0, 0, 0, 1, 2, 0, 0, 0]
B9[1, 0, 0, 1, 0, 2, 0, -1, 0]
B9[1, 0, 0, 1, 0, 2, 0, 0, 0]
B9[1, 0, 0, 1, 1, 1, 0, -1, 0]
B9[1, 0, 0, 1, 1, 2, 0, -1, 0]
B9[1, 0, 0, 1, 1, 2, 0, 0, 0]
B9[0, 0, 0, 0, 1, 2, 0, 0, 0]
B9[0, 0, 0, 1, 0, 2, 0, 0, 0]
B9[0, 0, 0, 1, 1, 1, 0, 0, 0]
B9[0, 0, 0, 1, 1, 2, 0, 0, 0]
B9[1, 0, -1, 0, 1, 2, 0, 0, 0]
B9[1, 0, -1, 1, 0, 2, 0, 0, 0]
B9[1, 0, -1, 1, 1, 1, 0, 0, 0]
B9[1, 0, -1, 1, 1, 2, 0, 0, 0]
B9[1, 0, 0, 0, 1, 2, 0, -1, 0]
B9[1, 0, 0, 0, 1, 2, 0, 0, 0]
B9[1, 0, 0, 1, 0, 2, 0, -1, 0]
B9[1, 0, 0, 1, 0, 2, 0, 0, 0]
B9[1, 0, 0, 1, 1, 1, 0, -1, 0]
B9[1, 0, 0, 1, 1, 2, 0, -1, 0]
B9[1, 0, 0, 1, 1, 2, 0, 0, 0]
B9[0, -1, 0, 1, 1, 2, 0, 0, 0]
B9[0, 0, 0, 0, 1, 2, 0, 0, 0]
B9[1, -1, -1, 1, 1, 2, 0, 0, 0]
B9[1, -1, 0, 1, 1, 2, 0, -1, 0]
B9[1, -1, 0, 1, 1, 2, 0, 0, 0]
B9[1, 0, -1, 1, 1, 2, -1, 0, 0]
B9[1, 0, 0, 0, 1, 2, 0, -1, 0]
B9[1, 0, 0, 1, 0, 2, 0, 0, 0]
B9[1, 0, 0, 1, 1, 2, -1, 0, 0]
B9[1, 0, 0, 1, 1, 2, 0, 0, -1]
B9[0, 0, 0, 1, 0, 2, 0, 0, 0]
B9[1, 0, -1, 1, 0, 2, 0, 0, 0]
B9[1, 0, 0, 1, 0, 2, 0, -1, 0]
B9[1, 0, 0, 1, 0, 2, 0, 0, 0]
B9[0, 0, 0, 1, 0, 2, 0, 0, 0]
B9[1, 0, -1, 0, 1, 2, 0, 0, 0]
B9[1, 0, -1, 1, 0, 2, 0, 0, 0]
B9[1, 0, 0, 0, 1, 2, 0, 0, 0]
B9[1, 0, 0, 1, 0, 2, 0, -1, 0]
B9[0, -1, 0, 1, 1, 2, 0, 0, 0]
B9[1, -1, -1, 1, 1, 2, 0, 0, 0]
B9[1, -1, 0, 1, 1, 2, 0, -1, 0]
B9[1, -1, 0, 1, 1, 2, 0, 0, 0]
B9[1, 0, -1, 1, 1, 2, -1, 0, 0]
B9[1, 0, 0, 1, 1, 2, -1, 0, 0]
B9[1, 0, 0, 1, 1, 2, 0, 0, -1]
B9[-1, 0, 0, 1, 1, 2, 0, 0, 0]
B9[0, 0, -1, 1, 1, 2, 0, 0, 0]
B9[0, 0, 0, 1, 1, 2, -1, 0, 0]
B9[0, 0, 0, 1, 1, 2, 0, -1, 0]
B9[0, 0, 0, 1, 1, 2, 0, 0, -1]
B9[1, -2, 0, 1, 1, 2, 0, 0, 0]
B9[1, -1, 0, 0, 1, 2, 0, 0, 0]
B9[1, -1, 0, 1, 0, 2, 0, 0, 0]
B9[1, -1, 0, 1, 1, 2, -1, 0, 0]
B9[1, -1, 0, 1, 1, 2, 0, 0, -1]
B9[1, 0, -1, 1, 1, 2, 0, 0, -1]
B9[1, 0, 0, 0, 0, 2, 0, 0, 0]
B9[1, 0, 0, 0, 1, 2, -1, 0, 0]
B9[1, 0, 0, 0, 1, 2, 0, 0, -1]
B9[1, 0, 0, 1, 0, 2, -1, 0, 0]
B9[1, 0, 0, 1, 0, 2, 0, 0, -1]
B9[1, 0, 0, 1, 1, 2, -2, 0, 0]
B9[1, 0, 0, 1, 1, 2, -1, -1, 0]
B9[1, 0, 0, 1, 1, 2, -1, 0, -1]
B9[1, 0, 0, 1, 1, 2, 0, -1, -1]
B9[1, 0, 0, 1, 1, 2, 0, 0, -2]
B9[-1, 0, 0, 1, 1, 2, 0, 0, 0]
B9[0, 0, -1, 1, 1, 2, 0, 0, 0]
B9[0, 0, 0, 1, 1, 2, -1, 0, 0]
B9[0, 0, 0, 1, 1, 2, 0, -1, 0]
B9[0, 0, 0, 1, 1, 2, 0, 0, -1]
B9[1, -2, 0, 1, 1, 2, 0, 0, 0]
B9[1, -1, 0, 0, 1, 2, 0, 0, 0]
B9[1, -1, 0, 1, 0, 2, 0, 0, 0]
B9[1, -1, 0, 1, 1, 2, -1, 0, 0]
B9[1, -1, 0, 1, 1, 2, 0, 0, -1]
B9[1, 0, -1, 1, 1, 2, 0, 0, -1]
B9[1, 0, 0, 0, 0, 2, 0, 0, 0]
B9[1, 0, 0, 0, 1, 2, -1, 0, 0]
B9[1, 0, 0, 0, 1, 2, 0, 0, -1]
B9[1, 0, 0, 1, 0, 2, -1, 0, 0]
B9[1, 0, 0, 1, 0, 2, 0, 0, -1]
B9[1, 0, 0, 1, 1, 2, -2, 0, 0]
B9[1, 0, 0, 1, 1, 2, -1, -1, 0]
B9[1, 0, 0, 1, 1, 2, -1, 0, -1]
B9[1, 0, 0, 1, 1, 2, 0, -1, -1]
B9[1, 0, 0, 1, 1, 2, 0, 0, -2]
B9[0, 1, 2, 0, 1, 0, 0, 0, 0]
B9[1, 1, 2, 0, 1, -1, 0, 0, 0]
B9[1, 1, 2, 0, 1, 0, 0, -1, 0]
B9[1, 1, 2, 0, 1, 0, 0, 0, 0]
B9[0, 1, 2, 0, 1, 0, 0, 0, 0]
B9[1, 1, 2, 0, 1, -1, 0, 0, 0]
B9[1, 1, 2, 0, 1, 0, 0, -1, 0]
B9[1, 1, 2, 0, 1, 0, 0, 0, 0]
B9[0, 0, 2, 0, 1, 0, 0, 0, 0]
B9[0, 1, 1, 0, 1, 0, 0, 0, 0]
B9[0, 1, 2, 0, 0, 0, 0, 0, 0]
B9[0, 1, 2, 0, 1, 0, 0, 0, 0]
B9[1, 0, 2, 0, 1, -1, 0, 0, 0]
B9[1, 0, 2, 0, 1, 0, 0, -1, 0]
B9[1, 0, 2, 0, 1, 0, 0, 0, 0]
B9[1, 1, 1, -1, 1, 0, 0, 0, 0]
B9[1, 1, 1, 0, 1, -1, 0, 0, 0]
B9[1, 1, 1, 0, 1, 0, 0, -1, 0]
B9[1, 1, 2, 0, 0, -1, 0, 0, 0]
B9[1, 1, 2, 0, 0, 0, 0, -1, 0]
B9[1, 1, 2, 0, 0, 0, 0, 0, 0]
B9[1, 1, 2, 0, 1, -1, 0, 0, 0]
B9[1, 1, 2, 0, 1, 0, 0, -1, 0]
B9[1, 1, 2, 0, 1, 0, 0, 0, 0]
B9[0, 0, 2, 0, 1, 0, 0, 0, 0]
B9[0, 1, 1, 0, 1, 0, 0, 0, 0]
B9[0, 1, 2, 0, 0, 0, 0, 0, 0]
B9[0, 1, 2, 0, 1, 0, 0, 0, 0]
B9[1, 0, 2, 0, 1, -1, 0, 0, 0]
B9[1, 0, 2, 0, 1, 0, 0, -1, 0]
B9[1, 0, 2, 0, 1, 0, 0, 0, 0]
B9[1, 1, 1, -1, 1, 0, 0, 0, 0]
B9[1, 1, 1, 0, 1, -1, 0, 0, 0]
B9[1, 1, 1, 0, 1, 0, 0, -1, 0]
B9[1, 1, 2, 0, 0, -1, 0, 0, 0]
B9[1, 1, 2, 0, 0, 0, 0, -1, 0]
B9[1, 1, 2, 0, 0, 0, 0, 0, 0]
B9[1, 1, 2, 0, 1, -1, 0, 0, 0]
B9[1, 1, 2, 0, 1, 0, 0, -1, 0]
B9[1, 1, 2, 0, 1, 0, 0, 0, 0]
B9[0, 0, 2, 0, 1, 0, 0, 0, 0]
B9[0, 1, 2, -1, 1, 0, 0, 0, 0]
B9[1, 0, 2, 0, 1, -1, 0, 0, 0]
B9[1, 0, 2, 0, 1, 0, 0, -1, 0]
B9[1, 0, 2, 0, 1, 0, 0, 0, 0]
B9[1, 1, 2, -1, 1, 0, 0, -1, 0]
B9[1, 1, 2, 0, 0, 0, 0, 0, 0]
B9[1, 1, 2, 0, 1, -1, -1, 0, 0]
B9[1, 1, 2, 0, 1, 0, -1, 0, 0]
B9[1, 1, 2, 0, 1, 0, 0, 0, -1]
B9[0, 1, 2, 0, 0, 0, 0, 0, 0]
B9[1, 1, 2, 0, 0, -1, 0, 0, 0]
B9[1, 1, 2, 0, 0, 0, 0, -1, 0]
B9[1, 1, 2, 0, 0, 0, 0, 0, 0]
B9[0, 1, 2, 0, 0, 0, 0, 0, 0]
B9[1, 1, 2, 0, 0, -1, 0, 0, 0]
B9[1, 1, 2, 0, 0, 0, 0, -1, 0]
B9[0, 1, 2, -1, 1, 0, 0, 0, 0]
B9[1, 1, 2, -1, 1, 0, 0, -1, 0]
B9[1, 1, 2, 0, 1, -1, -1, 0, 0]
B9[1, 1, 2, 0, 1, 0, -1, 0, 0]
B9[1, 1, 2, 0, 1, 0, 0, 0, -1]
B9[-1, 1, 2, 0, 1, 0, 0, 0, 0]
B9[0, 1, 2, 0, 1, -1, 0, 0, 0]
B9[0, 1, 2, 0, 1, 0, -1, 0, 0]
B9[0, 1, 2, 0, 1, 0, 0, -1, 0]
B9[0, 1, 2, 0, 1, 0, 0, 0, -1]
B9[1, -1, 2, 0, 1, 0, 0, 0, 0]
B9[1, 0, 2, -1, 1, 0, 0, 0, 0]
B9[1, 0, 2, 0, 0, 0, 0, 0, 0]
B9[1, 0, 2, 0, 1, 0, -1, 0, 0]
B9[1, 0, 2, 0, 1, 0, 0, 0, -1]
B9[1, 1, 2, -1, 0, 0, 0, 0, 0]
B9[1, 1, 2, -1, 1, 0, -1, 0, 0]
B9[1, 1, 2, -1, 1, 0, 0, 0, -1]
B9[1, 1, 2, -1, 1, 0, 0, 0, 0]
B9[1, 1, 2, 0, 0, 0, -1, 0, 0]
B9[1, 1, 2, 0, 0, 0, 0, 0, -1]
B9[1, 1, 2, 0, 1, -1, 0, 0, -1]
B9[1, 1, 2, 0, 1, 0, -2, 0, 0]
B9[1, 1, 2, 0, 1, 0, -1, -1, 0]
B9[1, 1, 2, 0, 1, 0, -1, 0, -1]
B9[1, 1, 2, 0, 1, 0, 0, -1, -1]
B9[1, 1, 2, 0, 1, 0, 0, 0, -2]
B9[-1, 1, 2, 0, 1, 0, 0, 0, 0]
B9[0, 1, 2, 0, 1, -1, 0, 0, 0]
B9[0, 1, 2, 0, 1, 0, -1, 0, 0]
B9[0, 1, 2, 0, 1, 0, 0, -1, 0]
B9[0, 1, 2, 0, 1, 0, 0, 0, -1]
B9[1, -1, 2, 0, 1, 0, 0, 0, 0]
B9[1, 0, 2, -1, 1, 0, 0, 0, 0]
B9[1, 0, 2, 0, 0, 0, 0, 0, 0]
B9[1, 0, 2, 0, 1, 0, -1, 0, 0]
B9[1, 0, 2, 0, 1, 0, 0, 0, -1]
B9[1, 1, 2, -1, 0, 0, 0, 0, 0]
B9[1, 1, 2, -1, 1, 0, -1, 0, 0]
B9[1, 1, 2, -1, 1, 0, 0, 0, -1]
B9[1, 1, 2, -1, 1, 0, 0, 0, 0]
B9[1, 1, 2, 0, 0, 0, -1, 0, 0]
B9[1, 1, 2, 0, 0, 0, 0, 0, -1]
B9[1, 1, 2, 0, 1, -1, 0, 0, -1]
B9[1, 1, 2, 0, 1, 0, -2, 0, 0]
B9[1, 1, 2, 0, 1, 0, -1, -1, 0]
B9[1, 1, 2, 0, 1, 0, -1, 0, -1]
B9[1, 1, 2, 0, 1, 0, 0, -1, -1]
B9[1, 1, 2, 0, 1, 0, 0, 0, -2]