B2[1,1,0,0,1,0,0,0,0] # 19
B3[0,0,1,1,1,0,0,0,0] # 28
B3[0,0,1,1,2,0,0,0,0] # 28
B3[0,0,1,2,1,0,0,0,0] # 28
B4[1,0,0,0,1,0,0,0,0] # 17
B4[1,0,1,1,1,0,0,0,0] # 29
B4[1,0,1,1,2,0,0,0,0] # 29
B5[1,1,0,1,1,0,0,0,0] # 27
B5[1,1,0,1,2,0,0,0,0] # 27
B5[1,1,0,2,1,0,0,0,0] # 27
B5[0,1,1,1,1,0,0,0,0] # 30
B5[1,1,1,1,1,0,0,0,0] # 31
B6[0,1,0,1,1,0,0,0,0] # 26
B6[1,1,0,1,1,0,0,0,0] # 27
B6[1,1,0,1,2,0,0,0,0] # 27
B6[1,1,0,2,1,0,0,0,0] # 27
B6[2,1,0,1,1,0,0,0,0] # 27
B6[0,0,1,1,1,0,0,0,0] # 28
B6[0,0,1,1,2,0,0,0,0] # 28
B6[0,0,2,1,1,0,0,0,0] # 28
B7[1,1,1,1,1,0,0,0,0] # 31
B7[1,1,1,1,2,0,0,0,0] # 31
B7[1,1,1,2,1,0,0,0,0] # 31
C4[1,0,1,1,1,0,0,0,0] # 29
C4[1,1,1,1,1,0,0,0,0] # 31
C4[1,0,1,1,1,1,0,0,0] # 61
C4[1,0,1,1,1,2,0,0,0] # 61
C4[1,0,1,1,2,1,0,0,0] # 61
C4[1,1,1,1,1,1,0,0,0] # 63
