0
9 2
2 4
1 -1 1 0 s+m1^2 
0 0 1 0 0 
0 -1 2 0 2*s-m2^2+2*m1^2 
0 0 2 -1 2*m1^2 

1
9 3
2 5
1 0 0 0 0 
0 0 1 0 0 
0 1 0 0 0 
0 1 0 0 0 

0
9 4
6 4
1 0 0 0 0 
0 1 0 0 0 
0 0 1 0 0 
0 1 1 -1 -s+m2^2+m1^2 

1
9 5
6 12
0 0 0 1 0 
1 0 0 0 0 
0 0 1 0 0 
1 0 0 0 0 

0
9 6
6 6
1 0 0 0 0 
0 1 0 0 0 
0 0 1 0 0 
0 1 1 -1 -s+m2^2+m1^2 

1
9 7
6 14
0 0 0 1 0 
0 1 0 0 0 
0 0 1 0 0 
1 0 0 0 0 

0
9 9
1 9
1 0 0 0 0 
0 1 0 0 -m1^2 
0 0 1 0 -m2^2 
0 0 0 1 0 

1
9 10
2 5
0 1 0 0 0 
0 0 1 0 0 
0 1 0 0 0 
1 0 0 0 0 

1
9 11
4 13
1 0 0 0 0 
0 0 1 0 0 
0 1 0 0 0 
0 0 0 1 0 

1
9 12
6 12
1 0 0 0 0 
1 0 0 0 0 
0 0 1 0 0 
0 0 0 1 0 

1
9 14
6 14
1 0 0 0 0 
0 1 0 0 0 
0 0 1 0 0 
0 0 0 1 0 

