0
12 2
1 8
1 -1 0 1 m1^2-t+mmv^2 
0 0 0 1 0 
0 -1 1 1 s-m2^2+m1^2 
0 -1 0 2 -m3^2+2*m1^2+2*mmv^2 

0
12 3
3 3
0 1 0 0 0 
1 0 0 0 0 
1 1 -1 0 s-m2^2+m1^2 
1 0 -1 1 -m3^2+s+m1^2+t-mmv^2 

0
12 4
5 4
1 0 0 0 0 
0 1 0 0 0 
0 0 1 0 0 
0 1 1 -1 -m3^2-s+m2^2+m1^2+2*mmv^2 

0
12 5
5 5
1 0 0 0 0 
0 1 0 0 0 
0 0 1 0 0 
0 1 1 -1 -m3^2-s+m2^2+m1^2+2*mmv^2 

0
12 6
5 6
1 0 0 0 0 
0 1 0 0 0 
0 0 1 0 0 
0 1 1 -1 -m3^2-s+m2^2+m1^2+2*mmv^2 

0
12 7
5 7
1 0 0 0 0 
0 1 0 0 0 
0 0 1 0 0 
0 1 1 -1 -m3^2-s+m2^2+m1^2+2*mmv^2 

