F1[0,0,0,0,0,0,0,0,0]*(-a6-a7-a4-2*a1-a5+d)
F1[0,1,0,0,0,0,0,0,0]*(-2*m1^2*a1)
F1[0,-1,0,0,1,0,0,0,0]*(-a4)
F1[0,0,0,-1,1,0,0,0,0]*(a4)
F1[0,0,0,0,0,0,0,1,0]*(-m1^2*a7)
F1[-1,0,0,0,0,1,0,0,0]*(a5)
F1[0,-1,0,0,0,1,0,0,0]*(-a5)
F1[0,-1,0,0,0,0,0,1,0]*(-a7)
F1[0,0,0,0,0,1,0,0,0]*(-m1^2*a5)
F1[0,-1,0,0,0,0,1,0,0]*(-a6)
F1[0,0,0,0,0,0,1,0,0]*(-m1^2*a6)

F1[0,0,0,0,0,0,0,0,0]*(-a2-a3-2*a0-a5+d-a8)
F1[-1,0,1,0,0,0,0,0,0]*(-a2)
F1[-1,0,0,0,0,0,0,0,1]*(-a8)
F1[0,0,1,0,0,0,0,0,0]*(a2*mm^2-a2*m1^2)
F1[-1,0,0,1,0,0,0,0,0]*(-a3)
F1[0,0,0,0,0,1,0,0,0]*(m1^2*a5)
F1[0,0,0,1,0,0,0,0,0]*(a3*mm^2-m1^2*a3)
F1[0,-1,0,0,1,0,0,0,0]*(a4)
F1[0,0,0,-1,1,0,0,0,0]*(-a4)
F1[0,0,0,0,1,-1,0,0,0]*(-a4)
F1[0,0,0,0,1,0,0,0,0]*(mm^2*a4)
F1[-1,0,0,0,0,1,0,0,0]*(-a5)
F1[0,-1,0,0,0,1,0,0,0]*(a5)

F1[0,0,0,0,0,0,0,0,0]*(-a7+a1)
F1[0,1,0,0,0,0,0,-1,0]*(-a1)
F1[0,1,0,0,0,0,0,0,0]*(m1^2*a1)
F1[-1,0,0,0,1,0,0,0,0]*(a4)
F1[0,-1,0,0,1,0,0,0,0]*(a4)
F1[0,0,0,0,1,0,0,-1,0]*(-a4)
F1[0,0,0,0,1,0,0,0,-1]*(-a4)
F1[0,0,0,0,1,0,0,0,0]*(m1^2*a4-a4*t+mm^2*a4)
F1[-1,0,0,0,0,1,0,0,0]*(a5)
F1[0,-1,0,0,0,1,0,0,0]*(a5)
F1[0,0,0,0,0,1,0,-1,0]*(-a5)
F1[0,0,0,0,0,1,0,0,-1]*(-a5)
F1[0,0,0,0,0,1,0,0,0]*(m1^2*a5)
F1[0,-1,0,0,0,0,1,0,0]*(a6)
F1[0,0,0,0,0,0,1,-1,0]*(-a6)
F1[0,0,0,0,0,0,1,0,0]*(-s*a6+m1^2*a6)
F1[0,-1,0,0,0,0,0,1,0]*(a7)
F1[0,0,0,0,0,0,0,1,0]*(m1^2*a7)

F1[0,0,0,0,0,0,0,0,0]*(a0-a8)
F1[1,0,0,0,0,0,0,0,-1]*(-a0)
F1[-1,0,1,0,0,0,0,0,0]*(a2)
F1[0,0,1,0,0,0,0,0,-1]*(-a2)
F1[0,0,1,0,0,0,0,0,0]*(-a2*t+a2*mm^2-a2*s)
F1[-1,0,0,1,0,0,0,0,0]*(a3)
F1[0,0,0,1,0,0,0,0,-1]*(-a3)
F1[0,0,0,1,0,0,0,0,0]*(-a3*t+a3*mm^2)
F1[-1,0,0,0,1,0,0,0,0]*(a4)
F1[0,-1,0,0,1,0,0,0,0]*(a4)
F1[0,0,0,0,1,0,0,-1,0]*(-a4)
F1[0,0,0,0,1,0,0,0,-1]*(-a4)
F1[0,0,0,0,1,0,0,0,0]*(m1^2*a4-a4*t+mm^2*a4)
F1[-1,0,0,0,0,1,0,0,0]*(a5)
F1[0,-1,0,0,0,1,0,0,0]*(a5)
F1[0,0,0,0,0,1,0,-1,0]*(-a5)
F1[0,0,0,0,0,1,0,0,-1]*(-a5)
F1[0,0,0,0,0,1,0,0,0]*(m1^2*a5)
F1[-1,0,0,0,0,0,0,0,1]*(a8)

F1[-1,1,0,0,0,0,0,0,0]*(a1)
F1[0,0,0,0,0,0,0,0,0]*(a1-a5)
F1[0,1,0,0,0,-1,0,0,0]*(-a1)
F1[0,1,0,0,0,0,0,0,0]*(m1^2*a1)
F1[0,-1,0,0,1,0,0,0,0]*(a4)
F1[0,0,0,-1,1,0,0,0,0]*(-a4)
F1[0,0,0,0,1,-1,0,0,0]*(-a4)
F1[0,0,0,0,1,0,0,0,0]*(mm^2*a4)
F1[-1,0,0,0,0,1,0,0,0]*(-a5)
F1[0,-1,0,0,0,1,0,0,0]*(a5)
F1[0,0,0,0,0,0,0,1,0]*(m1^2*a7)
F1[0,0,0,0,0,1,0,0,0]*(m1^2*a5)
F1[0,-1,0,0,0,0,1,0,0]*(a6)
F1[0,0,-1,0,0,0,1,0,0]*(-a6)
F1[0,0,0,-1,0,0,1,0,0]*(a6)
F1[0,0,0,0,0,-1,1,0,0]*(-a6)
F1[0,0,0,0,0,0,1,0,-1]*(a6)
F1[0,0,0,0,0,0,1,0,0]*(m1^2*a6)
F1[-1,0,0,0,0,0,0,1,0]*(2*a7)
F1[0,-1,0,0,0,0,0,1,0]*(a7)
F1[0,0,0,0,0,-1,0,1,0]*(-a7)
F1[0,0,0,0,0,0,0,1,-1]*(-a7)

F1[0,0,0,0,0,0,0,0,0]*(-a6+a1)
F1[0,1,0,0,0,0,-1,0,0]*(-a1)
F1[0,1,0,0,0,0,0,0,0]*(m1^2*a1)
F1[-1,0,0,0,1,0,0,0,0]*(-a4)
F1[0,-1,0,0,1,0,0,0,0]*(a4)
F1[0,0,-1,0,1,0,0,0,0]*(-a4)
F1[0,0,0,-1,1,0,0,0,0]*(a4)
F1[0,0,0,0,1,0,-1,0,0]*(-a4)
F1[0,0,0,0,1,0,0,0,-1]*(a4)
F1[0,0,0,0,1,0,0,0,0]*(m1^2*a4+s*a4+a4*t-mm^2*a4)
F1[-1,0,0,0,0,1,0,0,0]*(-a5)
F1[0,-1,0,0,0,1,0,0,0]*(a5)
F1[0,0,-1,0,0,1,0,0,0]*(-a5)
F1[0,0,0,-1,0,1,0,0,0]*(a5)
F1[0,0,0,0,0,1,-1,0,0]*(-a5)
F1[0,0,0,0,0,1,0,0,-1]*(a5)
F1[0,0,0,0,0,1,0,0,0]*(m1^2*a5)
F1[0,-1,0,0,0,0,1,0,0]*(a6)
F1[0,0,0,0,0,0,0,1,0]*(-s*a7+m1^2*a7)
F1[0,0,0,0,0,0,1,0,0]*(m1^2*a6)
F1[0,-1,0,0,0,0,0,1,0]*(a7)
F1[0,0,0,0,0,0,-1,1,0]*(-a7)

F1[0,0,0,0,0,0,0,0,0]*(a3+a0-a4-a5)
F1[1,-1,0,0,0,0,0,0,0]*(a0)
F1[1,0,0,0,0,-1,0,0,0]*(-a0)
F1[1,0,0,0,0,0,0,0,0]*(m1^2*a0)
F1[0,-1,1,0,0,0,0,0,0]*(3*a2)
F1[0,0,1,-1,0,0,0,0,0]*(a2)
F1[0,0,1,0,-1,0,0,0,0]*(-a2)
F1[0,0,1,0,0,0,-1,0,0]*(-a2)
F1[0,0,1,0,0,0,0,-1,0]*(-a2)
F1[0,0,1,0,0,0,0,0,0]*(4*a2*m1^2)
F1[0,-1,0,1,0,0,0,0,0]*(a3)
F1[0,0,0,0,0,0,0,0,1]*(2*m1^2*a8)
F1[0,0,0,1,-1,0,0,0,0]*(-a3)
F1[0,0,0,1,0,0,0,0,0]*(2*m1^2*a3)
F1[0,-1,0,0,1,0,0,0,0]*(-a4)
F1[0,0,0,-1,1,0,0,0,0]*(a4)
F1[0,0,0,0,0,0,0,-1,1]*(-a8)
F1[-1,0,0,0,0,1,0,0,0]*(a5)
F1[0,-1,0,0,0,1,0,0,0]*(-a5)
F1[0,0,0,0,0,-1,0,0,1]*(-a8)
F1[0,0,0,0,0,1,0,0,0]*(-m1^2*a5)
F1[-1,0,0,0,0,0,0,0,1]*(a8)
F1[0,-1,0,0,0,0,0,0,1]*(2*a8)

F1[0,0,0,0,0,0,0,0,0]*(-a2+a0-a4+a5)
F1[1,0,-1,0,0,0,0,0,0]*(-a0)
F1[1,0,0,0,0,0,0,0,0]*(a0*mm^2-m1^2*a0)
F1[-1,0,1,0,0,0,0,0,0]*(a2)
F1[0,0,0,0,0,0,0,0,1]*(2*mm^2*a8-t*a8-m1^2*a8-s*a8)
F1[0,0,1,0,0,0,0,0,0]*(-a2*mm^2-a2*m1^2)
F1[-1,0,0,1,0,0,0,0,0]*(a3)
F1[0,0,-1,1,0,0,0,0,0]*(-a3)
F1[0,0,0,1,0,0,0,0,0]*(-a3*mm^2+s*a3-m1^2*a3)
F1[0,-1,0,0,1,0,0,0,0]*(2*a4)
F1[0,0,-1,0,1,0,0,0,0]*(-a4)
F1[0,0,0,-1,1,0,0,0,0]*(a4)
F1[0,0,-1,0,0,0,0,0,1]*(-a8)
F1[0,0,0,0,1,-1,0,0,0]*(a4)
F1[0,0,0,0,1,0,-1,0,0]*(-a4)
F1[0,0,0,0,1,0,0,-1,0]*(-a4)
F1[0,0,0,0,1,0,0,0,0]*(2*m1^2*a4+s*a4-mm^2*a4)
F1[0,-1,0,0,0,1,0,0,0]*(2*a5)
F1[0,0,-1,0,0,1,0,0,0]*(-a5)
F1[0,0,0,-1,0,1,0,0,0]*(a5)
F1[0,0,0,0,-1,1,0,0,0]*(-a5)
F1[-1,0,0,0,0,0,0,0,1]*(a8)
F1[0,0,0,0,0,1,-1,0,0]*(-a5)
F1[0,0,0,0,0,1,0,-1,0]*(-a5)
F1[0,0,0,0,0,1,0,0,0]*(mm^2*a5+2*m1^2*a5)

F1[0,0,0,0,0,0,0,0,0]*(-a2+a3-a0+a8)
F1[1,0,-1,0,0,0,0,0,0]*(-a0)
F1[1,0,0,-1,0,0,0,0,0]*(a0)
F1[1,0,0,0,0,0,0,0,-1]*(a0)
F1[-1,0,1,0,0,0,0,0,0]*(-a2)
F1[0,0,0,0,0,0,0,0,1]*(-s*a8)
F1[0,0,1,-1,0,0,0,0,0]*(a2)
F1[0,0,1,0,0,0,0,0,-1]*(a2)
F1[0,0,1,0,0,0,0,0,0]*(a2*t-a2*mm^2)
F1[-1,0,0,1,0,0,0,0,0]*(-a3)
F1[0,0,-1,1,0,0,0,0,0]*(-a3)
F1[0,0,0,-1,0,0,0,0,1]*(a8)
F1[0,0,0,1,0,0,0,0,-1]*(a3)
F1[0,0,0,1,0,0,0,0,0]*(a3*t-a3*mm^2+s*a3)
F1[-1,0,0,0,1,0,0,0,0]*(-a4)
F1[0,-1,0,0,1,0,0,0,0]*(a4)
F1[0,0,-1,0,1,0,0,0,0]*(-a4)
F1[0,0,0,-1,1,0,0,0,0]*(a4)
F1[0,0,0,0,1,0,-1,0,0]*(-a4)
F1[0,0,0,0,1,0,0,0,-1]*(a4)
F1[0,0,0,0,1,0,0,0,0]*(m1^2*a4+s*a4+a4*t-mm^2*a4)
F1[-1,0,0,0,0,1,0,0,0]*(-a5)
F1[0,-1,0,0,0,1,0,0,0]*(a5)
F1[0,0,-1,0,0,1,0,0,0]*(-a5)
F1[0,0,0,-1,0,1,0,0,0]*(a5)
F1[0,0,0,0,0,1,-1,0,0]*(-a5)
F1[0,0,0,0,0,1,0,0,-1]*(a5)
F1[0,0,0,0,0,1,0,0,0]*(m1^2*a5)
F1[-1,0,0,0,0,0,0,0,1]*(-a8)
F1[0,0,-1,0,0,0,0,0,1]*(-a8)

F1[-1,1,0,0,0,0,0,0,0]*(-a1)
F1[0,0,0,0,0,0,0,0,0]*(-a6-a7-a4+2*a1+a5)
F1[0,1,0,-1,0,0,0,0,0]*(a1)
F1[0,1,0,0,-1,0,0,0,0]*(-a1)
F1[0,1,0,0,0,-1,0,0,0]*(a1)
F1[0,1,0,0,0,0,-1,0,0]*(-a1)
F1[0,1,0,0,0,0,0,-1,0]*(-a1)
F1[0,1,0,0,0,0,0,0,0]*(3*m1^2*a1)
F1[0,-1,0,0,1,0,0,0,0]*(2*a4)
F1[0,0,-1,0,1,0,0,0,0]*(-a4)
F1[0,0,0,-1,1,0,0,0,0]*(a4)
F1[0,0,0,0,0,0,0,1,0]*(-s*a7-a7*t+3*m1^2*a7+mm^2*a7)
F1[0,0,0,0,1,-1,0,0,0]*(a4)
F1[0,0,0,0,1,0,-1,0,0]*(-a4)
F1[0,0,0,0,1,0,0,-1,0]*(-a4)
F1[0,0,0,0,1,0,0,0,0]*(2*m1^2*a4+s*a4-mm^2*a4)
F1[0,-1,0,0,0,1,0,0,0]*(2*a5)
F1[0,0,-1,0,0,1,0,0,0]*(-a5)
F1[0,0,0,-1,0,1,0,0,0]*(a5)
F1[0,0,0,0,-1,1,0,0,0]*(-a5)
F1[0,0,0,0,0,0,-1,1,0]*(-a7)
F1[0,0,0,0,0,1,-1,0,0]*(-a5)
F1[0,0,0,0,0,1,0,-1,0]*(-a5)
F1[0,0,0,0,0,1,0,0,0]*(mm^2*a5+2*m1^2*a5)
F1[-1,0,0,0,0,0,1,0,0]*(-a6)
F1[0,-1,0,0,0,0,1,0,0]*(2*a6)
F1[0,0,0,-1,0,0,1,0,0]*(a6)
F1[0,0,0,0,-1,0,1,0,0]*(-a6)
F1[0,0,0,0,0,-1,1,0,0]*(a6)
F1[0,0,0,0,0,-1,0,1,0]*(a7)
F1[0,0,0,0,0,0,1,-1,0]*(-a6)
F1[0,0,0,0,0,0,1,0,0]*(a6*t-a6*mm^2+3*m1^2*a6)
F1[-1,0,0,0,0,0,0,1,0]*(-a7)
F1[0,-1,0,0,0,0,0,1,0]*(2*a7)
F1[0,0,0,-1,0,0,0,1,0]*(a7)
F1[0,0,0,0,-1,0,0,1,0]*(-a7)

