F1[-1,0,0,1,0,0,0,0,0]*(s*a3)
F1[0,0,-1,1,0,0,0,0,0]*(-a3*t+a3*mm^2)
F1[0,0,0,0,0,0,0,0,0]*(-a2*t+s*a7+a2*mm^2+a3*t-a3*mm^2-s*a6+s*a8-a2*s)
F1[0,0,0,1,0,0,0,0,-1]*(-s*a3)
F1[0,0,0,0,1,0,0,-1,0]*(-s*a4-a4*t+mm^2*a4)
F1[-1,0,0,0,1,0,0,0,0]*(s*a4)
F1[0,-1,0,0,1,0,0,0,0]*(s*a4+2*a4*t-2*mm^2*a4)
F1[0,0,-1,0,1,0,0,0,0]*(-a4*t+mm^2*a4)
F1[0,0,0,-1,1,0,0,0,0]*(a4*t-mm^2*a4)
F1[0,0,0,0,1,0,-1,0,0]*(-a4*t+mm^2*a4)
F1[0,0,0,0,1,0,0,0,-1]*(-s*a4)
F1[0,0,0,0,1,0,0,0,0]*(m1^2*s*a4-2*m1^2*mm^2*a4+2*m1^2*a4*t)
F1[0,-1,0,0,0,0,1,0,0]*(s*a6)
F1[0,0,1,0,0,0,0,0,-1]*(a2*s)
F1[0,0,0,0,0,0,1,0,0]*(m1^2*s*a6)
F1[-1,0,0,0,0,0,0,0,1]*(-s*a8)
F1[-1,0,1,0,0,0,0,0,0]*(-a2*s)
F1[0,0,0,0,0,0,0,1,0]*(-m1^2*s*a7)
F1[0,0,1,-1,0,0,0,0,0]*(a2*t-a2*mm^2+a2*s)
F1[0,-1,0,0,0,0,0,1,0]*(-s*a7)

F1[-1,0,0,1,0,0,0,0,0]*(-a3*t+3*a3*mm^2-s*a3)
F1[0,0,0,1,0,0,0,0,-1]*(-2*a3*mm^2+s*a3)
F1[0,0,0,1,0,0,0,0,0]*(-m1^2*a3*mm^2-a3*mm^2*t+m1^2*a3*t+a3*mm^4)
F1[0,0,0,0,1,0,0,0,0]*(mm^4*a4-m1^2*s*a4-mm^2*a4*t+4*m1^2*mm^2*a4-2*m1^2*a4*t)
F1[0,0,-1,1,0,0,0,0,0]*(a3*t-a3*mm^2)
F1[0,0,-1,0,1,0,0,0,0]*(a4*t-mm^2*a4)
F1[-1,0,0,0,1,0,0,0,0]*(-s*a4+2*mm^2*a4)
F1[0,-1,0,0,1,0,0,0,0]*(-s*a4-2*a4*t+4*mm^2*a4)
F1[0,0,0,0,1,0,0,-1,0]*(s*a4+a4*t-3*mm^2*a4)
F1[0,0,0,0,1,0,0,0,-1]*(s*a4-2*mm^2*a4)
F1[0,0,1,0,0,0,0,0,0]*(-a2*s*mm^2+a2*m1^2*t-a2*m1^2*mm^2+a2*m1^2*s-a2*mm^2*t+a2*mm^4)
F1[0,0,0,0,1,0,-1,0,0]*(a4*t-mm^2*a4)
F1[0,0,0,0,1,-1,0,0,0]*(-a4*t+mm^2*a4)
F1[0,0,0,-1,1,0,0,0,0]*(-a4*t+mm^2*a4)
F1[0,0,0,0,0,0,0,0,0]*(a2*t-s*a7+mm^2*a8-a2*mm^2-t*a8-a7*t+a4*t-mm^2*a4+s*a6-s*a8+a2*s+mm^2*a7)
F1[0,0,0,0,0,0,0,1,0]*(m1^2*s*a7+m1^2*a7*t-m1^2*mm^2*a7)
F1[0,-1,0,0,0,0,0,1,0]*(s*a7+a7*t-mm^2*a7)
F1[0,0,1,0,0,0,0,0,-1]*(-2*a2*mm^2)
F1[-1,0,1,0,0,0,0,0,0]*(-a2*t+3*a2*mm^2-a2*s)
F1[0,-1,0,0,0,0,1,0,0]*(-a6*t+a6*mm^2-2*s*a6)
F1[0,0,0,0,0,0,1,-1,0]*(a6*t-a6*mm^2+s*a6)
F1[0,0,0,0,0,0,1,0,0]*(m1^2*a6*mm^2-m1^2*a6*t-3*m1^2*s*a6)
F1[-1,0,0,0,0,0,1,0,0]*(s*a6)
F1[-1,0,0,0,0,0,0,0,1]*(-mm^2*a8+t*a8+s*a8)
F1[0,0,0,-1,0,0,1,0,0]*(-s*a6)
F1[0,0,0,0,-1,0,1,0,0]*(s*a6)
F1[0,0,0,0,0,-1,1,0,0]*(-s*a6)

F1[-1,0,0,1,0,0,0,0,0]*(a3*t-3*a3*mm^2+2*s*a3)
F1[0,0,-1,1,0,0,0,0,0]*(-a3*t-a3*mm^2)
F1[0,0,0,0,0,0,0,0,0]*(-a2*t+a6*t+s*a7-a6*mm^2-mm^2*a8-a2*mm^2+t*a8-s*a4+2*a3*mm^2-a4*t-s*a3+mm^2*a4+s*a8)
F1[0,0,0,1,0,0,0,0,-1]*(2*a3*mm^2-s*a3)
F1[0,0,0,1,0,0,0,0,0]*(m1^2*a3*mm^2+a3*mm^2*t-m1^2*a3*t-a3*mm^4-m1^2*s*a3+s*a3*mm^2)
F1[-1,0,0,0,1,0,0,0,0]*(s*a4-2*mm^2*a4)
F1[0,-1,0,0,1,0,0,0,0]*(s*a4+2*a4*t)
F1[0,0,-1,0,1,0,0,0,0]*(-a4*t-mm^2*a4)
F1[0,0,0,-1,1,0,0,0,0]*(a4*t+mm^2*a4)
F1[0,0,0,0,1,0,-1,0,0]*(-a4*t-mm^2*a4)
F1[0,0,0,0,1,0,0,0,-1]*(-s*a4+2*mm^2*a4)
F1[0,0,0,0,1,0,0,0,0]*(-mm^4*a4+s*mm^2*a4+m1^2*s*a4+mm^2*a4*t+2*m1^2*a4*t)
F1[0,-1,0,0,0,0,1,0,0]*(-a6*t+a6*mm^2)
F1[0,0,0,0,-1,0,0,1,0]*(s*a7)
F1[0,0,0,0,0,0,1,0,0]*(m1^2*a6*mm^2-m1^2*a6*t)
F1[0,0,0,-1,0,0,0,1,0]*(-s*a7)
F1[0,0,0,0,0,0,-1,1,0]*(-a7*t+mm^2*a7)
F1[0,0,-1,0,0,0,0,0,1]*(mm^2*a8-t*a8)
F1[0,0,0,0,1,-1,0,0,0]*(s*a4+a4*t-mm^2*a4)
F1[-1,0,1,0,0,0,0,0,0]*(a2*t-3*a2*mm^2)
F1[0,0,0,0,1,0,0,-1,0]*(-s*a4-a4*t+mm^2*a4)
F1[-1,0,0,0,0,0,0,0,1]*(mm^2*a8-t*a8-2*s*a8)
F1[0,0,0,0,0,0,0,1,0]*(-2*m1^2*s*a7+m1^2*a7*t-m1^2*mm^2*a7)
F1[0,0,1,0,0,0,0,0,0]*(-a2*m1^2*t+a2*m1^2*mm^2+a2*mm^2*t-a2*mm^4)
F1[0,0,0,-1,0,0,0,0,1]*(-mm^2*a8+t*a8+s*a8)
F1[-1,0,0,0,0,0,0,1,0]*(s*a7)
F1[0,0,0,0,0,0,0,0,1]*(-s*mm^2*a8+m1^2*s*a8)
F1[0,-1,0,0,0,0,0,1,0]*(-s*a7+a7*t-mm^2*a7)
F1[0,0,0,0,0,-1,0,1,0]*(-s*a7)
F1[0,0,1,-1,0,0,0,0,0]*(2*a2*mm^2)
F1[0,0,1,0,0,0,0,0,-1]*(2*a2*mm^2)

