0
5 6
0 5
-1 1 1 0 0 0 0 1 -1 -m1^2+mm^2 
1 0 0 0 0 0 0 0 0 0 
0 0 1 0 0 0 0 0 0 0 
-1 0 1 0 0 1 1 0 -1 -m1^2 
0 -1 2 0 0 2 1 0 -1 -s+2*m1^2 
0 0 2 0 0 0 0 2 -1 m1^2 
2 0 0 -1 0 0 0 0 0 2*m1^2 
1 0 0 1 0 -1 0 0 0 s+m1^2 
-1 0 1 1 1 -1 -1 1 0 -m1^2+2*mm^2-t 

1
5 7
0 67
0 1 0 0 0 0 0 0 0 0 
1 0 0 0 0 0 0 0 0 0 
0 0 0 0 0 0 1 0 0 0 
0 0 1 0 0 0 0 0 0 0 
0 0 1 0 0 0 0 0 0 0 
0 0 1 0 0 0 0 0 0 0 
0 0 1 0 0 0 0 0 0 0 
0 0 1 0 0 0 0 0 0 0 
0 0 1 0 0 0 0 0 0 0 

0
5 10
0 5
0 1 1 0 0 -1 -1 1 0 s+mm^2 
1 0 0 0 0 0 0 0 0 0 
1 0 1 0 0 -1 -1 0 1 2*s+m1^2 
0 0 1 0 0 0 0 0 0 0 
2 -1 2 0 0 0 0 0 0 4*m1^2 
2 0 2 0 0 -2 -1 2 0 2*s+3*m1^2 
2 0 0 -1 0 0 0 0 0 2*m1^2 
1 0 0 1 0 -1 0 0 0 s+m1^2 
0 0 1 1 1 -2 -2 1 1 2*s+2*mm^2-t 

0
5 11
0 67
0 1 0 0 0 0 0 0 0 0 
1 0 0 0 0 0 0 0 0 0 
0 0 0 0 0 0 0 0 1 0 
0 0 0 0 0 0 1 0 0 0 
0 -1 1 0 0 1 1 -1 0 -s+2*m1^2+mm^2 
0 0 1 0 0 0 0 0 0 m1^2 
2 0 0 -1 0 0 0 0 0 2*m1^2 
1 0 0 1 0 -1 0 0 0 s+m1^2 
0 0 0 0 1 0 -1 0 1 0 

0
5 14
0 321
0 -1 0 0 0 0 1 0 1 -s+2*m1^2+2*mm^2 
1 0 0 0 0 0 0 0 0 0 
0 0 0 0 0 0 1 0 0 0 
0 0 0 0 0 0 0 0 1 0 
1 1 -1 0 0 0 0 1 1 m1^2-mm^2 
1 0 -1 0 0 -1 1 2 1 2*m1^2 
2 0 0 -1 0 0 0 0 0 2*m1^2 
1 0 0 1 0 -1 0 0 0 s+m1^2 
0 0 0 0 -1 0 2 0 0 -2*s+2*m1^2+4*mm^2-2*t 

0
5 15
0 323
0 1 0 0 0 0 0 0 0 0 
1 0 0 0 0 0 0 0 0 0 
0 0 0 0 0 0 0 0 1 0 
0 0 0 0 0 0 1 0 0 0 
0 -1 1 0 0 1 1 -1 0 -s+2*m1^2+mm^2 
0 0 1 0 0 0 0 0 0 m1^2 
2 0 0 -1 0 0 0 0 0 2*m1^2 
1 0 0 1 0 -1 0 0 0 s+m1^2 
0 0 0 0 1 0 -1 0 1 0 

1
5 19
0 134
0 1 0 0 0 0 0 0 0 0 
0 0 1 0 0 0 0 0 0 0 
1 0 0 0 0 0 0 0 0 0 
1 0 0 0 0 0 0 0 0 0 
0 0 0 0 0 0 0 1 0 0 
1 0 0 0 0 0 0 0 0 0 
1 0 0 0 0 0 0 0 0 0 
1 0 0 0 0 0 0 0 0 0 
1 0 0 0 0 0 0 0 0 0 

0
5 22
0 196
0 -1 0 0 0 0 1 0 1 -s+2*m1^2+2*mm^2 
0 0 1 0 0 0 0 0 0 0 
0 0 0 0 0 0 1 0 0 0 
0 0 0 0 0 0 0 0 1 0 
0 0 0 0 0 0 0 1 0 0 
0 0 0 0 0 -1 0 2 0 2*mm^2 
1 1 1 -1 -1 0 0 0 0 2*m1^2 
0 -1 1 1 1 -1 -1 0 1 s+m1^2 
0 0 0 0 -1 0 2 0 0 -2*s+2*m1^2+4*mm^2-2*t 

1
5 23
0 198
0 1 0 0 0 0 0 0 0 0 
0 0 1 0 0 0 0 0 0 0 
0 0 0 0 0 0 1 0 0 0 
1 0 0 0 0 0 0 0 0 0 
0 0 0 0 0 0 0 1 0 0 
1 0 0 0 0 0 0 0 0 0 
1 0 0 0 0 0 0 0 0 0 
1 0 0 0 0 0 0 0 0 0 
1 0 0 0 0 0 0 0 0 0 

0
5 26
0 7
0 1 1 0 0 -1 -1 1 0 s+mm^2 
1 0 0 0 0 0 0 0 0 0 
1 0 1 0 0 -1 -1 0 1 2*s+m1^2 
0 0 1 0 0 0 0 0 0 0 
0 1 0 0 0 0 0 0 0 0 
0 2 0 0 0 0 -1 0 0 -m1^2+2*mm^2 
0 0 0 1 0 0 0 0 0 0 
1 0 0 -1 0 1 0 0 0 -s+m1^2 
0 0 1 1 1 -2 -2 1 1 2*s+2*mm^2-t 

1
5 27
0 135
0 0 0 0 0 0 0 1 0 0 
0 0 1 0 0 0 0 0 0 0 
0 0 0 1 0 0 0 0 0 0 
1 0 0 0 0 0 0 0 0 0 
0 1 0 0 0 0 0 0 0 0 
0 0 0 1 0 0 0 0 0 0 
0 0 0 1 0 0 0 0 0 0 
0 0 0 1 0 0 0 0 0 0 
0 0 0 1 0 0 0 0 0 0 

0
5 30
0 452
0 -1 0 0 0 0 1 0 1 -s+2*m1^2+2*mm^2 
0 0 1 0 0 0 0 0 0 0 
0 0 0 0 0 0 1 0 0 0 
0 0 0 0 0 0 0 0 1 0 
0 0 0 0 0 0 0 1 0 0 
0 0 0 0 0 -1 0 2 0 2*mm^2 
1 1 1 -1 -1 0 0 0 0 2*m1^2 
0 -1 1 1 1 -1 -1 0 1 s+m1^2 
0 0 0 0 -1 0 2 0 0 -2*s+2*m1^2+4*mm^2-2*t 

1
5 31
0 454
0 1 0 0 0 0 0 0 0 0 
0 0 1 0 0 0 0 0 0 0 
0 0 0 0 0 0 1 0 0 0 
0 0 0 0 0 0 0 0 1 0 
0 0 0 0 0 0 0 1 0 0 
1 0 0 0 0 0 0 0 0 0 
1 0 0 0 0 0 0 0 0 0 
1 0 0 0 0 0 0 0 0 0 
1 0 0 0 0 0 0 0 0 0 

1
5 35
0 14
0 1 0 0 0 0 0 0 0 0 
0 0 1 0 0 0 0 0 0 0 
1 0 0 0 0 0 0 0 0 0 
1 0 0 0 0 0 0 0 0 0 
1 0 0 0 0 0 0 0 0 0 
0 0 0 1 0 0 0 0 0 0 
1 0 0 0 0 0 0 0 0 0 
1 0 0 0 0 0 0 0 0 0 
1 0 0 0 0 0 0 0 0 0 

1
5 38
0 292
1 0 0 0 0 0 0 0 0 0 
0 0 1 0 0 0 0 0 0 0 
0 0 0 0 0 0 0 0 1 0 
1 0 0 0 0 0 0 0 0 0 
1 0 0 0 0 0 0 0 0 0 
0 0 0 0 0 1 0 0 0 0 
1 0 0 0 0 0 0 0 0 0 
1 0 0 0 0 0 0 0 0 0 
1 0 0 0 0 0 0 0 0 0 

0
5 39
3 177
0 0 0 0 0 1 0 0 0 0 
0 0 0 0 1 0 0 0 0 0 
1 0 0 0 0 0 0 0 0 0 
1 0 1 -1 -1 0 0 1 0 -m1^2 
0 1 0 -1 0 0 0 1 0 s-m1^2 
0 0 0 0 0 0 0 1 0 0 
1 1 1 -1 0 0 -1 1 -1 -s+m1^2 
-1 -1 0 1 1 0 1 -1 1 m1^2 
1 0 0 0 0 1 0 0 -1 -s+m1^2+mm^2-t 

0
5 42
0 292
0 1 0 0 0 0 -1 0 1 s 
0 0 1 0 0 0 0 0 0 0 
0 0 0 0 0 0 -1 0 2 2*s 
0 0 0 0 0 0 0 0 1 0 
0 0 0 0 0 0 0 1 0 0 
0 0 0 0 0 1 0 0 0 0 
-1 -1 1 1 1 0 0 0 0 0 
0 1 1 -1 -1 1 1 0 -1 -s+m1^2 
0 0 0 0 1 0 -2 0 2 2*s 

1
5 43
3 177
0 0 0 0 0 1 0 0 0 0 
0 0 0 0 1 0 0 0 0 0 
0 1 0 0 0 0 0 0 0 0 
1 0 0 0 0 0 0 0 0 0 
0 1 0 0 0 0 0 0 0 0 
0 0 0 0 0 0 0 1 0 0 
0 1 0 0 0 0 0 0 0 0 
0 1 0 0 0 0 0 0 0 0 
0 1 0 0 0 0 0 0 0 0 

0
5 46
4 78
1 0 0 0 0 0 0 0 0 0 
0 1 0 0 0 0 0 0 0 0 
0 0 1 0 0 0 0 0 0 0 
0 0 0 1 0 0 0 0 0 0 
0 2 2 0 -1 1 -1 0 0 -s+4*m1^2 
0 0 0 0 0 0 1 0 0 0 
0 2 -1 1 0 -1 1 0 -1 s+2*m1^2 
0 0 0 0 0 0 0 0 1 0 
2 0 1 -1 0 0 0 -1 0 0 

0
5 47
4 79
1 0 0 0 0 0 0 0 0 0 
0 1 0 0 0 0 0 0 0 0 
0 0 1 0 0 0 0 0 0 0 
0 0 0 1 0 0 0 0 0 0 
0 2 2 0 -1 1 -1 0 0 -s+4*m1^2 
0 0 0 0 0 0 1 0 0 0 
0 2 -1 1 0 -1 1 0 -1 s+2*m1^2 
0 0 0 0 0 0 0 0 1 0 
2 0 1 -1 0 0 0 -1 0 0 

0
5 50
0 164
0 0 0 0 0 0 0 0 1 m1^2 
0 0 1 0 0 0 0 0 0 0 
0 1 0 0 0 0 0 0 0 -m1^2 
0 1 0 0 0 0 -1 0 1 s-m1^2 
0 0 0 0 0 1 0 0 0 0 
0 0 0 0 0 0 0 1 0 0 
1 1 1 -1 -1 0 0 0 0 2*m1^2 
0 -1 1 1 1 -1 -1 0 1 s+m1^2 
0 1 0 0 -1 0 1 0 0 -s+m1^2+mm^2-t 

1
5 51
3 178
0 0 0 0 0 1 0 0 0 0 
0 0 0 0 1 0 0 0 0 0 
1 0 0 0 0 0 0 0 0 0 
1 0 0 0 0 0 0 0 0 0 
0 1 0 0 0 0 0 0 0 0 
0 0 0 0 0 0 0 1 0 0 
1 0 0 0 0 0 0 0 0 0 
1 0 0 0 0 0 0 0 0 0 
1 0 0 0 0 0 0 0 0 0 

0
5 52
0 164
-1 1 1 0 0 0 0 1 -1 -m1^2+mm^2 
0 1 0 0 0 0 0 0 0 -m1^2 
0 0 1 0 0 0 0 0 0 0 
-1 0 1 0 0 1 1 0 -1 -m1^2 
0 0 0 0 0 1 0 0 0 0 
0 0 0 0 0 0 0 1 0 0 
0 0 0 0 1 0 0 0 0 0 
0 2 0 0 -1 0 1 0 -1 0 
-1 0 1 1 1 -1 -1 1 0 -m1^2+2*mm^2-t 

1
5 53
0 226
0 1 0 0 0 0 0 0 0 0 
1 0 0 0 0 0 0 0 0 0 
0 0 0 0 0 0 1 0 0 0 
1 0 0 0 0 0 0 0 0 0 
0 0 0 0 0 1 0 0 0 0 
0 0 0 0 0 0 0 1 0 0 
1 0 0 0 0 0 0 0 0 0 
1 0 0 0 0 0 0 0 0 0 
1 0 0 0 0 0 0 0 0 0 

0
5 56
0 164
0 1 1 0 0 -1 -1 1 0 s+mm^2 
0 1 0 0 0 0 -1 0 1 s-m1^2 
1 0 1 0 0 -1 -1 0 1 2*s+m1^2 
0 0 1 0 0 0 0 0 0 0 
0 0 0 0 0 1 0 0 0 0 
0 0 0 0 0 0 0 1 0 0 
0 0 0 0 1 0 -1 0 1 0 
0 2 0 0 -1 0 0 0 0 0 
0 0 1 1 1 -2 -2 1 1 2*s+2*mm^2-t 

0
5 57
0 226
0 1 0 0 0 0 0 0 0 0 
1 1 -1 0 0 0 0 1 1 -mm^2 
0 0 0 0 0 0 0 0 1 0 
0 0 0 0 0 0 1 0 0 0 
0 0 0 0 0 1 0 0 0 0 
0 0 0 0 0 0 0 1 0 0 
2 0 -1 -1 1 0 0 1 1 2*m1^2-2*mm^2+t 
1 2 -1 1 -1 -1 1 1 0 m1^2-t 
0 0 0 0 1 0 -1 0 1 0 

0
5 58
0 420
0 1 0 0 0 0 -1 0 1 s 
0 0 1 0 0 0 0 0 0 0 
0 0 0 0 0 0 -1 0 2 2*s 
0 0 0 0 0 0 0 0 1 0 
0 0 0 0 0 0 0 1 0 0 
0 0 0 0 0 1 0 0 0 0 
-1 -1 1 1 1 0 0 0 0 0 
0 1 1 -1 -1 1 1 0 -1 -s+m1^2 
0 0 0 0 1 0 -2 0 2 2*s 

1
5 59
3 179
0 0 0 0 0 1 0 0 0 0 
0 0 0 0 1 0 0 0 0 0 
0 0 1 0 0 0 0 0 0 0 
1 0 0 0 0 0 0 0 0 0 
0 1 0 0 0 0 0 0 0 0 
0 0 0 0 0 0 0 1 0 0 
0 0 1 0 0 0 0 0 0 0 
0 0 1 0 0 0 0 0 0 0 
0 0 1 0 0 0 0 0 0 0 

0
5 60
0 480
0 -1 0 0 0 0 1 0 1 -s+2*m1^2+2*mm^2 
0 0 -1 0 0 0 0 2 2 0 
0 0 0 0 0 0 1 0 0 0 
0 0 0 0 0 0 0 0 1 0 
0 0 0 0 0 0 0 1 0 0 
0 0 0 0 0 1 0 0 0 0 
-1 1 -1 1 -1 0 0 2 2 2*mm^2-2*t 
0 -1 -1 -1 1 1 -1 2 3 s+m1^2-2*mm^2+2*t 
0 0 0 0 -1 0 2 0 0 -2*s+2*m1^2+4*mm^2-2*t 

0
5 61
0 482
0 1 0 0 0 0 0 0 0 0 
1 1 -1 0 0 0 0 1 1 -mm^2 
0 0 0 0 0 0 0 0 1 0 
0 0 0 0 0 0 1 0 0 0 
0 0 0 0 0 1 0 0 0 0 
0 0 0 0 0 0 0 1 0 0 
2 0 -1 -1 1 0 0 1 1 2*m1^2-2*mm^2+t 
1 2 -1 1 -1 -1 1 1 0 m1^2-t 
0 0 0 0 1 0 -1 0 1 0 

0
5 70
0 13
-1 1 1 0 0 0 0 1 -1 -m1^2+mm^2 
1 0 0 0 0 0 0 0 0 0 
0 0 1 0 0 0 0 0 0 0 
-1 0 1 0 0 1 1 0 -1 -m1^2 
0 1 0 0 0 0 1 0 -1 s 
0 2 0 0 0 0 0 0 -1 -m1^2+2*mm^2 
0 0 0 1 0 0 0 0 0 0 
1 0 0 -1 0 1 0 0 0 -s+m1^2 
-1 0 1 1 1 -1 -1 1 0 -m1^2+2*mm^2-t 

1
5 71
0 75
0 1 0 0 0 0 0 0 0 0 
1 0 0 0 0 0 0 0 0 0 
0 0 0 0 0 0 1 0 0 0 
0 0 1 0 0 0 0 0 0 0 
0 0 1 0 0 0 0 0 0 0 
0 0 1 0 0 0 0 0 0 0 
0 0 0 1 0 0 0 0 0 0 
0 0 1 0 0 0 0 0 0 0 
0 0 1 0 0 0 0 0 0 0 

0
5 74
0 13
0 1 1 0 0 -1 -1 1 0 s+mm^2 
1 0 0 0 0 0 0 0 0 0 
1 0 1 0 0 -1 -1 0 1 2*s+m1^2 
0 0 1 0 0 0 0 0 0 0 
0 1 0 0 0 0 0 0 0 0 
0 2 0 0 0 0 -1 0 0 -m1^2+2*mm^2 
0 0 0 1 0 0 0 0 0 0 
1 0 0 -1 0 1 0 0 0 -s+m1^2 
0 0 1 1 1 -2 -2 1 1 2*s+2*mm^2-t 

0
5 75
0 75
0 1 0 0 0 0 0 0 0 0 
1 0 0 0 0 0 0 0 0 0 
0 0 0 0 0 0 0 0 1 0 
0 0 0 0 0 0 1 0 0 0 
2 1 -1 0 0 -1 1 1 0 s+2*m1^2-mm^2 
2 2 -1 0 0 0 0 0 0 m1^2 
0 0 0 1 0 0 0 0 0 0 
1 0 0 -1 0 1 0 0 0 -s+m1^2 
0 0 0 0 1 0 -1 0 1 0 

0
5 78
0 329
0 1 0 0 0 0 0 0 0 0 
1 0 0 0 0 0 0 0 0 0 
0 0 0 0 0 0 0 0 1 0 
0 0 0 0 0 0 1 0 0 0 
2 1 -1 0 0 -1 1 1 0 s+2*m1^2-mm^2 
2 2 -1 0 0 0 0 0 0 m1^2 
0 0 0 1 0 0 0 0 0 0 
1 0 0 -1 0 1 0 0 0 -s+m1^2 
0 0 0 0 1 0 -1 0 1 0 

0
5 79
0 331
0 1 0 0 0 0 0 0 0 0 
1 0 0 0 0 0 0 0 0 0 
0 0 0 0 0 0 0 0 1 0 
0 0 0 0 0 0 1 0 0 0 
2 1 -1 0 0 -1 1 1 0 s+2*m1^2-mm^2 
2 2 -1 0 0 0 0 0 0 m1^2 
0 0 0 1 0 0 0 0 0 0 
1 0 0 -1 0 1 0 0 0 -s+m1^2 
0 0 0 0 1 0 -1 0 1 0 

1
5 81
4 273
1 0 0 0 0 0 0 0 0 0 
0 1 0 0 0 0 0 0 0 0 
0 1 0 0 0 0 0 0 0 0 
0 1 0 0 0 0 0 0 0 0 
0 0 0 0 1 0 0 0 0 0 
0 1 0 0 0 0 0 0 0 0 
0 0 0 0 0 0 0 0 1 0 
0 1 0 0 0 0 0 0 0 0 
0 1 0 0 0 0 0 0 0 0 

1
5 83
4 275
1 0 0 0 0 0 0 0 0 0 
0 1 0 0 0 0 0 0 0 0 
0 0 1 0 0 0 0 0 0 0 
0 0 1 0 0 0 0 0 0 0 
0 0 0 0 1 0 0 0 0 0 
0 0 1 0 0 0 0 0 0 0 
0 0 0 0 0 0 0 0 1 0 
0 0 1 0 0 0 0 0 0 0 
0 0 1 0 0 0 0 0 0 0 

0
5 84
0 52
-1 1 1 0 0 0 0 1 -1 -m1^2+mm^2 
1 0 0 -1 0 1 0 0 0 -s 
0 0 1 0 0 0 0 0 0 0 
-1 0 1 0 0 1 1 0 -1 -m1^2 
0 0 0 0 1 0 0 0 0 0 
0 1 0 0 1 0 -1 0 0 -s-m1^2+3*mm^2-t 
0 0 0 0 0 1 0 0 0 0 
1 0 0 -2 0 2 0 0 0 -2*s+m1^2 
-1 0 1 1 1 -1 -1 1 0 -m1^2+2*mm^2-t 

1
5 85
4 281
1 0 0 0 0 0 0 0 0 0 
0 1 0 0 0 0 0 0 0 0 
0 0 0 1 0 0 0 0 0 0 
0 1 0 0 0 0 0 0 0 0 
0 0 0 0 1 0 0 0 0 0 
0 1 0 0 0 0 0 0 0 0 
0 0 0 0 0 0 0 0 1 0 
0 1 0 0 0 0 0 0 0 0 
0 1 0 0 0 0 0 0 0 0 

1
5 86
4 282
1 0 0 0 0 0 0 0 0 0 
0 1 0 0 0 0 0 0 0 0 
0 0 0 1 0 0 0 0 0 0 
1 0 0 0 0 0 0 0 0 0 
0 0 0 0 1 0 0 0 0 0 
1 0 0 0 0 0 0 0 0 0 
0 0 0 0 0 0 0 0 1 0 
1 0 0 0 0 0 0 0 0 0 
1 0 0 0 0 0 0 0 0 0 

1
5 87
4 283
1 0 0 0 0 0 0 0 0 0 
0 1 0 0 0 0 0 0 0 0 
0 0 0 1 0 0 0 0 0 0 
0 0 1 0 0 0 0 0 0 0 
0 0 0 0 1 0 0 0 0 0 
0 0 1 0 0 0 0 0 0 0 
0 0 0 0 0 0 0 0 1 0 
0 0 1 0 0 0 0 0 0 0 
0 0 1 0 0 0 0 0 0 0 

0
5 88
0 14
0 1 1 0 0 -1 -1 1 0 s+mm^2 
1 0 0 0 0 0 0 0 0 0 
1 0 1 0 0 -1 -1 0 1 2*s+m1^2 
0 0 1 0 0 0 0 0 0 0 
0 1 0 0 0 0 0 0 0 0 
0 2 0 0 0 0 -1 0 0 -m1^2+2*mm^2 
0 0 0 1 0 0 0 0 0 0 
1 0 0 -1 0 1 0 0 0 -s+m1^2 
0 0 1 1 1 -2 -2 1 1 2*s+2*mm^2-t 

1
5 89
4 277
1 0 0 0 0 0 0 0 0 0 
0 1 0 0 0 0 0 0 0 0 
0 1 0 0 0 0 0 0 0 0 
0 0 1 0 0 0 0 0 0 0 
0 0 0 0 1 0 0 0 0 0 
0 1 0 0 0 0 0 0 0 0 
0 0 0 0 0 0 0 0 1 0 
0 1 0 0 0 0 0 0 0 0 
0 1 0 0 0 0 0 0 0 0 

0
5 90
0 15
0 1 1 0 0 -1 -1 1 0 s+mm^2 
1 0 0 0 0 0 0 0 0 0 
1 0 1 0 0 -1 -1 0 1 2*s+m1^2 
0 0 1 0 0 0 0 0 0 0 
0 1 0 0 0 0 0 0 0 0 
0 2 0 0 0 0 -1 0 0 -m1^2+2*mm^2 
0 0 0 1 0 0 0 0 0 0 
1 0 0 -1 0 1 0 0 0 -s+m1^2 
0 0 1 1 1 -2 -2 1 1 2*s+2*mm^2-t 

1
5 91
4 279
1 0 0 0 0 0 0 0 0 0 
0 1 0 0 0 0 0 0 0 0 
0 0 0 1 0 0 0 0 0 0 
0 0 1 0 0 0 0 0 0 0 
0 0 0 0 1 0 0 0 0 0 
0 0 0 1 0 0 0 0 0 0 
0 0 0 0 0 0 0 0 1 0 
0 0 0 1 0 0 0 0 0 0 
0 0 0 1 0 0 0 0 0 0 

1
5 92
4 284
1 0 0 0 0 0 0 0 0 0 
1 0 0 0 0 0 0 0 0 0 
0 0 0 1 0 0 0 0 0 0 
0 0 1 0 0 0 0 0 0 0 
0 0 0 0 1 0 0 0 0 0 
1 0 0 0 0 0 0 0 0 0 
0 0 0 0 0 0 0 0 1 0 
1 0 0 0 0 0 0 0 0 0 
1 0 0 0 0 0 0 0 0 0 

1
5 93
4 285
1 0 0 0 0 0 0 0 0 0 
0 1 0 0 0 0 0 0 0 0 
0 0 0 1 0 0 0 0 0 0 
0 0 1 0 0 0 0 0 0 0 
0 0 0 0 1 0 0 0 0 0 
0 1 0 0 0 0 0 0 0 0 
0 0 0 0 0 0 0 0 1 0 
0 1 0 0 0 0 0 0 0 0 
0 1 0 0 0 0 0 0 0 0 

1
5 94
4 286
1 0 0 0 0 0 0 0 0 0 
0 1 0 0 0 0 0 0 0 0 
0 0 0 1 0 0 0 0 0 0 
0 0 1 0 0 0 0 0 0 0 
0 0 0 0 1 0 0 0 0 0 
1 0 0 0 0 0 0 0 0 0 
0 0 0 0 0 0 0 0 1 0 
1 0 0 0 0 0 0 0 0 0 
1 0 0 0 0 0 0 0 0 0 

1
5 95
4 287
1 0 0 0 0 0 0 0 0 0 
0 1 0 0 0 0 0 0 0 0 
0 0 0 1 0 0 0 0 0 0 
0 0 1 0 0 0 0 0 0 0 
0 0 0 0 1 0 0 0 0 0 
0 0 0 0 0 1 0 0 0 0 
0 0 0 0 0 0 0 0 1 0 
0 0 0 0 0 1 0 0 0 0 
0 0 0 0 0 1 0 0 0 0 

1
5 99
4 323
1 0 0 0 0 0 0 0 0 0 
0 1 0 0 0 0 0 0 0 0 
0 0 1 0 0 0 0 0 0 0 
0 0 1 0 0 0 0 0 0 0 
0 0 1 0 0 0 0 0 0 0 
0 0 0 0 0 0 1 0 0 0 
0 0 0 0 0 0 0 0 1 0 
0 0 1 0 0 0 0 0 0 0 
0 0 1 0 0 0 0 0 0 0 

0
5 100
0 148
-1 1 1 0 0 0 0 1 -1 -m1^2+mm^2 
1 0 0 -1 0 0 0 1 0 -mm^2+t 
0 0 1 0 0 0 0 0 0 0 
-1 0 1 0 0 1 1 0 -1 -m1^2 
0 -1 0 0 1 0 1 0 0 s+m1^2-mm^2+t 
0 0 0 0 1 0 0 0 0 0 
0 0 0 0 0 0 0 1 0 0 
1 0 0 -2 0 1 0 1 0 -s+m1^2-2*mm^2+2*t 
-1 0 1 1 1 -1 -1 1 0 -m1^2+2*mm^2-t 

0
5 104
3 400
1 -1 1 0 0 -1 0 1 0 -s+2*m1^2+mm^2 
1 0 1 -1 -1 0 0 1 0 -m1^2 
0 0 1 0 0 0 0 0 0 0 
0 0 0 0 1 0 0 0 0 0 
0 1 0 -1 0 0 0 1 0 s-m1^2 
0 0 0 0 0 0 0 1 0 0 
0 0 0 0 0 0 0 0 1 0 
2 0 1 -1 -1 0 0 1 -1 -s+m1^2 
0 -2 1 1 0 -1 1 0 1 -s+2*m1^2+2*mm^2-t 

1
5 106
3 401
0 1 0 0 0 0 0 0 0 0 
1 0 0 0 0 0 0 0 0 0 
0 1 0 0 0 0 0 0 0 0 
0 0 0 0 1 0 0 0 0 0 
0 1 0 0 0 0 0 0 0 0 
0 0 0 0 0 0 0 1 0 0 
0 0 0 0 0 0 0 0 1 0 
0 1 0 0 0 0 0 0 0 0 
0 1 0 0 0 0 0 0 0 0 

0
5 108
3 404
1 -1 1 0 0 -1 0 1 0 -s+2*m1^2+mm^2 
1 0 1 -1 -1 0 0 1 0 -m1^2 
0 0 1 0 0 0 0 0 0 0 
0 0 0 0 1 0 0 0 0 0 
0 1 0 -1 0 0 0 1 0 s-m1^2 
0 0 0 0 0 0 0 1 0 0 
0 0 0 0 0 0 0 0 1 0 
2 0 1 -1 -1 0 0 1 -1 -s+m1^2 
0 -2 1 1 0 -1 1 0 1 -s+2*m1^2+2*mm^2-t 

1
5 114
3 387
0 0 1 0 0 0 0 0 0 0 
1 0 0 0 0 0 0 0 0 0 
0 0 1 0 0 0 0 0 0 0 
0 0 1 0 0 0 0 0 0 0 
0 1 0 0 0 0 0 0 0 0 
0 0 0 0 0 0 0 1 0 0 
0 0 0 0 0 0 0 0 1 0 
0 0 1 0 0 0 0 0 0 0 
0 0 1 0 0 0 0 0 0 0 

0
5 116
0 180
-1 1 1 0 0 0 0 1 -1 -m1^2+mm^2 
0 1 0 0 0 0 0 0 0 -m1^2 
0 0 1 0 0 0 0 0 0 0 
-1 0 1 0 0 1 1 0 -1 -m1^2 
0 0 0 0 0 1 0 0 0 0 
0 0 0 0 0 0 0 1 0 0 
0 0 0 0 1 0 0 0 0 0 
0 2 0 0 -1 0 1 0 -1 0 
-1 0 1 1 1 -1 -1 1 0 -m1^2+2*mm^2-t 

1
5 120
3 402
1 0 0 0 0 0 0 0 0 0 
1 0 0 0 0 0 0 0 0 0 
1 0 0 0 0 0 0 0 0 0 
0 0 0 0 1 0 0 0 0 0 
0 1 0 0 0 0 0 0 0 0 
0 0 0 0 0 0 0 1 0 0 
0 0 0 0 0 0 0 0 1 0 
1 0 0 0 0 0 0 0 0 0 
1 0 0 0 0 0 0 0 0 0 

1
5 122
3 403
0 0 1 0 0 0 0 0 0 0 
1 0 0 0 0 0 0 0 0 0 
0 0 1 0 0 0 0 0 0 0 
0 0 0 0 1 0 0 0 0 0 
0 1 0 0 0 0 0 0 0 0 
0 0 0 0 0 0 0 1 0 0 
0 0 0 0 0 0 0 0 1 0 
0 0 1 0 0 0 0 0 0 0 
0 0 1 0 0 0 0 0 0 0 

1
5 134
0 13
0 1 0 0 0 0 0 0 0 0 
1 0 0 0 0 0 0 0 0 0 
0 0 1 0 0 0 0 0 0 0 
0 1 0 0 0 0 0 0 0 0 
0 1 0 0 0 0 0 0 0 0 
0 1 0 0 0 0 0 0 0 0 
0 1 0 0 0 0 0 0 0 0 
0 0 0 1 0 0 0 0 0 0 
0 1 0 0 0 0 0 0 0 0 

1
5 135
0 75
0 1 0 0 0 0 0 0 0 0 
1 0 0 0 0 0 0 0 0 0 
0 0 0 0 0 0 1 0 0 0 
0 0 1 0 0 0 0 0 0 0 
0 0 1 0 0 0 0 0 0 0 
0 0 1 0 0 0 0 0 0 0 
0 0 1 0 0 0 0 0 0 0 
0 0 0 1 0 0 0 0 0 0 
0 0 1 0 0 0 0 0 0 0 

1
5 138
0 13
0 1 0 0 0 0 0 0 0 0 
1 0 0 0 0 0 0 0 0 0 
0 1 0 0 0 0 0 0 0 0 
0 0 1 0 0 0 0 0 0 0 
0 1 0 0 0 0 0 0 0 0 
0 1 0 0 0 0 0 0 0 0 
0 1 0 0 0 0 0 0 0 0 
0 0 0 1 0 0 0 0 0 0 
0 1 0 0 0 0 0 0 0 0 

1
5 139
0 75
0 1 0 0 0 0 0 0 0 0 
1 0 0 0 0 0 0 0 0 0 
0 0 1 0 0 0 0 0 0 0 
0 0 0 0 0 0 1 0 0 0 
0 0 1 0 0 0 0 0 0 0 
0 0 1 0 0 0 0 0 0 0 
0 0 1 0 0 0 0 0 0 0 
0 0 0 1 0 0 0 0 0 0 
0 0 1 0 0 0 0 0 0 0 

1
5 142
0 329
0 1 0 0 0 0 0 0 0 0 
1 0 0 0 0 0 0 0 0 0 
0 0 0 0 0 0 0 0 1 0 
0 0 0 0 0 0 1 0 0 0 
0 1 0 0 0 0 0 0 0 0 
0 1 0 0 0 0 0 0 0 0 
0 1 0 0 0 0 0 0 0 0 
0 0 0 1 0 0 0 0 0 0 
0 1 0 0 0 0 0 0 0 0 

1
5 143
0 331
0 1 0 0 0 0 0 0 0 0 
1 0 0 0 0 0 0 0 0 0 
0 0 0 0 0 0 1 0 0 0 
0 0 0 0 0 0 0 0 1 0 
0 0 1 0 0 0 0 0 0 0 
0 0 1 0 0 0 0 0 0 0 
0 0 1 0 0 0 0 0 0 0 
0 0 0 1 0 0 0 0 0 0 
0 0 1 0 0 0 0 0 0 0 

1
5 148
0 52
1 0 0 0 0 0 0 0 0 0 
1 0 0 0 0 0 0 0 0 0 
0 0 1 0 0 0 0 0 0 0 
1 0 0 0 0 0 0 0 0 0 
0 0 0 0 1 0 0 0 0 0 
1 0 0 0 0 0 0 0 0 0 
1 0 0 0 0 0 0 0 0 0 
0 0 0 0 0 1 0 0 0 0 
1 0 0 0 0 0 0 0 0 0 

0
5 150
4 282
-1 0 1 1 0 0 0 0 0 -s+2*m1^2+2*mm^2 
0 1 0 0 0 0 0 0 0 0 
0 0 0 1 0 0 0 0 0 0 
0 0 1 0 0 0 0 0 0 0 
0 0 0 0 1 0 0 0 0 0 
-2 -2 -2 2 2 -1 2 0 0 -2*m1^2+2*mm^2 
0 2 -1 1 0 -1 1 0 -1 s+2*m1^2 
0 0 0 0 0 0 0 0 1 0 
-2 0 0 2 0 0 0 1 0 -2*s+2*m1^2+4*mm^2-2*t 

1
5 152
0 14
1 0 0 0 0 0 0 0 0 0 
1 0 0 0 0 0 0 0 0 0 
1 0 0 0 0 0 0 0 0 0 
0 0 1 0 0 0 0 0 0 0 
0 1 0 0 0 0 0 0 0 0 
1 0 0 0 0 0 0 0 0 0 
1 0 0 0 0 0 0 0 0 0 
0 0 0 1 0 0 0 0 0 0 
1 0 0 0 0 0 0 0 0 0 

1
5 154
0 15
0 0 0 0 1 0 0 0 0 0 
1 0 0 0 0 0 0 0 0 0 
0 0 0 0 1 0 0 0 0 0 
0 0 1 0 0 0 0 0 0 0 
0 1 0 0 0 0 0 0 0 0 
0 0 0 0 1 0 0 0 0 0 
0 0 0 0 1 0 0 0 0 0 
0 0 0 1 0 0 0 0 0 0 
0 0 0 0 1 0 0 0 0 0 

0
5 156
4 284
-1 0 1 1 0 0 0 0 0 -s+2*m1^2+2*mm^2 
0 1 0 0 0 0 0 0 0 0 
0 0 0 1 0 0 0 0 0 0 
0 0 1 0 0 0 0 0 0 0 
0 0 0 0 1 0 0 0 0 0 
-2 -2 -2 2 2 -1 2 0 0 -2*m1^2+2*mm^2 
0 2 -1 1 0 -1 1 0 -1 s+2*m1^2 
0 0 0 0 0 0 0 0 1 0 
-2 0 0 2 0 0 0 1 0 -2*s+2*m1^2+4*mm^2-2*t 

0
5 158
4 286
-1 0 1 1 0 0 0 0 0 -s+2*m1^2+2*mm^2 
0 1 0 0 0 0 0 0 0 0 
0 0 0 1 0 0 0 0 0 0 
0 0 1 0 0 0 0 0 0 0 
0 0 0 0 1 0 0 0 0 0 
-2 -2 -2 2 2 -1 2 0 0 -2*m1^2+2*mm^2 
0 2 -1 1 0 -1 1 0 -1 s+2*m1^2 
0 0 0 0 0 0 0 0 1 0 
-2 0 0 2 0 0 0 1 0 -2*s+2*m1^2+4*mm^2-2*t 

0
5 163
4 323
1 0 0 0 0 0 0 0 0 0 
0 1 0 0 0 0 0 0 0 0 
0 0 1 0 0 0 0 0 0 0 
0 0 0 1 0 0 0 0 0 0 
0 2 2 0 -1 1 -1 0 0 -s+4*m1^2 
0 0 0 0 0 0 1 0 0 0 
0 2 -1 1 0 -1 1 0 -1 s+2*m1^2 
0 0 0 0 0 0 0 0 1 0 
2 0 1 -1 0 0 0 -1 0 0 

1
5 164
2 176
1 0 0 0 0 0 0 0 0 0 
1 0 0 0 0 0 0 0 0 0 
0 0 0 0 1 0 0 0 0 0 
1 0 0 0 0 0 0 0 0 0 
1 0 0 0 0 0 0 0 0 0 
0 0 0 0 0 1 0 0 0 0 
1 0 0 0 0 0 0 0 0 0 
0 0 0 0 0 0 0 1 0 0 
1 0 0 0 0 0 0 0 0 0 

1
5 165
2 432
0 0 0 0 0 0 0 0 1 0 
1 0 0 0 0 0 0 0 0 0 
0 0 0 0 1 0 0 0 0 0 
1 0 0 0 0 0 0 0 0 0 
1 0 0 0 0 0 0 0 0 0 
0 0 0 0 0 1 0 0 0 0 
1 0 0 0 0 0 0 0 0 0 
0 0 0 0 0 0 0 1 0 0 
1 0 0 0 0 0 0 0 0 0 

0
5 166
4 298
1 0 -1 1 0 0 0 0 0 s 
0 1 0 0 0 0 0 0 0 0 
0 0 0 1 0 0 0 0 0 0 
0 0 -1 2 0 0 0 0 0 2*s 
0 2 2 0 -1 2 -2 0 0 4*m1^2 
0 0 0 0 0 1 0 0 0 0 
0 2 -1 1 0 -1 1 0 -1 s+2*m1^2 
0 0 0 0 0 0 0 0 1 0 
2 0 0 0 0 0 0 -1 0 0 

0
5 167
4 327
1 0 0 0 0 0 0 0 0 0 
0 1 0 0 0 0 0 0 0 0 
0 0 1 0 0 0 0 0 0 0 
0 0 0 1 0 0 0 0 0 0 
0 2 2 0 -1 1 -1 0 0 -s+4*m1^2 
0 0 0 0 0 0 1 0 0 0 
0 2 -1 1 0 -1 1 0 -1 s+2*m1^2 
0 0 0 0 0 0 0 0 1 0 
2 0 1 -1 0 0 0 -1 0 0 

0
5 168
2 168
0 0 0 1 -1 0 0 0 1 s 
1 1 -1 0 0 0 0 0 0 s-m1^2 
0 0 0 2 -1 0 0 0 0 2*s 
0 0 0 1 0 0 0 0 0 0 
1 0 -1 0 1 1 0 0 -1 mm^2 
0 0 0 0 0 1 0 0 0 0 
2 1 -1 0 0 0 0 -1 0 0 
0 0 0 0 0 0 0 1 0 0 
0 0 0 1 -2 0 1 0 1 2*s-m1^2+mm^2-t 

1
5 169
2 424
0 0 0 0 0 0 0 0 1 0 
1 0 0 0 0 0 0 0 0 0 
1 0 0 0 0 0 0 0 0 0 
0 0 0 1 0 0 0 0 0 0 
1 0 0 0 0 0 0 0 0 0 
0 0 0 0 0 1 0 0 0 0 
1 0 0 0 0 0 0 0 0 0 
0 0 0 0 0 0 0 1 0 0 
1 0 0 0 0 0 0 0 0 0 

0
5 170
4 330
1 0 0 0 0 0 0 0 0 0 
0 1 0 0 0 0 0 0 0 0 
0 0 1 0 0 0 0 0 0 0 
0 0 0 1 0 0 0 0 0 0 
0 2 2 0 -1 1 -1 0 0 -s+4*m1^2 
0 0 0 0 0 0 1 0 0 0 
0 2 -1 1 0 -1 1 0 -1 s+2*m1^2 
0 0 0 0 0 0 0 0 1 0 
2 0 1 -1 0 0 0 -1 0 0 

0
5 171
4 331
1 0 0 0 0 0 0 0 0 0 
0 1 0 0 0 0 0 0 0 0 
0 0 1 0 0 0 0 0 0 0 
0 0 0 1 0 0 0 0 0 0 
0 2 2 0 -1 1 -1 0 0 -s+4*m1^2 
0 0 0 0 0 0 1 0 0 0 
0 2 -1 1 0 -1 1 0 -1 s+2*m1^2 
0 0 0 0 0 0 0 0 1 0 
2 0 1 -1 0 0 0 -1 0 0 

1
5 172
2 184
1 0 0 0 0 0 0 0 0 0 
1 0 0 0 0 0 0 0 0 0 
0 0 0 0 1 0 0 0 0 0 
0 0 0 1 0 0 0 0 0 0 
1 0 0 0 0 0 0 0 0 0 
0 0 0 0 0 1 0 0 0 0 
1 0 0 0 0 0 0 0 0 0 
0 0 0 0 0 0 0 1 0 0 
1 0 0 0 0 0 0 0 0 0 

1
5 173
2 440
0 0 0 0 0 0 0 0 1 0 
1 0 0 0 0 0 0 0 0 0 
0 0 0 0 1 0 0 0 0 0 
0 0 0 1 0 0 0 0 0 0 
1 0 0 0 0 0 0 0 0 0 
0 0 0 0 0 1 0 0 0 0 
1 0 0 0 0 0 0 0 0 0 
0 0 0 0 0 0 0 1 0 0 
1 0 0 0 0 0 0 0 0 0 

0
5 174
4 334
1 0 0 0 0 0 0 0 0 0 
0 1 0 0 0 0 0 0 0 0 
0 0 1 0 0 0 0 0 0 0 
0 0 0 1 0 0 0 0 0 0 
0 2 2 0 -1 1 -1 0 0 -s+4*m1^2 
0 0 0 0 0 0 1 0 0 0 
0 2 -1 1 0 -1 1 0 -1 s+2*m1^2 
0 0 0 0 0 0 0 0 1 0 
2 0 1 -1 0 0 0 -1 0 0 

0
5 175
4 335
1 0 0 0 0 0 0 0 0 0 
0 1 0 0 0 0 0 0 0 0 
0 0 1 0 0 0 0 0 0 0 
0 0 0 1 0 0 0 0 0 0 
0 2 2 0 -1 1 -1 0 0 -s+4*m1^2 
0 0 0 0 0 0 1 0 0 0 
0 2 -1 1 0 -1 1 0 -1 s+2*m1^2 
0 0 0 0 0 0 0 0 1 0 
2 0 1 -1 0 0 0 -1 0 0 

1
5 178
3 387
0 0 1 0 0 0 0 0 0 0 
1 0 0 0 0 0 0 0 0 0 
0 0 1 0 0 0 0 0 0 0 
0 0 1 0 0 0 0 0 0 0 
0 1 0 0 0 0 0 0 0 0 
0 0 0 0 0 0 0 1 0 0 
0 0 1 0 0 0 0 0 0 0 
0 0 0 0 0 0 0 0 1 0 
0 0 1 0 0 0 0 0 0 0 

0
5 200
5 196
1 0 1 -1 0 0 0 0 0 s 
0 1 0 0 0 0 0 0 0 0 
0 0 2 -1 0 0 0 0 0 2*s 
0 0 1 0 0 0 0 0 0 0 
0 -2 1 -1 1 0 1 1 0 -2*m1^2 
0 -2 1 -1 0 1 1 1 0 s-2*m1^2 
0 0 0 0 0 0 1 0 0 0 
0 0 0 0 0 0 0 1 0 0 
0 0 1 -1 0 0 0 0 1 2*s 

1
5 201
5 197
1 0 0 0 0 0 0 0 0 0 
0 1 0 0 0 0 0 0 0 0 
0 1 0 0 0 0 0 0 0 0 
0 0 1 0 0 0 0 0 0 0 
0 1 0 0 0 0 0 0 0 0 
0 1 0 0 0 0 0 0 0 0 
0 0 0 0 0 0 1 0 0 0 
0 0 0 0 0 0 0 1 0 0 
0 1 0 0 0 0 0 0 0 0 

0
5 202
5 198
1 0 1 -1 0 0 0 0 0 s 
0 1 0 0 0 0 0 0 0 0 
0 0 2 -1 0 0 0 0 0 2*s 
0 0 1 0 0 0 0 0 0 0 
0 -2 1 -1 1 0 1 1 0 -2*m1^2 
0 -2 1 -1 0 1 1 1 0 s-2*m1^2 
0 0 0 0 0 0 1 0 0 0 
0 0 0 0 0 0 0 1 0 0 
0 0 1 -1 0 0 0 0 1 2*s 

1
5 203
5 199
1 0 0 0 0 0 0 0 0 0 
0 1 0 0 0 0 0 0 0 0 
0 0 0 1 0 0 0 0 0 0 
0 0 1 0 0 0 0 0 0 0 
0 0 0 1 0 0 0 0 0 0 
0 0 0 1 0 0 0 0 0 0 
0 0 0 0 0 0 1 0 0 0 
0 0 0 0 0 0 0 1 0 0 
0 0 0 1 0 0 0 0 0 0 

0
5 262
0 81
0 1 0 0 0 0 1 0 -1 s 
1 0 0 0 0 0 0 0 0 0 
0 0 0 0 0 0 1 0 0 0 
0 0 0 0 0 0 2 0 -1 2*s 
-1 -1 1 0 0 2 2 -1 -1 m1^2+mm^2 
-1 0 1 0 0 1 1 0 -1 0 
2 0 0 -1 0 0 0 0 0 2*m1^2 
1 0 0 1 0 -1 0 0 0 s+m1^2 
0 0 0 0 1 0 0 0 0 0 

1
5 263
0 83
0 1 0 0 0 0 0 0 0 0 
1 0 0 0 0 0 0 0 0 0 
0 0 0 0 0 0 1 0 0 0 
0 0 1 0 0 0 0 0 0 0 
0 0 1 0 0 0 0 0 0 0 
0 0 1 0 0 0 0 0 0 0 
0 0 1 0 0 0 0 0 0 0 
0 0 1 0 0 0 0 0 0 0 
0 0 0 0 1 0 0 0 0 0 

1
5 266
0 273
0 1 0 0 0 0 0 0 0 0 
1 0 0 0 0 0 0 0 0 0 
0 1 0 0 0 0 0 0 0 0 
0 0 0 0 0 0 0 0 1 0 
0 1 0 0 0 0 0 0 0 0 
0 1 0 0 0 0 0 0 0 0 
0 1 0 0 0 0 0 0 0 0 
0 1 0 0 0 0 0 0 0 0 
0 0 0 0 1 0 0 0 0 0 

1
5 267
0 275
0 1 0 0 0 0 0 0 0 0 
1 0 0 0 0 0 0 0 0 0 
0 0 1 0 0 0 0 0 0 0 
0 0 0 0 0 0 0 0 1 0 
0 0 1 0 0 0 0 0 0 0 
0 0 1 0 0 0 0 0 0 0 
0 0 1 0 0 0 0 0 0 0 
0 0 1 0 0 0 0 0 0 0 
0 0 0 0 1 0 0 0 0 0 

1
5 270
0 337
0 1 0 0 0 0 0 0 0 0 
1 0 0 0 0 0 0 0 0 0 
0 0 0 0 0 0 1 0 0 0 
0 0 0 0 0 0 0 0 1 0 
0 1 0 0 0 0 0 0 0 0 
0 1 0 0 0 0 0 0 0 0 
0 1 0 0 0 0 0 0 0 0 
0 1 0 0 0 0 0 0 0 0 
0 0 0 0 1 0 0 0 0 0 

1
5 271
0 339
0 1 0 0 0 0 0 0 0 0 
1 0 0 0 0 0 0 0 0 0 
0 0 0 0 0 0 1 0 0 0 
0 0 0 0 0 0 0 0 1 0 
0 0 1 0 0 0 0 0 0 0 
0 0 1 0 0 0 0 0 0 0 
0 0 1 0 0 0 0 0 0 0 
0 0 1 0 0 0 0 0 0 0 
0 0 0 0 1 0 0 0 0 0 

1
5 274
0 148
1 0 0 0 0 0 0 0 0 0 
0 0 1 0 0 0 0 0 0 0 
1 0 0 0 0 0 0 0 0 0 
1 0 0 0 0 0 0 0 0 0 
0 0 0 0 1 0 0 0 0 0 
1 0 0 0 0 0 0 0 0 0 
1 0 0 0 0 0 0 0 0 0 
1 0 0 0 0 0 0 0 0 0 
0 0 0 0 0 0 0 1 0 0 

1
5 275
0 150
0 1 0 0 0 0 0 0 0 0 
0 0 1 0 0 0 0 0 0 0 
1 0 0 0 0 0 0 0 0 0 
1 0 0 0 0 0 0 0 0 0 
0 0 0 0 0 0 0 1 0 0 
1 0 0 0 0 0 0 0 0 0 
1 0 0 0 0 0 0 0 0 0 
1 0 0 0 0 0 0 0 0 0 
0 0 0 0 1 0 0 0 0 0 

1
5 278
0 212
1 0 0 0 0 0 0 0 0 0 
0 0 1 0 0 0 0 0 0 0 
0 0 0 0 0 0 1 0 0 0 
1 0 0 0 0 0 0 0 0 0 
0 0 0 0 0 0 0 1 0 0 
1 0 0 0 0 0 0 0 0 0 
1 0 0 0 0 0 0 0 0 0 
1 0 0 0 0 0 0 0 0 0 
0 0 0 0 1 0 0 0 0 0 

1
5 279
0 214
0 1 0 0 0 0 0 0 0 0 
0 0 1 0 0 0 0 0 0 0 
0 0 0 0 0 0 1 0 0 0 
1 0 0 0 0 0 0 0 0 0 
0 0 0 0 0 0 0 1 0 0 
1 0 0 0 0 0 0 0 0 0 
1 0 0 0 0 0 0 0 0 0 
1 0 0 0 0 0 0 0 0 0 
0 0 0 0 1 0 0 0 0 0 

1
5 282
0 404
1 0 0 0 0 0 0 0 0 0 
0 0 1 0 0 0 0 0 0 0 
1 0 0 0 0 0 0 0 0 0 
0 0 0 0 0 0 0 0 1 0 
0 0 0 0 0 0 0 1 0 0 
1 0 0 0 0 0 0 0 0 0 
1 0 0 0 0 0 0 0 0 0 
1 0 0 0 0 0 0 0 0 0 
0 0 0 0 1 0 0 0 0 0 

1
5 283
0 406
0 1 0 0 0 0 0 0 0 0 
0 0 1 0 0 0 0 0 0 0 
1 0 0 0 0 0 0 0 0 0 
0 0 0 0 0 0 0 0 1 0 
0 0 0 0 0 0 0 1 0 0 
1 0 0 0 0 0 0 0 0 0 
1 0 0 0 0 0 0 0 0 0 
1 0 0 0 0 0 0 0 0 0 
0 0 0 0 1 0 0 0 0 0 

1
5 286
0 468
1 0 0 0 0 0 0 0 0 0 
0 0 1 0 0 0 0 0 0 0 
0 0 0 0 0 0 1 0 0 0 
0 0 0 0 0 0 0 0 1 0 
0 0 0 0 0 0 0 1 0 0 
1 0 0 0 0 0 0 0 0 0 
1 0 0 0 0 0 0 0 0 0 
1 0 0 0 0 0 0 0 0 0 
0 0 0 0 1 0 0 0 0 0 

1
5 287
0 470
0 1 0 0 0 0 0 0 0 0 
0 0 1 0 0 0 0 0 0 0 
0 0 0 0 0 0 1 0 0 0 
0 0 0 0 0 0 0 0 1 0 
0 0 0 0 0 0 0 1 0 0 
1 0 0 0 0 0 0 0 0 0 
1 0 0 0 0 0 0 0 0 0 
1 0 0 0 0 0 0 0 0 0 
0 0 0 0 1 0 0 0 0 0 

1
5 290
0 14
1 0 0 0 0 0 0 0 0 0 
0 0 1 0 0 0 0 0 0 0 
1 0 0 0 0 0 0 0 0 0 
1 0 0 0 0 0 0 0 0 0 
1 0 0 0 0 0 0 0 0 0 
0 1 0 0 0 0 0 0 0 0 
1 0 0 0 0 0 0 0 0 0 
1 0 0 0 0 0 0 0 0 0 
0 0 0 1 0 0 0 0 0 0 

1
5 291
0 30
0 1 0 0 0 0 0 0 0 0 
0 0 1 0 0 0 0 0 0 0 
1 0 0 0 0 0 0 0 0 0 
1 0 0 0 0 0 0 0 0 0 
1 0 0 0 0 0 0 0 0 0 
0 0 0 1 0 0 0 0 0 0 
1 0 0 0 0 0 0 0 0 0 
1 0 0 0 0 0 0 0 0 0 
0 0 0 0 1 0 0 0 0 0 

1
5 306
3 390
1 0 0 0 0 0 0 0 0 0 
0 0 1 0 0 0 0 0 0 0 
1 0 0 0 0 0 0 0 0 0 
1 0 0 0 0 0 0 0 0 0 
0 0 0 0 0 0 0 1 0 0 
0 1 0 0 0 0 0 0 0 0 
1 0 0 0 0 0 0 0 0 0 
1 0 0 0 0 0 0 0 0 0 
0 0 0 0 0 0 0 0 1 0 

0
5 308
0 240
0 1 0 0 0 0 1 0 -1 s 
-2 0 1 0 0 2 2 0 -2 2*s-2*m1^2 
0 0 0 0 0 0 1 0 0 0 
0 0 0 0 0 0 2 0 -1 2*s 
0 0 0 0 0 0 0 1 0 0 
0 0 0 0 0 1 0 0 0 0 
-3 -1 1 1 1 2 2 0 -2 4*s-2*m1^2 
-2 1 1 -1 -1 3 3 0 -3 3*s-m1^2 
0 0 0 0 1 0 0 0 0 0 

1
5 309
0 242
0 1 0 0 0 0 0 0 0 0 
1 0 0 0 0 0 0 0 0 0 
0 0 0 0 0 0 1 0 0 0 
1 0 0 0 0 0 0 0 0 0 
0 0 0 0 0 1 0 0 0 0 
0 0 0 0 0 0 0 1 0 0 
1 0 0 0 0 0 0 0 0 0 
1 0 0 0 0 0 0 0 0 0 
0 0 0 0 1 0 0 0 0 0 

1
5 312
0 432
1 0 0 0 0 0 0 0 0 0 
1 0 0 0 0 0 0 0 0 0 
1 0 0 0 0 0 0 0 0 0 
0 0 0 0 0 0 0 0 1 0 
0 0 0 0 0 1 0 0 0 0 
0 0 0 0 0 0 0 1 0 0 
1 0 0 0 0 0 0 0 0 0 
1 0 0 0 0 0 0 0 0 0 
0 0 0 0 1 0 0 0 0 0 

1
5 313
0 434
0 1 0 0 0 0 0 0 0 0 
1 0 0 0 0 0 0 0 0 0 
1 0 0 0 0 0 0 0 0 0 
0 0 0 0 0 0 0 0 1 0 
0 0 0 0 0 1 0 0 0 0 
0 0 0 0 0 0 0 1 0 0 
1 0 0 0 0 0 0 0 0 0 
1 0 0 0 0 0 0 0 0 0 
0 0 0 0 1 0 0 0 0 0 

1
5 316
0 496
1 0 0 0 0 0 0 0 0 0 
1 0 0 0 0 0 0 0 0 0 
0 0 0 0 0 0 1 0 0 0 
0 0 0 0 0 0 0 0 1 0 
0 0 0 0 0 1 0 0 0 0 
0 0 0 0 0 0 0 1 0 0 
1 0 0 0 0 0 0 0 0 0 
1 0 0 0 0 0 0 0 0 0 
0 0 0 0 1 0 0 0 0 0 

1
5 317
0 498
0 1 0 0 0 0 0 0 0 0 
1 0 0 0 0 0 0 0 0 0 
0 0 0 0 0 0 1 0 0 0 
0 0 0 0 0 0 0 0 1 0 
0 0 0 0 0 1 0 0 0 0 
0 0 0 0 0 0 0 1 0 0 
1 0 0 0 0 0 0 0 0 0 
1 0 0 0 0 0 0 0 0 0 
0 0 0 0 1 0 0 0 0 0 

0
5 326
0 89
0 1 0 0 0 0 1 0 -1 s 
1 0 0 0 0 0 0 0 0 0 
0 0 0 0 0 0 1 0 0 0 
0 0 0 0 0 0 2 0 -1 2*s 
3 1 -1 0 0 -2 2 1 -1 4*s+3*m1^2-mm^2 
3 2 -1 0 0 -1 1 0 -1 2*s+2*m1^2 
0 0 0 1 0 0 0 0 0 0 
1 0 0 -1 0 1 0 0 0 -s+m1^2 
0 0 0 0 1 0 0 0 0 0 

1
5 327
0 91
0 1 0 0 0 0 0 0 0 0 
1 0 0 0 0 0 0 0 0 0 
0 0 0 0 0 0 1 0 0 0 
0 0 1 0 0 0 0 0 0 0 
0 0 1 0 0 0 0 0 0 0 
0 0 1 0 0 0 0 0 0 0 
0 0 0 1 0 0 0 0 0 0 
0 0 1 0 0 0 0 0 0 0 
0 0 0 0 1 0 0 0 0 0 

1
5 330
0 281
0 1 0 0 0 0 0 0 0 0 
1 0 0 0 0 0 0 0 0 0 
0 1 0 0 0 0 0 0 0 0 
0 0 0 0 0 0 0 0 1 0 
0 1 0 0 0 0 0 0 0 0 
0 1 0 0 0 0 0 0 0 0 
0 0 0 1 0 0 0 0 0 0 
0 1 0 0 0 0 0 0 0 0 
0 0 0 0 1 0 0 0 0 0 

1
5 331
0 283
0 1 0 0 0 0 0 0 0 0 
1 0 0 0 0 0 0 0 0 0 
0 0 1 0 0 0 0 0 0 0 
0 0 0 0 0 0 0 0 1 0 
0 0 1 0 0 0 0 0 0 0 
0 0 1 0 0 0 0 0 0 0 
0 0 0 1 0 0 0 0 0 0 
0 0 1 0 0 0 0 0 0 0 
0 0 0 0 1 0 0 0 0 0 

1
5 334
0 345
0 1 0 0 0 0 0 0 0 0 
1 0 0 0 0 0 0 0 0 0 
0 0 0 0 0 0 1 0 0 0 
0 0 0 0 0 0 0 0 1 0 
0 1 0 0 0 0 0 0 0 0 
0 1 0 0 0 0 0 0 0 0 
0 0 0 1 0 0 0 0 0 0 
0 1 0 0 0 0 0 0 0 0 
0 0 0 0 1 0 0 0 0 0 

1
5 335
0 347
0 1 0 0 0 0 0 0 0 0 
1 0 0 0 0 0 0 0 0 0 
0 0 0 0 0 0 1 0 0 0 
0 0 0 0 0 0 0 0 1 0 
0 0 1 0 0 0 0 0 0 0 
0 0 1 0 0 0 0 0 0 0 
0 0 0 1 0 0 0 0 0 0 
0 0 1 0 0 0 0 0 0 0 
0 0 0 0 1 0 0 0 0 0 

0
5 352
4 448
0 1 0 0 0 0 0 0 0 m1^2 
1 0 0 0 0 0 0 0 0 -m1^2 
1 3 1 0 -1 0 -1 0 0 3*m1^2+mm^2 
1 3 2 -1 -1 1 -2 0 0 -s+3*m1^2+mm^2 
0 2 2 0 -1 1 -1 0 0 -s+4*m1^2 
0 0 0 0 0 0 1 0 0 0 
0 0 0 0 0 0 0 1 0 0 
2 0 1 -1 0 0 0 -1 0 0 
0 0 0 0 0 0 0 0 1 0 

1
5 353
4 449
1 0 0 0 0 0 0 0 0 0 
0 1 0 0 0 0 0 0 0 0 
0 1 0 0 0 0 0 0 0 0 
0 1 0 0 0 0 0 0 0 0 
0 1 0 0 0 0 0 0 0 0 
0 0 0 0 0 0 1 0 0 0 
0 0 0 0 0 0 0 0 1 0 
0 1 0 0 0 0 0 0 0 0 
0 0 0 0 0 0 0 1 0 0 

1
5 354
4 450
1 0 0 0 0 0 0 0 0 0 
0 1 0 0 0 0 0 0 0 0 
1 0 0 0 0 0 0 0 0 0 
1 0 0 0 0 0 0 0 0 0 
1 0 0 0 0 0 0 0 0 0 
0 0 0 0 0 0 1 0 0 0 
0 0 0 0 0 0 0 0 1 0 
1 0 0 0 0 0 0 0 0 0 
0 0 0 0 0 0 0 1 0 0 

1
5 355
4 451
1 0 0 0 0 0 0 0 0 0 
0 1 0 0 0 0 0 0 0 0 
0 0 1 0 0 0 0 0 0 0 
0 0 1 0 0 0 0 0 0 0 
0 0 1 0 0 0 0 0 0 0 
0 0 0 0 0 0 1 0 0 0 
0 0 0 0 0 0 0 0 1 0 
0 0 1 0 0 0 0 0 0 0 
0 0 0 0 0 0 0 1 0 0 

1
5 390
0 89
0 1 0 0 0 0 0 0 0 0 
1 0 0 0 0 0 0 0 0 0 
0 0 0 0 0 0 1 0 0 0 
0 1 0 0 0 0 0 0 0 0 
0 1 0 0 0 0 0 0 0 0 
0 1 0 0 0 0 0 0 0 0 
0 1 0 0 0 0 0 0 0 0 
0 0 0 1 0 0 0 0 0 0 
0 0 0 0 1 0 0 0 0 0 

1
5 391
0 91
0 1 0 0 0 0 0 0 0 0 
1 0 0 0 0 0 0 0 0 0 
0 0 0 0 0 0 1 0 0 0 
0 0 1 0 0 0 0 0 0 0 
0 0 1 0 0 0 0 0 0 0 
0 0 1 0 0 0 0 0 0 0 
0 0 1 0 0 0 0 0 0 0 
0 0 0 1 0 0 0 0 0 0 
0 0 0 0 1 0 0 0 0 0 

1
5 394
0 281
0 1 0 0 0 0 0 0 0 0 
1 0 0 0 0 0 0 0 0 0 
0 1 0 0 0 0 0 0 0 0 
0 0 0 0 0 0 0 0 1 0 
0 1 0 0 0 0 0 0 0 0 
0 1 0 0 0 0 0 0 0 0 
0 1 0 0 0 0 0 0 0 0 
0 0 0 1 0 0 0 0 0 0 
0 0 0 0 1 0 0 0 0 0 

1
5 395
0 283
0 1 0 0 0 0 0 0 0 0 
1 0 0 0 0 0 0 0 0 0 
0 0 1 0 0 0 0 0 0 0 
0 0 0 0 0 0 0 0 1 0 
0 0 1 0 0 0 0 0 0 0 
0 0 1 0 0 0 0 0 0 0 
0 0 1 0 0 0 0 0 0 0 
0 0 0 1 0 0 0 0 0 0 
0 0 0 0 1 0 0 0 0 0 

1
5 398
0 345
0 1 0 0 0 0 0 0 0 0 
1 0 0 0 0 0 0 0 0 0 
0 0 0 0 0 0 1 0 0 0 
0 0 0 0 0 0 0 0 1 0 
0 1 0 0 0 0 0 0 0 0 
0 1 0 0 0 0 0 0 0 0 
0 1 0 0 0 0 0 0 0 0 
0 0 0 1 0 0 0 0 0 0 
0 0 0 0 1 0 0 0 0 0 

1
5 399
0 347
0 1 0 0 0 0 0 0 0 0 
1 0 0 0 0 0 0 0 0 0 
0 0 0 0 0 0 1 0 0 0 
0 0 0 0 0 0 0 0 1 0 
0 0 1 0 0 0 0 0 0 0 
0 0 1 0 0 0 0 0 0 0 
0 0 1 0 0 0 0 0 0 0 
0 0 0 1 0 0 0 0 0 0 
0 0 0 0 1 0 0 0 0 0 

1
5 418
4 323
0 0 1 0 0 0 0 0 0 0 
0 1 0 0 0 0 0 0 0 0 
0 0 1 0 0 0 0 0 0 0 
0 0 1 0 0 0 0 0 0 0 
0 0 1 0 0 0 0 0 0 0 
1 0 0 0 0 0 0 0 0 0 
0 0 1 0 0 0 0 0 0 0 
0 0 0 0 0 0 0 0 1 0 
0 0 0 0 0 0 1 0 0 0 

