B12[0, -1, 1, 1, 1, 1, 0, 0, 0]
B12[0, 0, 1, 0, 1, 1, 0, 0, 0]
B12[0, 0, 1, 1, 0, 1, 0, 0, 0]
B12[0, 0, 1, 1, 1, 0, 0, 0, 0]
B12[0, 0, 1, 1, 1, 1, -1, 0, 0]
B12[0, 0, 1, 1, 1, 1, 0, 0, -1]
B12[0, 0, 1, 1, 1, 1, 0, 0, 0]
B12[0, 1, 0, 0, 1, 1, 0, 0, 0]
B12[0, 1, 1, -1, 1, 1, 0, 0, 0]
B12[0, 1, 1, 0, 0, 1, 0, 0, 0]
B12[0, 1, 1, 0, 1, 1, -1, 0, 0]
B12[0, 1, 1, 0, 1, 1, 0, 0, -1]
B12[0, 1, 1, 0, 1, 1, 0, 0, 0]
B12[1, -1, 0, 1, 1, 1, 0, 0, 0]
B12[1, -1, 1, 1, 1, 0, 0, 0, 0]
B12[1, -1, 1, 1, 1, 1, 0, -1, 0]
B12[1, -1, 1, 1, 1, 1, 0, 0, 0]
B12[1, 0, 0, 0, 1, 1, 0, 0, 0]
B12[1, 0, 0, 1, 0, 1, 0, 0, 0]
B12[1, 0, 0, 1, 1, 0, 0, 0, 0]
B12[1, 0, 0, 1, 1, 1, -1, 0, 0]
B12[1, 0, 0, 1, 1, 1, 0, 0, -1]
B12[1, 0, 0, 1, 1, 1, 0, 0, 0]
B12[1, 0, 1, 0, 1, 0, 0, 0, 0]
B12[1, 0, 1, 0, 1, 1, 0, -1, 0]
B12[1, 0, 1, 0, 1, 1, 0, 0, 0]
B12[1, 0, 1, 1, 0, 0, 0, 0, 0]
B12[1, 0, 1, 1, 0, 1, 0, -1, 0]
B12[1, 0, 1, 1, 1, -1, 0, 0, 0]
B12[1, 0, 1, 1, 1, 0, -1, 0, 0]
B12[1, 0, 1, 1, 1, 0, 0, -1, 0]
B12[1, 0, 1, 1, 1, 0, 0, 0, -1]
B12[1, 0, 1, 1, 1, 0, 0, 0, 0]
B12[1, 0, 1, 1, 1, 1, -1, -1, 0]
B12[1, 0, 1, 1, 1, 1, -1, 0, 0]
B12[1, 0, 1, 1, 1, 1, 0, -1, 0]
B12[1, 0, 1, 1, 1, 1, 0, 0, -1]
B12[1, 0, 1, 1, 1, 1, 0, 0, 0]
B12[1, 1, -1, 0, 1, 1, 0, 0, 0]
B12[1, 1, 0, -1, 1, 1, 0, 0, 0]
B12[1, 1, 0, 0, 0, 1, 0, 0, 0]
B12[1, 1, 0, 0, 1, 0, 0, 0, 0]
B12[1, 1, 0, 0, 1, 1, -1, 0, 0]
B12[1, 1, 0, 0, 1, 1, 0, -1, 0]
B12[1, 1, 0, 0, 1, 1, 0, 0, -1]
B12[1, 1, 0, 0, 1, 1, 0, 0, 0]
B12[1, 1, 1, -1, 1, 1, 0, -1, 0]
B12[1, 1, 1, -1, 1, 1, 0, 0, 0]
B12[1, 1, 1, 0, 0, 0, 0, 0, 0]
B12[1, 1, 1, 0, 0, 1, 0, -1, 0]
B12[1, 1, 1, 0, 1, 0, -1, 0, 0]
B12[1, 1, 1, 0, 1, 0, 0, 0, -1]
B12[1, 1, 1, 0, 1, 0, 0, 0, 0]
B12[1, 1, 1, 0, 1, 1, -1, -1, 0]
B12[1, 1, 1, 0, 1, 1, -1, 0, 0]
B12[1, 1, 1, 0, 1, 1, 0, -1, 0]
B12[1, 1, 1, 0, 1, 1, 0, 0, -1]
B12[1, 1, 1, 0, 1, 1, 0, 0, 0]