D16[0, -1, 1, 1, 1, 1, 0, 0, 0]
D16[0, 0, 1, 0, 1, 1, 0, 0, 0]
D16[0, 0, 1, 1, 1, 0, 0, 0, 0]
D16[0, 0, 1, 1, 1, 1, 0, 0, -1]
D16[0, 0, 1, 1, 1, 1, 0, 0, 0]
D16[0, 1, 1, -1, 1, 1, 0, 0, 0]
D16[0, 1, 1, 0, 1, 0, 0, 0, 0]
D16[0, 1, 1, 0, 1, 1, 0, 0, -1]
D16[0, 1, 1, 0, 1, 1, 0, 0, 0]
D16[0, 1, 1, 1, 1, -1, 0, 0, 0]
D16[0, 1, 1, 1, 1, 0, 0, 0, -1]
D16[0, 1, 1, 1, 1, 0, 0, 0, 0]
D16[0, 1, 1, 1, 1, 1, 0, 0, -2]
D16[0, 1, 1, 1, 1, 1, 0, 0, -1]
D16[0, 1, 1, 1, 1, 1, 0, 0, 0]
D16[1, -1, 1, 1, 1, 1, -1, 0, 0]
D16[1, -1, 1, 1, 1, 1, 0, -1, 0]
D16[1, -1, 1, 1, 1, 1, 0, 0, 0]
D16[1, 0, 0, 1, 1, 1, 0, 0, 0]
D16[1, 0, 1, 0, 1, 1, -1, 0, 0]
D16[1, 0, 1, 0, 1, 1, 0, -1, 0]
D16[1, 0, 1, 0, 1, 1, 0, 0, 0]
D16[1, 0, 1, 1, 0, 1, 0, 0, 0]
D16[1, 0, 1, 1, 1, 0, -1, 0, 0]
D16[1, 0, 1, 1, 1, 0, 0, -1, 0]
D16[1, 0, 1, 1, 1, 0, 0, 0, 0]
D16[1, 0, 1, 1, 1, 1, -1, 0, -1]
D16[1, 0, 1, 1, 1, 1, -1, 0, 0]
D16[1, 0, 1, 1, 1, 1, 0, -1, -1]
D16[1, 0, 1, 1, 1, 1, 0, -1, 0]
D16[1, 0, 1, 1, 1, 1, 0, 0, -1]
D16[1, 0, 1, 1, 1, 1, 0, 0, 0]
D16[1, 1, 0, 0, 1, 1, 0, 0, 0]
D16[1, 1, 0, 1, 1, 0, 0, 0, 0]
D16[1, 1, 0, 1, 1, 1, 0, 0, -1]
D16[1, 1, 0, 1, 1, 1, 0, 0, 0]
D16[1, 1, 1, -1, 1, 1, -1, 0, 0]
D16[1, 1, 1, -1, 1, 1, 0, 0, 0]
D16[1, 1, 1, 0, 0, 1, 0, 0, 0]
D16[1, 1, 1, 0, 1, 0, -1, 0, 0]
D16[1, 1, 1, 0, 1, 0, 0, 0, 0]
D16[1, 1, 1, 0, 1, 1, -1, 0, -1]
D16[1, 1, 1, 0, 1, 1, -1, 0, 0]
D16[1, 1, 1, 0, 1, 1, 0, -1, -1]
D16[1, 1, 1, 0, 1, 1, 0, -1, 0]
D16[1, 1, 1, 0, 1, 1, 0, 0, -1]
D16[1, 1, 1, 0, 1, 1, 0, 0, 0]
D16[1, 1, 1, 1, 0, 0, 0, 0, 0]
D16[1, 1, 1, 1, 0, 1, 0, 0, -1]
D16[1, 1, 1, 1, 0, 1, 0, 0, 0]
D16[1, 1, 1, 1, 1, -1, -1, 0, 0]
D16[1, 1, 1, 1, 1, -1, 0, 0, 0]
D16[1, 1, 1, 1, 1, 0, -1, 0, -1]
D16[1, 1, 1, 1, 1, 0, -1, 0, 0]
D16[1, 1, 1, 1, 1, 0, 0, -1, -1]
D16[1, 1, 1, 1, 1, 0, 0, -1, 0]
D16[1, 1, 1, 1, 1, 0, 0, 0, -1]
D16[1, 1, 1, 1, 1, 0, 0, 0, 0]
D16[1, 1, 1, 1, 1, 1, -1, 0, -2]
D16[1, 1, 1, 1, 1, 1, -1, 0, -1]
D16[1, 1, 1, 1, 1, 1, -1, 0, 0]
D16[1, 1, 1, 1, 1, 1, 0, -1, -2]
D16[1, 1, 1, 1, 1, 1, 0, -1, -1]
D16[1, 1, 1, 1, 1, 1, 0, -1, 0]
D16[1, 1, 1, 1, 1, 1, 0, 0, -2]
D16[1, 1, 1, 1, 1, 1, 0, 0, -1]
D16[1, 1, 1, 1, 1, 1, 0, 0, 0]
D16[1, -1, 0, 1, 1, 1, 0, 0, 0]
D16[1, -1, 1, 0, 1, 1, 0, 0, 0]
D16[1, -1, 1, 1, 0, 1, 0, 0, 0]
D16[1, 0, 0, 0, 1, 1, 0, 0, 0]
D16[1, 0, 0, 1, 1, 0, 0, 0, 0]
D16[1, 0, 0, 1, 1, 1, 0, 0, -1]
D16[1, 0, 1, -1, 1, 1, 0, 0, 0]
D16[1, 0, 1, 0, 0, 1, 0, 0, 0]
D16[1, 0, 1, 0, 1, 0, 0, 0, 0]
D16[1, 0, 1, 0, 1, 1, 0, 0, -1]
D16[1, 0, 1, 1, 0, 0, 0, 0, 0]
D16[1, 0, 1, 1, 0, 1, 0, 0, -1]
D16[1, 1, 0, -1, 1, 1, 0, 0, 0]
D16[1, 1, 0, 0, 1, 0, 0, 0, 0]
D16[1, 1, 0, 0, 1, 1, 0, 0, -1]
D16[1, 1, 0, 1, 1, -1, 0, 0, 0]
D16[1, 1, 0, 1, 1, 0, 0, 0, -1]
D16[1, 1, 0, 1, 1, 1, 0, 0, -2]
D16[1, 1, 1, -2, 1, 1, 0, 0, 0]
D16[1, 1, 1, -1, 0, 1, 0, 0, 0]
D16[1, 1, 1, -1, 1, 0, 0, 0, 0]
D16[1, 1, 1, -1, 1, 1, 0, -1, 0]
D16[1, 1, 1, -1, 1, 1, 0, 0, -1]
D16[1, 1, 1, 0, 0, 0, 0, 0, 0]
D16[1, 1, 1, 0, 0, 1, 0, 0, -1]
D16[1, 1, 1, 0, 1, -1, 0, 0, 0]
D16[1, 1, 1, 0, 1, 0, 0, -1, 0]
D16[1, 1, 1, 0, 1, 0, 0, 0, -1]
D16[1, 1, 1, 0, 1, 1, 0, 0, -2]
D16[1, 1, 1, 1, 0, -1, 0, 0, 0]
D16[1, 1, 1, 1, 0, 0, 0, 0, -1]
D16[1, 1, 1, 1, 0, 1, 0, 0, -2]