A3[-1, 1, 1, 1]
A3[0, 0, 1, 1]
A3[0, 1, 0, 1]
A3[0, 1, 1, 0]
A3[0, 1, 1, 1]
A3[1, -1, 1, 1]
A3[1, 0, 0, 1]
A3[1, 0, 1, 0]
A3[1, 0, 1, 1]
A3[1, 1, -1, 1]
A3[1, 1, 0, 0]
A3[1, 1, 0, 1]
A3[1, 1, 1, -1]
A3[1, 1, 1, 0]
A3[1, 1, 1, 1]
A3[-1, 1, 1, 1]
A3[0, 0, 1, 1]
A3[0, 1, 0, 1]
A3[0, 1, 1, 0]
A3[0, 1, 1, 1]
A3[-2, 1, 2, 0]
A3[-2, 1, 2, 1]
A3[-1, 0, 2, 0]
A3[-1, 0, 2, 1]
A3[-1, 1, 1, 0]
A3[-1, 1, 2, -1]
A3[-1, 1, 2, 0]
A3[-1, 1, 2, 1]
A3[0, -1, 2, 0]
A3[0, 0, 1, 0]
A3[0, 0, 2, -1]
A3[0, 0, 2, 0]
A3[0, 0, 2, 1]
A3[0, 1, 0, 0]
A3[0, 1, 1, -1]
A3[0, 1, 2, -2]
A3[0, 1, 2, -1]
A3[0, 1, 2, 0]
A3[0, 1, 2, 1]
A3[-2, 1, 2, 0]
A3[-2, 1, 2, 1]
A3[-1, 0, 2, 0]
A3[-1, 0, 2, 1]
A3[-1, 1, 1, 0]
A3[-1, 1, 2, -1]
A3[-1, 1, 2, 0]
A3[-1, 1, 2, 1]
A3[0, -1, 2, 0]
A3[0, 0, 1, 0]
A3[0, 0, 2, -1]
A3[0, 0, 2, 0]
A3[0, 0, 2, 1]
A3[0, 1, 0, 0]
A3[0, 1, 1, -1]
A3[0, 1, 2, -2]
A3[0, 1, 2, -1]
A3[0, 1, 2, 0]
A3[0, 1, 2, 1]