0
3 2
1 4
1 -1 1 0 s+m1^2 
0 0 1 0 0 
0 -1 2 0 2*s+m1^2 
0 -1 1 1 s+m1^2 

1
3 3
1 5
1 0 0 0 0 
0 0 1 0 0 
0 1 0 0 0 
0 1 0 0 0 

0
3 4
1 4
1 0 0 0 0 
0 1 0 0 -m1^2 
0 0 1 0 0 
0 0 0 1 0 

0
3 5
1 5
1 0 0 0 0 
0 1 0 0 -m1^2 
0 0 1 0 0 
0 0 0 1 0 

0
3 9
0 9
1 0 0 0 0 
0 1 0 0 -m1^2 
0 0 1 0 -m1^2 
0 0 0 1 0 

1
3 10
1 5
0 1 0 0 0 
0 0 1 0 0 
0 1 0 0 0 
1 0 0 0 0 

1
3 11
1 13
1 0 0 0 0 
0 0 1 0 0 
0 1 0 0 0 
0 0 0 1 0 

1
3 12
1 5
0 1 0 0 0 
0 1 0 0 0 
0 0 1 0 0 
1 0 0 0 0 

0
3 13
1 13
1 0 0 0 0 
0 1 0 0 -m1^2 
0 0 1 0 0 
0 0 0 1 0 

1
3 14
3 7
0 0 0 1 0 
0 1 0 0 0 
0 0 1 0 0 
1 0 0 0 0 

