0
10 2
1 1
2 -1 0 0 2*m1^2 
1 0 0 0 0 
1 -1 1 0 s+m1^2 
1 0 1 -1 -m2^2+m1^2+t+mm^2 

0
10 3
1 3
0 1 0 0 0 
1 0 0 0 0 
1 1 -1 0 s+m1^2 
1 0 -1 1 -m2^2+m1^2-t+mm^2 

0
10 6
7 6
-1 1 1 0 -s+m1^2 
0 0 1 0 0 
0 1 0 0 0 
0 0 0 1 0 

1
10 7
7 7
1 0 0 0 0 
0 0 1 0 0 
0 1 0 0 0 
0 0 0 1 0 

0
10 8
6 2
-1 2 -1 1 -2*s+3*m2^2-m1^2-t+3*mm^2 
-1 1 0 1 -s+2*m2^2-2*m1^2+2*mm^2 
-1 2 0 0 2*m2^2-m1^2+2*mm^2 
0 1 0 0 0 

0
10 9
9 9
1 0 0 0 0 
0 1 0 0 -m1^2 
0 0 1 0 m1^2 
0 0 0 1 0 

1
10 10
6 3
0 0 1 0 0 
1 0 0 0 0 
0 0 1 0 0 
0 1 0 0 0 

1
10 11
9 13
1 0 0 0 0 
0 0 1 0 0 
0 1 0 0 0 
0 0 0 1 0 

0
10 12
7 10
-1 1 1 0 -s+m1^2 
0 0 1 0 0 
0 1 0 0 0 
0 0 0 1 0 

1
10 13
9 11
1 0 0 0 0 
0 0 1 0 0 
0 1 0 0 0 
0 0 0 1 0 

0
10 14
7 14
-1 1 1 0 -s+m1^2 
0 0 1 0 0 
0 1 0 0 0 
0 0 0 1 0 

1
10 15
9 15
1 0 0 0 0 
0 0 1 0 0 
0 1 0 0 0 
0 0 0 1 0 

