0
12 2
2 1
2 -1 0 0 2*m1^2 
1 0 0 0 0 
1 -1 1 0 s-m2^2+m1^2 
1 -1 0 1 m1^2-t 

0
12 3
2 3
0 1 0 0 0 
1 0 0 0 0 
1 1 -1 0 s-m2^2+m1^2 
1 1 0 -1 m1^2+t 

0
12 4
3 1
2 0 -1 0 2*m2^2 
1 1 -1 0 s+m2^2-m1^2 
1 0 0 0 0 
1 0 -1 1 m2^2-t 

1
12 5
3 3
0 1 0 0 0 
0 0 1 0 0 
1 0 0 0 0 
0 0 1 0 0 

0
12 6
11 6
-1 1 1 0 -s+m2^2+m1^2 
0 0 1 0 0 
0 1 0 0 0 
0 1 1 -1 -s+m2^2+m1^2 

1
12 7
11 7
1 0 0 0 0 
0 0 1 0 0 
0 1 0 0 0 
0 0 0 1 0 

0
12 9
0 9
1 0 0 0 0 
0 1 0 0 -m1^2 
0 0 1 0 -m2^2 
0 0 0 1 0 

1
12 10
2 3
0 0 1 0 0 
1 0 0 0 0 
0 0 1 0 0 
0 1 0 0 0 

1
12 11
4 13
1 0 0 0 0 
0 0 1 0 0 
0 1 0 0 0 
0 0 0 1 0 

1
12 12
3 3
0 0 1 0 0 
0 0 1 0 0 
1 0 0 0 0 
0 1 0 0 0 

1
12 13
11 11
1 0 0 0 0 
0 0 1 0 0 
0 1 0 0 0 
0 0 0 1 0 

1
12 14
11 7
0 0 0 1 0 
0 0 1 0 0 
0 1 0 0 0 
1 0 0 0 0 

1
12 15
11 15
1 0 0 0 0 
0 0 1 0 0 
0 1 0 0 0 
0 0 0 1 0 

