B44[-1, 0, 1, 1, 1, 1, 0]
B44[-1, 1, 1, 0, 1, 1, 0]
B44[-1, 1, 1, 1, 1, 0, 0]
B44[-1, 1, 1, 1, 1, 1, 0]
B44[0, 0, 0, 1, 1, 1, 0]
B44[0, 0, 1, 1, 0, 1, 0]
B44[0, 0, 1, 1, 1, 1, -1]
B44[0, 0, 1, 1, 1, 1, 0]
B44[0, 1, 0, 0, 1, 1, 0]
B44[0, 1, 1, 0, 0, 1, 0]
B44[0, 1, 1, 0, 1, 1, -1]
B44[0, 1, 1, 0, 1, 1, 0]
B44[0, 1, 1, 1, 0, 0, 0]
B44[0, 1, 1, 1, 0, 1, 0]
B44[0, 1, 1, 1, 1, 0, 0]
B44[0, 1, 1, 1, 1, 1, -1]
B44[0, 1, 1, 1, 1, 1, 0]
B44[1, 0, -1, 1, 1, 1, 0]
B44[1, 0, 0, 1, 0, 1, 0]
B44[1, 0, 0, 1, 1, 1, -1]
B44[1, 0, 0, 1, 1, 1, 0]
B44[1, 1, -1, 0, 1, 1, 0]
B44[1, 1, -1, 1, 1, 0, 0]
B44[1, 1, -1, 1, 1, 1, 0]
B44[1, 1, 0, 0, 0, 1, 0]
B44[1, 1, 0, 0, 1, 1, -1]
B44[1, 1, 0, 0, 1, 1, 0]
B44[1, 1, 0, 1, 0, 0, 0]
B44[1, 1, 0, 1, 0, 1, 0]
B44[1, 1, 0, 1, 1, 0, 0]
B44[1, 1, 0, 1, 1, 1, -1]
B44[1, 1, 0, 1, 1, 1, 0]
B44[0, -1, 1, 2, 0, 1, 0]
B44[0, 0, 1, 1, 0, 1, 0]
B44[0, 0, 1, 2, 0, 0, 0]
B44[0, 0, 1, 2, 0, 1, 0]
B44[0, 1, 1, 0, 0, 1, 0]
B44[0, 1, 1, 1, 0, 0, 0]
B44[0, 1, 1, 1, 0, 1, 0]
B44[0, 2, 1, -1, 0, 1, 0]
B44[0, 2, 1, 0, 0, 0, 0]
B44[0, 2, 1, 0, 0, 1, 0]
B44[0, -1, 0, 2, 1, 1, 0]
B44[0, -1, 1, 1, 1, 1, 0]
B44[0, -1, 1, 2, 0, 1, 0]
B44[0, -1, 1, 2, 1, 1, 0]
B44[0, 0, 0, 1, 1, 1, 0]
B44[0, 0, 0, 2, 1, 0, 0]
B44[0, 0, 0, 2, 1, 1, 0]
B44[0, 0, 1, 0, 1, 1, 0]
B44[0, 0, 1, 1, 0, 1, 0]
B44[0, 0, 1, 1, 1, 0, 0]
B44[0, 0, 1, 1, 1, 1, 0]
B44[0, 0, 1, 2, 0, 0, 0]
B44[0, 0, 1, 2, 0, 1, 0]
B44[0, 0, 1, 2, 1, 0, 0]
B44[0, 0, 1, 2, 1, 1, 0]
B44[0, 1, 0, 0, 1, 1, 0]
B44[0, 1, 0, 1, 1, 0, 0]
B44[0, 1, 0, 1, 1, 1, 0]
B44[0, 1, 1, -1, 1, 1, 0]
B44[0, 1, 1, 0, 0, 1, 0]
B44[0, 1, 1, 0, 1, 0, 0]
B44[0, 1, 1, 0, 1, 1, 0]
B44[0, 1, 1, 1, 0, 0, 0]
B44[0, 1, 1, 1, 0, 1, 0]
B44[0, 1, 1, 1, 1, 0, 0]
B44[0, 1, 1, 1, 1, 1, 0]
B44[0, -1, 0, 2, 1, 1, 0]
B44[0, -1, 1, 1, 1, 1, 0]
B44[0, -1, 1, 2, 0, 1, 0]
B44[0, -1, 1, 2, 1, 1, 0]
B44[0, 0, 0, 1, 1, 1, 0]
B44[0, 0, 0, 2, 1, 0, 0]
B44[0, 0, 0, 2, 1, 1, 0]
B44[0, 0, 1, 0, 1, 1, 0]
B44[0, 0, 1, 1, 0, 1, 0]
B44[0, 0, 1, 1, 1, 0, 0]
B44[0, 0, 1, 1, 1, 1, 0]
B44[0, 0, 1, 2, 0, 0, 0]
B44[0, 0, 1, 2, 0, 1, 0]
B44[0, 0, 1, 2, 1, 0, 0]
B44[0, 0, 1, 2, 1, 1, 0]
B44[0, 1, 0, 0, 1, 1, 0]
B44[0, 1, 0, 1, 1, 0, 0]
B44[0, 1, 0, 1, 1, 1, 0]
B44[0, 1, 1, -1, 1, 1, 0]
B44[0, 1, 1, 0, 0, 1, 0]
B44[0, 1, 1, 0, 1, 0, 0]
B44[0, 1, 1, 0, 1, 1, 0]
B44[0, 1, 1, 1, 0, 0, 0]
B44[0, 1, 1, 1, 0, 1, 0]
B44[0, 1, 1, 1, 1, 0, 0]
B44[0, 1, 1, 1, 1, 1, 0]
B44[-1, -1, 1, 2, 1, 1, 0]
B44[-1, 0, 1, 1, 1, 1, 0]
B44[-1, 0, 1, 2, 1, 0, 0]
B44[-1, 0, 1, 2, 1, 1, 0]
B44[-1, 1, 1, 1, 1, 0, 0]
B44[-1, 1, 1, 1, 1, 1, 0]
B44[0, -1, 1, 2, 1, 1, -1]
B44[0, 0, 1, 1, 1, 1, -1]
B44[0, 0, 1, 2, 1, 1, -1]
B44[0, 1, 1, 0, 1, 1, -1]
B44[0, 1, 1, 1, 1, 1, -1]
B44[-1, -1, 1, 2, 1, 1, 0]
B44[-1, 0, 1, 1, 1, 1, 0]
B44[-1, 0, 1, 2, 1, 0, 0]
B44[-1, 0, 1, 2, 1, 1, 0]
B44[-1, 1, 1, 1, 1, 0, 0]
B44[-1, 1, 1, 1, 1, 1, 0]
B44[0, -1, 1, 2, 1, 1, -1]
B44[0, 0, 1, 1, 1, 1, -1]
B44[0, 0, 1, 2, 1, 1, -1]
B44[0, 1, 1, 0, 1, 1, -1]
B44[0, 1, 1, 1, 1, 1, -1]
B44[-2, 0, 1, 2, 1, 1, 0]
B44[-2, 1, 1, 1, 1, 1, 0]
B44[-1, -2, 1, 2, 1, 1, 0]
B44[-1, -1, 1, 1, 1, 1, 0]
B44[-1, -1, 1, 2, 1, 0, 0]
B44[-1, 0, 0, 2, 1, 1, 0]
B44[-1, 0, 1, 1, 1, 0, 0]
B44[-1, 0, 1, 2, 0, 1, 0]
B44[-1, 0, 1, 2, 1, -1, 0]
B44[-1, 0, 1, 2, 1, 1, -1]
B44[-1, 1, 0, 1, 1, 1, 0]
B44[-1, 1, 1, 0, 1, 1, 0]
B44[-1, 1, 1, 1, 0, 1, 0]
B44[-1, 1, 1, 1, 1, -1, 0]
B44[-1, 1, 1, 1, 1, 1, -1]
B44[0, -2, 1, 2, 1, 1, -1]
B44[0, -2, 1, 2, 1, 1, 0]
B44[0, -1, 0, 1, 1, 1, 0]
B44[0, -1, 0, 2, 1, 0, 0]
B44[0, -1, 1, 1, 1, 1, -1]
B44[0, -1, 1, 2, 1, 0, -1]
B44[0, -1, 1, 2, 1, 0, 0]
B44[0, 0, -1, 2, 1, 1, 0]
B44[0, 0, 0, 0, 1, 1, 0]
B44[0, 0, 0, 2, 0, 1, 0]
B44[0, 0, 0, 2, 1, -1, 0]
B44[0, 0, 0, 2, 1, 1, -1]
B44[0, 0, 1, 0, 1, 1, -1]
B44[0, 0, 1, 1, 1, 0, -1]
B44[0, 0, 1, 2, 0, 1, -1]
B44[0, 0, 1, 2, 1, -1, 0]
B44[0, 0, 1, 2, 1, 0, -1]
B44[0, 0, 1, 2, 1, 1, -2]
B44[0, 1, -1, 1, 1, 1, 0]
B44[0, 1, 0, 0, 1, 0, 0]
B44[0, 1, 0, 1, 0, 1, 0]
B44[0, 1, 0, 1, 1, -1, 0]
B44[0, 1, 0, 1, 1, 1, -1]
B44[0, 1, 1, 0, 1, 0, -1]
B44[0, 1, 1, 1, 0, 1, -1]
B44[0, 1, 1, 1, 1, -1, 0]
B44[0, 1, 1, 1, 1, 0, -1]
B44[0, 1, 1, 1, 1, 1, -2]
B44[-2, 0, 1, 2, 1, 1, 0]
B44[-2, 1, 1, 1, 1, 1, 0]
B44[-1, -2, 1, 2, 1, 1, 0]
B44[-1, -1, 1, 1, 1, 1, 0]
B44[-1, -1, 1, 2, 1, 0, 0]
B44[-1, 0, 0, 2, 1, 1, 0]
B44[-1, 0, 1, 1, 1, 0, 0]
B44[-1, 0, 1, 2, 0, 1, 0]
B44[-1, 0, 1, 2, 1, -1, 0]
B44[-1, 0, 1, 2, 1, 1, -1]
B44[-1, 1, 0, 1, 1, 1, 0]
B44[-1, 1, 1, 0, 1, 1, 0]
B44[-1, 1, 1, 1, 0, 1, 0]
B44[-1, 1, 1, 1, 1, -1, 0]
B44[-1, 1, 1, 1, 1, 1, -1]
B44[0, -2, 1, 2, 1, 1, -1]
B44[0, -2, 1, 2, 1, 1, 0]
B44[0, -1, 0, 1, 1, 1, 0]
B44[0, -1, 0, 2, 1, 0, 0]
B44[0, -1, 1, 1, 1, 1, -1]
B44[0, -1, 1, 2, 1, 0, -1]
B44[0, -1, 1, 2, 1, 0, 0]
B44[0, 0, -1, 2, 1, 1, 0]
B44[0, 0, 0, 0, 1, 1, 0]
B44[0, 0, 0, 2, 0, 1, 0]
B44[0, 0, 0, 2, 1, -1, 0]
B44[0, 0, 0, 2, 1, 1, -1]
B44[0, 0, 1, 0, 1, 1, -1]
B44[0, 0, 1, 1, 1, 0, -1]
B44[0, 0, 1, 2, 0, 1, -1]
B44[0, 0, 1, 2, 1, -1, 0]
B44[0, 0, 1, 2, 1, 0, -1]
B44[0, 0, 1, 2, 1, 1, -2]
B44[0, 1, -1, 1, 1, 1, 0]
B44[0, 1, 0, 0, 1, 0, 0]
B44[0, 1, 0, 1, 0, 1, 0]
B44[0, 1, 0, 1, 1, -1, 0]
B44[0, 1, 0, 1, 1, 1, -1]
B44[0, 1, 1, 0, 1, 0, -1]
B44[0, 1, 1, 1, 0, 1, -1]
B44[0, 1, 1, 1, 1, -1, 0]
B44[0, 1, 1, 1, 1, 0, -1]
B44[0, 1, 1, 1, 1, 1, -2]
B44[0, 2, 0, -1, 1, 1, 0]
B44[0, 2, 0, 0, 1, 0, 0]
B44[0, 2, 0, 0, 1, 1, 0]
B44[1, -1, 0, 1, 1, 1, 0]
B44[1, 0, 0, 0, 1, 1, 0]
B44[1, 0, 0, 1, 0, 1, 0]
B44[1, 0, 0, 1, 1, 0, 0]
B44[1, 0, 0, 1, 1, 1, 0]
B44[1, 1, 0, -1, 1, 1, 0]
B44[1, 1, 0, 0, 0, 1, 0]
B44[1, 1, 0, 0, 1, 0, 0]
B44[1, 1, 0, 0, 1, 1, 0]
B44[1, 1, 0, 1, 0, 0, 0]
B44[1, 1, 0, 1, 0, 1, 0]
B44[1, 1, 0, 1, 1, 0, 0]
B44[1, 1, 0, 1, 1, 1, 0]
B44[1, 2, 0, -1, 0, 1, 0]
B44[1, 2, 0, -1, 1, 1, 0]
B44[1, 2, 0, 0, 0, 0, 0]
B44[1, 2, 0, 0, 0, 1, 0]
B44[1, 2, 0, 0, 1, 0, 0]
B44[1, 2, 0, 0, 1, 1, 0]
B44[0, 2, 0, -1, 1, 1, 0]
B44[0, 2, 0, 0, 1, 0, 0]
B44[0, 2, 0, 0, 1, 1, 0]
B44[1, -1, 0, 1, 1, 1, 0]
B44[1, 0, 0, 0, 1, 1, 0]
B44[1, 0, 0, 1, 0, 1, 0]
B44[1, 0, 0, 1, 1, 0, 0]
B44[1, 0, 0, 1, 1, 1, 0]
B44[1, 1, 0, -1, 1, 1, 0]
B44[1, 1, 0, 0, 0, 1, 0]
B44[1, 1, 0, 0, 1, 0, 0]
B44[1, 1, 0, 0, 1, 1, 0]
B44[1, 1, 0, 1, 0, 0, 0]
B44[1, 1, 0, 1, 0, 1, 0]
B44[1, 1, 0, 1, 1, 0, 0]
B44[1, 1, 0, 1, 1, 1, 0]
B44[1, 2, 0, -1, 0, 1, 0]
B44[1, 2, 0, -1, 1, 1, 0]
B44[1, 2, 0, 0, 0, 0, 0]
B44[1, 2, 0, 0, 0, 1, 0]
B44[1, 2, 0, 0, 1, 0, 0]
B44[1, 2, 0, 0, 1, 1, 0]
B44[1, 0, 0, 1, 1, 1, -1]
B44[1, 1, -1, 0, 1, 1, 0]
B44[1, 1, -1, 1, 1, 0, 0]
B44[1, 1, -1, 1, 1, 1, 0]
B44[1, 1, 0, 0, 1, 1, -1]
B44[1, 1, 0, 1, 1, 1, -1]
B44[1, 2, -1, -1, 1, 1, 0]
B44[1, 2, -1, 0, 1, 0, 0]
B44[1, 2, -1, 0, 1, 1, 0]
B44[1, 2, 0, -1, 1, 1, -1]
B44[1, 2, 0, 0, 1, 1, -1]
B44[1, 0, 0, 1, 1, 1, -1]
B44[1, 1, -1, 0, 1, 1, 0]
B44[1, 1, -1, 1, 1, 0, 0]
B44[1, 1, -1, 1, 1, 1, 0]
B44[1, 1, 0, 0, 1, 1, -1]
B44[1, 1, 0, 1, 1, 1, -1]
B44[1, 2, -1, -1, 1, 1, 0]
B44[1, 2, -1, 0, 1, 0, 0]
B44[1, 2, -1, 0, 1, 1, 0]
B44[1, 2, 0, -1, 1, 1, -1]
B44[1, 2, 0, 0, 1, 1, -1]
B44[-1, 2, 0, 0, 1, 1, 0]
B44[0, 0, 0, 1, 1, 0, 0]
B44[0, 2, -1, 0, 1, 1, 0]
B44[0, 2, 0, 0, 0, 1, 0]
B44[0, 2, 0, 0, 1, -1, 0]
B44[0, 2, 0, 0, 1, 1, -1]
B44[1, -1, 0, 1, 1, 1, -1]
B44[1, 0, -1, 0, 1, 1, 0]
B44[1, 0, -1, 1, 1, 0, 0]
B44[1, 0, -1, 1, 1, 1, 0]
B44[1, 0, 0, 0, 1, 1, -1]
B44[1, 0, 0, 1, 1, 0, -1]
B44[1, 1, -2, 1, 1, 1, 0]
B44[1, 1, -1, -1, 1, 1, 0]
B44[1, 1, -1, 1, 0, 1, 0]
B44[1, 1, -1, 1, 1, -1, 0]
B44[1, 1, -1, 1, 1, 1, -1]
B44[1, 1, 0, -1, 1, 1, -1]
B44[1, 1, 0, 0, 1, 0, -1]
B44[1, 1, 0, 1, 0, 1, -1]
B44[1, 1, 0, 1, 1, -1, 0]
B44[1, 1, 0, 1, 1, 0, -1]
B44[1, 1, 0, 1, 1, 1, -2]
B44[1, 2, -2, 0, 1, 1, 0]
B44[1, 2, -1, -1, 1, 0, 0]
B44[1, 2, -1, 0, 0, 1, 0]
B44[1, 2, -1, 0, 1, -1, 0]
B44[1, 2, -1, 0, 1, 1, -1]
B44[1, 2, 0, -1, 1, 0, -1]
B44[1, 2, 0, -1, 1, 0, 0]
B44[1, 2, 0, 0, 0, 1, -1]
B44[1, 2, 0, 0, 1, -1, 0]
B44[1, 2, 0, 0, 1, 0, -1]
B44[1, 2, 0, 0, 1, 1, -2]
B44[-1, 2, 0, 0, 1, 1, 0]
B44[0, 0, 0, 1, 1, 0, 0]
B44[0, 2, -1, 0, 1, 1, 0]
B44[0, 2, 0, 0, 0, 1, 0]
B44[0, 2, 0, 0, 1, -1, 0]
B44[0, 2, 0, 0, 1, 1, -1]
B44[1, -1, 0, 1, 1, 1, -1]
B44[1, 0, -1, 0, 1, 1, 0]
B44[1, 0, -1, 1, 1, 0, 0]
B44[1, 0, -1, 1, 1, 1, 0]
B44[1, 0, 0, 0, 1, 1, -1]
B44[1, 0, 0, 1, 1, 0, -1]
B44[1, 1, -2, 1, 1, 1, 0]
B44[1, 1, -1, -1, 1, 1, 0]
B44[1, 1, -1, 1, 0, 1, 0]
B44[1, 1, -1, 1, 1, -1, 0]
B44[1, 1, -1, 1, 1, 1, -1]
B44[1, 1, 0, -1, 1, 1, -1]
B44[1, 1, 0, 0, 1, 0, -1]
B44[1, 1, 0, 1, 0, 1, -1]
B44[1, 1, 0, 1, 1, -1, 0]
B44[1, 1, 0, 1, 1, 0, -1]
B44[1, 1, 0, 1, 1, 1, -2]
B44[1, 2, -2, 0, 1, 1, 0]
B44[1, 2, -1, -1, 1, 0, 0]
B44[1, 2, -1, 0, 0, 1, 0]
B44[1, 2, -1, 0, 1, -1, 0]
B44[1, 2, -1, 0, 1, 1, -1]
B44[1, 2, 0, -1, 1, 0, -1]
B44[1, 2, 0, -1, 1, 0, 0]
B44[1, 2, 0, 0, 0, 1, -1]
B44[1, 2, 0, 0, 1, -1, 0]
B44[1, 2, 0, 0, 1, 0, -1]
B44[1, 2, 0, 0, 1, 1, -2]