504 3889900463035611001 1 6
4 7 5 3 8 6 

500 8531481772150959511 1 6
4 8 6 7 5 2 

498 2261154555546929552 1 6
4 7 5 1 8 6 

497 15637163549616948742 1 6
4 8 6 7 5 0 

492 15635566925185363368 2 6
7 5 2 6 8 3 
7 5 2 8 6 3 

490 2512398972225886611 4 6
5 7 6 8 3 1 
5 7 8 6 3 1 
7 5 6 8 3 1 
7 5 8 6 3 1 

489 5525185224931663964 4 6
5 7 0 6 8 3 
5 7 0 8 6 3 
7 5 0 6 8 3 
7 5 0 8 6 3 

486 6071547184232690740 2 6
7 5 2 6 8 1 
7 5 2 8 6 1 

485 17275754863455242060 2 6
6 8 7 5 2 0 
8 6 7 5 2 0 

483 16785217016782184443 4 6
5 7 0 6 8 1 
5 7 0 8 6 1 
7 5 0 6 8 1 
7 5 0 8 6 1 

476 16888066072451109633 1 6
4 7 2 3 8 6 

474 5786792466358207205 2 6
4 7 3 1 8 6 
7 4 3 1 8 6 

473 3046271575139990861 1 6
4 7 0 3 8 6 

470 6065127611409485927 1 6
4 7 2 1 8 6 

469 1004445856266388651 1 6
4 8 6 7 2 0 

467 8328301997672069959 1 6
4 7 0 1 8 6 

462 17409067066809725900 4 6
2 7 6 8 3 1 
2 7 8 6 3 1 
7 2 6 8 3 1 
7 2 8 6 3 1 

461 13585676702739223883 4 6
6 8 3 7 2 0 
6 8 3 2 7 0 
8 6 3 2 7 0 
8 6 3 7 2 0 

459 2567492445092170684 2 6
0 7 6 8 3 1 
0 7 8 6 3 1 

455 12944836943214420295 4 6
2 7 0 6 8 1 
2 7 0 8 6 1 
7 2 0 6 8 1 
7 2 0 8 6 1 

444 1096587794184499985 1 6
4 3 8 7 5 2 

442 8676613910352414631 1 6
4 7 5 3 1 8 

441 4467941746905411277 1 6
4 3 8 7 5 0 

438 12002889005496227475 1 6
4 1 8 7 5 2 

437 8101112468330625614 2 6
4 8 7 5 2 0 
8 4 7 5 2 0 

435 6411959034188074801 1 6
4 1 8 7 5 0 

430 2545686199926457577 1 6
7 5 2 3 1 8 

429 18037045237864050558 1 6
3 8 7 5 2 0 

427 2507959801902494120 2 6
5 7 0 3 1 8 
7 5 0 3 1 8 

423 3214257026762986105 1 6
1 8 7 5 2 0 

414 12739361027220082617 1 6
4 7 2 3 1 8 

413 16272239912095597406 1 6
4 3 8 7 2 0 

411 18301866118641310755 1 6
4 7 0 3 1 8 

407 13217484075504527191 1 6
4 1 8 7 2 0 

399 14321268561260764956 2 6
2 7 0 3 1 8 
7 2 0 3 1 8 

380 13695756807846640509 2 6
4 2 5 6 8 3 
4 2 5 8 6 3 

378 11010461895509560859 4 6
4 5 6 8 3 1 
4 5 8 6 3 1 
5 4 6 8 3 1 
5 4 8 6 3 1 

377 12111274767287334214 1 6
4 0 5 6 8 3 

374 17323914861111767693 2 6
4 5 2 6 8 1 
4 5 2 8 6 1 

373 11662928458199121707 1 6
4 6 8 0 5 2 

371 5445733297739779686 1 6
4 0 5 6 8 1 

366 2983098543328139050 4 6
2 5 6 8 3 1 
2 5 8 6 3 1 
5 2 6 8 3 1 
5 2 8 6 3 1 

365 17885537827697240451 4 6
6 8 3 0 5 2 
6 8 3 0 2 5 
8 6 3 0 2 5 
8 6 3 0 5 2 

363 2567492445092170684 2 6
0 5 6 8 3 1 
0 5 8 6 3 1 

359 4211067940457596063 4 6
6 8 1 0 5 2 
6 8 1 0 2 5 
8 6 1 0 2 5 
8 6 1 0 5 2 

350 4438048482041355847 4 6
2 4 6 8 3 1 
2 4 8 6 3 1 
4 2 6 8 3 1 
4 2 8 6 3 1 

349 3989252444953955906 1 6
4 0 2 6 8 3 

347 1306309341748696761 1 6
0 4 6 8 3 1 

343 12326498813619591998 1 6
4 0 2 6 8 1 

335 2567492445092170684 2 6
0 2 6 8 3 1 
0 2 8 6 3 1 

318 15942811865425394373 1 6
4 5 2 3 1 8 

317 16231733307300107640 1 6
4 3 8 0 2 5 

315 690349485251925704 1 6
4 0 5 3 1 8 

311 8233344383410759117 1 6
4 1 8 0 5 2 

303 12740071470751382434 2 6
0 2 5 3 1 8 
0 5 2 3 1 8 

287 2188152656867623525 1 6
4 0 2 3 1 8 

252 9446230091734778542 1 6
4 3 6 7 5 2 

250 12423685049128896827 1 6
4 7 5 3 1 6 

249 15167168758936584571 1 6
4 3 6 7 5 0 

246 2692883800864748215 1 6
4 1 6 7 5 2 

245 12310050402386758865 2 6
4 6 7 5 2 0 
6 4 7 5 2 0 

243 13026407795755826882 1 6
4 1 6 7 5 0 

238 2545686199926457577 1 6
7 5 2 3 1 6 

237 18037045237864050558 1 6
3 6 7 5 2 0 

235 2507959801902494120 2 6
5 7 0 3 1 6 
7 5 0 3 1 6 

231 3214257026762986105 1 6
1 6 7 5 2 0 

222 3865692603632704815 1 6
4 7 2 3 1 6 

221 17866620861842167693 1 6
4 3 6 7 2 0 

219 2480077444251340226 1 6
4 7 0 3 1 6 

215 5535613631715288950 1 6
4 1 6 7 2 0 

207 14321268561260764956 2 6
2 7 0 3 1 6 
7 2 0 3 1 6 

190 9918609283863814055 1 6
4 3 1 7 5 2 

189 17477402365511990082 1 6
3 4 7 5 2 0 

187 8205549644532899727 1 6
4 3 1 7 5 0 

183 10636069863663993658 1 6
1 4 7 5 2 0 

387 4588159413583185618 1 4
0 7 1 8 

323 4958041139356027288 2 4
0 6 8 1 
0 8 6 1 

306 13775163095167349403 2 4
4 5 1 8 
5 4 1 8 

294 835276218342091669 2 4
1 8 5 2 
1 8 2 5 

418 5586955677828348619 2 4
5 7 1 8 
7 5 1 8 

291 4588159413583185618 1 4
0 5 1 8 

278 5871201165218803500 2 4
2 4 1 8 
4 2 1 8 

402 9736859970975346845 2 4
4 7 1 8 
7 4 1 8 

275 896286628700247726 1 4
0 4 1 8 

209 12293109994499515012 2 4
4 6 0 7 
6 4 0 7 

466 4524131255509405945 2 5
4 7 1 8 6 
7 4 1 8 6 

201 14816885241224482319 1 4
0 7 3 6 

449 4031891465063058232 2 4
6 8 0 7 
8 6 0 7 

195 4588159413583185618 1 4
0 7 1 6 

452 5568158931765736262 8 4
2 7 6 8 
2 7 8 6 
6 8 7 2 
6 8 2 7 
7 2 6 8 
7 2 8 6 
8 6 7 2 
8 6 2 7 

169 7024145531256429953 2 4
3 5 7 0 
3 7 5 0 

426 10447389357493672896 2 5
5 7 3 1 8 
7 5 3 1 8 

163 7024145531256429953 2 4
1 5 7 0 
1 7 5 0 

153 5067575360320630543 1 4
3 4 7 0 

410 16014829825460256273 2 5
4 7 3 1 8 
7 4 3 1 8 

401 10525388870572737772 2 4
4 8 7 0 
8 4 7 0 

147 4684195577849809739 1 4
1 4 7 0 

404 9116344959574332654 2 4
4 8 7 2 
8 4 7 2 

141 4835524456154860140 2 4
3 2 7 0 
3 7 2 0 

398 325566649988153406 2 5
2 7 3 1 8 
7 2 3 1 8 

393 14816885241224482319 1 4
0 7 3 8 

139 17540382598376591068 2 4
0 7 3 1 
0 7 1 3 

396 16706246648776914870 2 4
2 7 3 8 
7 2 3 8 

135 4835524456154860140 2 4
1 2 7 0 
1 7 2 0 

120 6327628170762034960 2 4
4 5 3 6 
5 4 3 6 

116 13697909126296567058 2 4
4 6 5 2 
6 4 5 2 

368 10033919425389183793 4 4
4 5 6 8 
4 5 8 6 
5 4 6 8 
5 4 8 6 

111 12740071470751382434 2 6
0 2 5 3 1 6 
0 5 2 3 1 6 

114 13775163095167349403 2 4
4 5 1 6 
5 4 1 6 

240 16954421592595156864 2 4
4 6 5 7 
6 4 5 7 

113 6952259610748681408 2 4
4 6 0 5 
6 4 0 5 

370 12328872306165567229 4 5
4 5 6 8 1 
4 5 8 6 1 
5 4 6 8 1 
5 4 8 6 1 

156 6466001861708672411 1 4
3 4 7 2 

29 15303299370163436999 1 4
3 4 0 2 

286 7656325977389374643 2 5
2 4 3 1 8 
4 2 3 1 8 

44 8634870613964526517 2 3
3 2 5 
3 5 2 

301 15615780543034393659 2 5
3 8 0 5 2 
3 8 0 2 5 

28 7777280951167004470 2 3
3 2 4 
3 4 2 

285 10214646679268559935 1 5
4 0 2 3 8 

81 5524994537437787385 2 3
0 4 6 
0 6 4 

22 14464322681345727777 2 3
1 2 4 
1 4 2 

279 15881079638642777193 1 5
4 0 2 1 8 

329 2506291337039430504 2 4
0 6 8 3 
0 8 6 3 

75 6703386584276212159 1 4
0 3 1 6 

259 4189010045326060690 1 3
0 1 8 

277 13062638386771166472 2 4
4 8 0 2 
8 4 0 2 

150 6041515667341660060 1 4
1 4 7 2 

23 3549739056365016550 1 4
1 4 0 2 

56 14464322681345727777 2 3
3 4 5 
3 5 4 

313 8777627504506926065 1 5
4 0 5 3 8 

137 108422713436611649 1 3
3 0 7 

3 16057663672689140328 1 2
0 1 

162 14763710330307144267 2 3
1 5 7 
1 7 5 

419 8281706786350776433 2 5
1 8 5 7 0 
1 8 7 5 0 

35 108422713436611649 1 3
1 0 5 

134 5697750978532764374 2 3
1 2 7 
1 7 2 

391 11778207928077577380 2 5
1 8 2 7 0 
1 8 7 2 0 

7 108422713436611649 1 3
1 0 2 

265 12056927191973130570 1 3
0 3 8 

11 5866017786500108610 2 3
0 1 3 
0 3 1 

267 6703386584276212159 1 4
0 3 1 8 

140 5697750978532764374 2 3
3 2 7 
3 7 2 

397 17469440870416681823 2 5
3 8 7 2 0 
3 8 2 7 0 

13 108422713436611649 1 3
3 0 2 

131 108422713436611649 1 3
1 0 7 

112 5180365401916553282 6 3
4 5 6 
4 6 5 
5 4 6 
5 6 4 
6 5 4 
6 4 5 

369 904569155309599652 1 5
4 6 8 0 5 

152 7977311541644482511 2 3
3 4 7 
3 7 4 

409 16523600451524173652 1 5
4 7 0 3 8 

25 8314182141702135009 1 3
0 3 4 

390 17520452208558333313 2 4
2 7 1 8 
7 2 1 8 

263 4588159413583185618 1 4
0 2 1 8 

9 16057663672689140328 1 2
0 3 

50 7777280951167004470 2 3
1 4 5 
1 5 4 

307 8475404004823020255 1 5
4 0 5 1 8 

304 5180365401916553282 6 3
4 5 8 
4 8 5 
5 4 8 
5 8 4 
8 5 4 
8 4 5 

47 9197769823025208225 4 5
1 3 0 2 5 
1 3 0 5 2 
3 1 0 2 5 
3 1 0 5 2 

38 8634870613964526517 2 3
1 2 5 
1 5 2 

295 3114443005707169063 2 5
1 8 0 5 2 
1 8 0 2 5 

168 14763710330307144267 2 3
3 5 7 
3 7 5 

425 4021826747424361171 2 5
3 8 5 7 0 
3 8 7 5 0 

41 108422713436611649 1 3
3 0 5 

73 12056927191973130570 1 3
0 3 6 

67 4189010045326060690 1 3
0 1 6 

321 5080913640879023083 2 3
0 6 8 
0 8 6 

212 6302551238620928965 4 4
4 6 2 7 
4 6 7 2 
6 4 2 7 
6 4 7 2 

85 12293109994499515012 2 4
4 6 0 2 
6 4 0 2 

342 4029303908655827827 4 5
2 4 6 8 1 
2 4 8 6 1 
4 2 6 8 1 
4 2 8 6 1 

146 9790497849770534921 2 3
1 4 7 
1 7 4 

403 1510648319398203455 1 5
4 7 0 1 8 

19 8314182141702135009 1 3
0 1 4 

273 17615132805313434940 2 3
0 4 8 
0 8 4 

400 301608002787460125 6 3
4 7 8 
4 8 7 
7 4 8 
7 8 4 
8 7 4 
8 4 7 

143 3718883137359116586 4 5
1 3 2 7 0 
1 3 7 2 0 
3 1 2 7 0 
3 1 7 2 0 

300 4983252161963081937 2 4
3 8 5 2 
3 8 2 5 

43 17540382598376591068 2 4
0 5 3 1 
0 5 1 3 

46 4464135113881190930 4 4
1 3 2 5 
1 3 5 2 
3 1 2 5 
3 1 5 2 

232 4498452903570584108 2 4
5 7 3 6 
7 5 3 6 

105 14816885241224482319 1 4
0 5 3 6 

269 14816885241224482319 1 4
0 2 3 8 

142 1979881353718354196 4 4
2 7 3 1 
2 7 1 3 
7 2 3 1 
7 2 1 3 

15 17540382598376591068 2 4
0 2 1 3 
0 2 3 1 

408 1256069142110649494 2 4
4 7 3 8 
7 4 3 8 

151 13233722822702627219 1 5
1 4 7 2 0 

281 7398271745209885409 1 4
0 4 3 8 

154 6779773879202997074 2 4
4 7 3 1 
7 4 3 1 

27 10050894332829205571 2 4
0 4 3 1 
0 4 1 3 

284 15364610404643005460 2 4
2 4 3 8 
4 2 3 8 

340 6302551238620928965 4 4
2 4 6 8 
2 4 8 6 
4 2 6 8 
4 2 8 6 

83 7508486149969826361 1 4
0 4 6 1 

86 5871201165218803500 2 4
2 4 1 6 
4 2 1 6 

30 8366814671184371901 2 4
2 4 3 1 
4 2 3 1 

216 16092729346259642940 2 4
4 7 3 6 
7 4 3 6 

89 9600061292420075181 1 4
0 4 6 3 

166 822643310015681936 1 4
1 7 5 2 

39 16019417581891349086 2 4
1 0 2 5 
1 0 5 2 

424 4498452903570584108 2 4
5 7 3 8 
7 5 3 8 

167 3165954327460359212 1 5
1 7 5 2 0 

297 14816885241224482319 1 4
0 5 3 8 

170 18250994044714910535 4 4
5 7 1 3 
5 7 3 1 
7 5 3 1 
7 5 1 3 

356 11817618753924715730 4 4
6 8 2 5 
6 8 5 2 
8 6 5 2 
8 6 2 5 

99 4588159413583185618 1 4
0 5 1 6 

102 835276218342091669 2 4
1 6 5 2 
1 6 2 5 

172 822643310015681936 1 4
3 7 5 2 

45 16019417581891349086 2 4
3 0 2 5 
3 0 5 2 

302 15123512964542885831 2 5
2 5 3 1 8 
5 2 3 1 8 

432 14985943103838419052 2 4
4 8 7 5 
8 4 7 5 

175 12403896912749757471 2 6
1 3 7 5 2 0 
3 1 7 5 2 0 

305 6194476235064833464 2 4
4 8 0 5 
8 4 0 5 

178 4183753754397426794 1 4
1 4 7 5 

51 15303299370163436999 1 4
1 4 0 5 

308 13697909126296567058 2 4
4 8 5 2 
8 4 5 2 

54 18311064358276448373 1 4
1 4 5 2 

184 6418106841632012880 1 4
3 4 7 5 

57 3549739056365016550 1 4
3 4 0 5 

314 15254218241057525250 2 5
4 5 3 1 8 
5 4 3 1 8 

312 6327628170762034960 2 4
4 5 3 8 
5 4 3 8 

55 1479530870664150579 1 5
1 4 0 5 2 

58 8366814671184371901 2 4
4 5 1 3 
5 4 1 3 

60 18311064358276448373 1 4
3 4 2 5 

325 4031891465063058232 2 4
6 8 0 2 
8 6 0 2 

198 17520452208558333313 2 4
2 7 1 6 
7 2 1 6 

71 4588159413583185618 1 4
0 2 1 6 

204 16706246648776914870 2 4
2 7 3 6 
7 2 3 6 

77 14816885241224482319 1 4
0 2 3 6 

337 14615264421845792724 1 4
0 4 6 8 

210 8620157615861520895 2 4
4 7 1 6 
7 4 1 6 

92 15364610404643005460 2 4
2 4 3 6 
4 2 3 6 

353 4031891465063058232 2 4
6 8 0 5 
8 6 0 5 

226 5586955677828348619 2 4
5 7 1 6 
7 5 1 6 

108 4983252161963081937 2 4
3 6 5 2 
3 6 2 5 

464 9116344959574332654 2 4
4 7 8 6 
7 4 8 6 

480 18159398951093837362 4 4
5 7 6 8 
5 7 8 6 
7 5 6 8 
7 5 8 6 

31 3360068959549584607 1 5
4 0 2 3 1 

59 3360068959549584607 1 5
4 0 5 1 3 

316 8776979851896490145 1 5
4 3 8 2 5 

61 1479530870664150579 1 5
3 4 0 2 5 

62 841618084451470194 2 5
4 3 1 5 2 
4 1 3 2 5 

79 974643194870029275 1 5
0 2 3 1 6 

87 10154190866238317869 1 5
4 0 2 6 1 

91 17302164926095429737 1 5
0 4 6 3 1 

348 2100020251956204520 4 5
2 4 6 8 3 
2 4 8 6 3 
4 2 6 8 3 
4 2 8 6 3 

93 14480217793381502236 1 5
4 0 2 6 3 

94 7656325977389374643 2 5
2 4 3 1 6 
4 2 3 1 6 

103 3114443005707169063 2 5
1 6 0 5 2 
1 6 0 2 5 

107 974643194870029275 1 5
0 5 3 1 6 

364 18141945969878676774 4 5
2 5 6 8 3 
2 5 8 6 3 
5 2 6 8 3 
5 2 8 6 3 

109 15615780543034393659 2 5
3 6 0 5 2 
3 6 0 2 5 

110 15123512964542885831 2 5
2 5 3 1 6 
5 2 3 1 6 

115 12222882211682371957 1 5
4 0 5 6 1 

372 17589355834540419352 2 5
4 6 8 5 2 
4 8 6 5 2 

117 11201732619048372329 2 5
4 6 0 5 2 
6 4 0 5 2 

118 5009672583774126009 1 5
4 1 6 5 2 

121 5520430067542372088 1 5
4 0 5 6 3 

122 15254218241057525250 2 5
4 5 3 1 6 
5 4 3 1 6 

124 8776979851896490145 1 5
4 3 6 2 5 

155 254629856328386314 1 5
4 7 0 3 1 

412 17318481220367230684 1 5
4 7 2 3 8 

157 16608719139242802651 1 5
3 4 7 2 0 

158 3770121851149502007 1 5
4 7 2 3 1 

171 16563574668022211916 4 5
1 3 5 7 0 
1 3 7 5 0 
3 1 5 7 0 
3 1 7 5 0 

428 6379090224491825249 1 5
3 8 7 5 2 

173 3165954327460359212 1 5
3 7 5 2 0 

174 5689312743591395379 2 5
1 3 7 5 2 
3 1 7 5 2 

179 12333239262457325535 1 5
1 4 7 5 0 

436 14572538776854345278 2 5
4 8 7 5 2 
8 4 7 5 2 

182 2831696975759634956 1 5
1 4 7 5 2 

185 11342973559679282608 1 5
3 4 7 5 0 

186 12252531185159560831 1 5
4 7 5 3 1 

188 10654999688332078279 1 5
3 4 7 5 2 

199 11778207928077577380 2 5
1 6 2 7 0 
1 6 7 2 0 

203 974643194870029275 1 5
0 7 3 1 6 

460 10234341217018974287 4 5
2 7 6 8 3 
2 7 8 6 3 
7 2 6 8 3 
7 2 8 6 3 

205 17469440870416681823 2 5
3 6 2 7 0 
3 6 7 2 0 

206 325566649988153406 2 5
2 7 3 1 6 
7 2 3 1 6 

211 317708577605375800 1 5
4 1 6 7 0 

468 287899329659801567 2 5
4 7 2 8 6 
4 8 6 7 2 

213 18402754409206933752 4 5
4 6 2 7 0 
4 6 7 2 0 
6 4 2 7 0 
6 4 7 2 0 

214 10487801317886427699 1 5
4 7 2 1 6 

217 8732799713006620889 1 5
4 3 6 7 0 

218 3390145364675661285 2 5
4 7 3 1 6 
7 4 3 1 6 

220 15502087358196262965 1 5
4 7 2 3 6 

227 8281706786350776433 2 5
1 6 5 7 0 
1 6 7 5 0 

484 3021136800975965599 2 5
6 8 7 5 2 
8 6 7 5 2 

230 10139961049268916380 1 5
1 6 7 5 2 

233 4021826747424361171 2 5
3 6 5 7 0 
3 6 7 5 0 

234 10447389357493672896 2 5
5 7 3 1 6 
7 5 3 1 6 

236 6379090224491825249 1 5
3 6 7 5 2 

241 7712439898746311446 2 5
4 6 5 7 0 
6 4 5 7 0 

242 17579941104660849061 1 5
4 7 5 1 6 

244 15932246324430079131 2 5
4 6 7 5 2 
6 4 7 5 2 

248 15794470902164860802 1 5
4 7 5 3 6 

271 974643194870029275 1 5
0 2 3 1 8 

283 4549398533419290876 1 5
0 4 3 1 8 

299 974643194870029275 1 5
0 5 3 1 8 

309 8482998245891638355 2 5
4 8 0 5 2 
8 4 0 5 2 

310 5009672583774126009 1 5
4 1 8 5 2 

327 17271942903054826368 2 5
0 2 6 8 1 
0 2 8 6 1 

331 18233207030126078661 2 5
0 6 8 3 1 
0 8 6 3 1 

333 14311218419766985377 2 5
0 2 6 8 3 
0 2 8 6 3 

339 8287224375908171424 1 5
0 4 6 8 1 

341 7730344984297486694 1 5
4 6 8 0 2 

345 17751232547418956747 1 5
0 4 6 8 3 

355 17271942903054826368 2 5
0 5 6 8 1 
0 5 8 6 1 

357 5581298035565975686 4 5
6 8 0 5 2 
6 8 0 2 5 
8 6 0 2 5 
8 6 0 5 2 

358 14497693136420194452 4 5
2 5 6 8 1 
2 5 8 6 1 
5 2 6 8 1 
5 2 8 6 1 

361 14311218419766985377 2 5
0 5 6 8 3 
0 5 8 6 3 

376 5528746015189933060 4 5
4 5 6 8 3 
4 5 8 6 3 
5 4 6 8 3 
5 4 8 6 3 

119 6169009790584708845 1 6
4 6 1 0 5 2 

395 974643194870029275 1 5
0 7 3 1 8 

405 6204340726147488420 2 5
4 8 7 2 0 
8 4 7 2 0 

406 18209191629047893414 1 5
4 7 2 1 8 

422 10139961049268916380 1 5
1 8 7 5 2 

433 5405159396177456957 2 5
4 8 7 5 0 
8 4 7 5 0 

434 17298788969078862523 1 5
4 7 5 1 8 

440 9561057297673201614 1 5
4 7 5 3 8 

451 17271942903054826368 2 5
0 7 6 8 1 
0 7 8 6 1 

453 5835472156958768138 4 5
6 8 7 2 0 
6 8 2 7 0 
8 6 2 7 0 
8 6 7 2 0 

454 6452873930458632724 4 5
2 7 6 8 1 
2 7 8 6 1 
7 2 6 8 1 
7 2 8 6 1 

457 14311218419766985377 2 5
0 7 6 8 3 
0 7 8 6 3 

465 12760776225029766733 1 5
4 8 6 7 0 

472 8196248133150526450 2 5
4 7 3 8 6 
7 4 3 8 6 

481 7872443642966197080 4 5
6 8 7 5 0 
6 8 5 7 0 
8 6 5 7 0 
8 6 7 5 0 

482 7185285854806889846 4 5
5 7 6 8 1 
5 7 8 6 1 
7 5 6 8 1 
7 5 8 6 1 

488 17153891732567204935 4 5
5 7 6 8 3 
5 7 8 6 3 
7 5 6 8 3 
7 5 8 6 3 

496 54384981478515667 1 5
4 7 5 8 6 

63 16174595343424765464 2 6
4 1 3 0 2 5 
4 3 1 0 5 2 

95 14751587252440666677 1 6
4 0 2 6 3 1 

123 10328719821056891593 1 6
4 0 5 6 3 1 

125 2211668936792252506 1 6
4 6 3 0 2 5 

126 15942811865425394373 1 6
4 5 2 3 1 6 

159 4670785836342611162 1 6
4 3 1 7 2 0 

