0
12 3
11 3
0 1 0 0 0 0 0 0 0 0 
1 0 0 0 0 0 0 0 0 0 
0 2 0 0 0 0 0 0 -1 2*m2^2 
1 0 1 0 0 -1 0 0 0 s 
0 0 0 0 1 0 0 0 0 0 
0 3 0 -1 0 0 0 0 -1 s+2*m2^2 
2 0 0 0 0 0 0 -1 0 2*m1^2 
0 2 0 0 0 0 -1 0 0 2*m2^2 
2 0 -1 0 0 0 0 0 0 2*m1^2 

0
12 9
11 3
0 1 0 0 0 0 0 0 0 0 
1 0 -1 0 0 1 0 0 0 s 
0 2 0 0 0 0 0 0 -1 2*m2^2 
1 0 0 0 0 0 0 0 0 0 
0 1 -1 -1 1 1 0 0 0 s 
0 3 0 -1 0 0 0 0 -1 s+2*m2^2 
2 0 -1 0 0 1 0 -1 0 2*s+2*m1^2 
0 2 0 0 0 0 -1 0 0 2*m2^2 
2 0 -2 0 0 1 0 0 0 2*s+2*m1^2 

0
12 13
12 7
1 0 0 0 0 0 0 0 0 0 
0 2 0 -1 0 0 0 0 0 2*s 
0 0 1 0 0 0 0 0 0 0 
0 1 0 0 0 0 0 0 0 0 
0 1 -1 -1 1 1 0 0 0 s 
0 0 0 0 0 1 0 0 0 0 
0 1 0 -1 0 0 1 0 0 3*s 
0 0 0 0 0 0 0 1 0 0 
0 1 0 -1 0 0 0 0 1 3*s 

0
12 19
11 19
0 1 0 0 0 0 0 0 0 0 
1 0 0 0 0 0 0 0 0 0 
0 2 0 0 0 0 0 0 -1 2*m2^2 
1 0 1 0 0 -1 0 0 0 s 
0 0 0 0 1 0 0 0 0 0 
0 3 0 -1 0 0 0 0 -1 s+2*m2^2 
2 0 0 0 0 0 0 -1 0 2*m1^2 
0 2 0 0 0 0 -1 0 0 2*m2^2 
2 0 -1 0 0 0 0 0 0 2*m1^2 

1
12 22
2 19
0 0 1 0 0 0 0 0 0 0 
1 0 0 0 0 0 0 0 0 0 
0 1 0 0 0 0 0 0 0 0 
0 0 1 0 0 0 0 0 0 0 
0 0 0 0 1 0 0 0 0 0 
0 0 1 0 0 0 0 0 0 0 
0 0 1 0 0 0 0 0 0 0 
0 0 1 0 0 0 0 0 0 0 
0 0 1 0 0 0 0 0 0 0 

1
12 25
11 19
0 1 0 0 0 0 0 0 0 0 
0 0 1 0 0 0 0 0 0 0 
0 0 1 0 0 0 0 0 0 0 
1 0 0 0 0 0 0 0 0 0 
0 0 0 0 1 0 0 0 0 0 
0 0 1 0 0 0 0 0 0 0 
0 0 1 0 0 0 0 0 0 0 
0 0 1 0 0 0 0 0 0 0 
0 0 1 0 0 0 0 0 0 0 

0
12 28
3 28
0 -1 0 1 0 0 0 0 1 -s-m2^2 
0 -1 1 1 1 -1 0 0 0 s 
0 0 0 1 0 0 0 0 0 0 
0 0 0 0 1 0 0 0 0 0 
0 0 1 0 0 0 0 0 0 0 
0 1 0 0 0 0 0 0 0 0 
-1 0 1 1 1 -1 -1 1 0 2*s+m1^2-t 
0 0 0 1 0 0 -1 0 1 t 
-1 0 2 1 1 -1 0 0 -1 2*s+m1^2 

0
12 30
6 30
1 0 0 0 0 0 0 0 0 -m2^2 
0 1 0 0 0 0 0 0 0 0 
0 0 1 0 0 0 0 0 0 0 
0 0 0 1 0 0 0 0 0 0 
0 0 0 0 1 0 0 0 0 0 
0 0 0 0 0 1 0 0 0 0 
0 0 0 0 0 0 1 0 0 0 
0 0 0 0 0 0 0 1 0 0 
0 0 0 0 0 0 0 0 1 0 

1
12 35
12 7
1 0 0 0 0 0 0 0 0 0 
0 1 0 0 0 0 0 0 0 0 
0 0 0 1 0 0 0 0 0 0 
0 0 0 1 0 0 0 0 0 0 
0 0 0 1 0 0 0 0 0 0 
0 0 1 0 0 0 0 0 0 0 
0 0 0 1 0 0 0 0 0 0 
0 0 0 1 0 0 0 0 0 0 
0 0 0 1 0 0 0 0 0 0 

0
12 38
2 11
0 2 0 0 0 0 0 0 -1 -m2^2 
1 0 0 0 0 0 0 0 0 0 
0 1 0 0 0 0 0 0 0 0 
1 0 1 0 0 -1 0 0 0 s 
1 3 1 0 -1 0 0 0 -1 m1^2 
0 0 0 1 0 0 0 0 0 0 
2 0 0 0 0 0 0 -1 0 2*m1^2 
0 1 0 0 0 0 1 0 -1 t 
2 0 -1 0 0 0 0 0 0 2*m1^2 

1
12 41
12 7
1 0 0 0 0 0 0 0 0 0 
0 0 0 1 0 0 0 0 0 0 
0 0 0 1 0 0 0 0 0 0 
0 1 0 0 0 0 0 0 0 0 
0 0 0 1 0 0 0 0 0 0 
0 0 1 0 0 0 0 0 0 0 
0 0 0 1 0 0 0 0 0 0 
0 0 0 1 0 0 0 0 0 0 
0 0 0 1 0 0 0 0 0 0 

1
12 43
12 15
1 0 0 0 0 0 0 0 0 0 
0 0 0 1 0 0 0 0 0 0 
0 0 0 0 1 0 0 0 0 0 
0 1 0 0 0 0 0 0 0 0 
0 0 0 0 1 0 0 0 0 0 
0 0 1 0 0 0 0 0 0 0 
0 0 0 0 1 0 0 0 0 0 
0 0 0 0 1 0 0 0 0 0 
0 0 0 0 1 0 0 0 0 0 

0
12 44
2 11
0 2 0 0 0 0 0 0 -1 -m2^2 
1 0 -1 0 0 1 0 0 0 s 
0 1 0 0 0 0 0 0 0 0 
1 0 0 0 0 0 0 0 0 0 
1 2 0 1 -1 1 0 0 -1 m1^2 
0 0 0 1 0 0 0 0 0 0 
2 0 -1 0 0 1 0 -1 0 2*s+2*m1^2 
0 1 0 0 0 0 1 0 -1 t 
2 0 -2 0 0 1 0 0 0 2*s+2*m1^2 

0
12 45
12 39
1 0 0 0 0 0 0 0 0 0 
0 2 0 -1 0 0 0 0 0 2*s 
0 0 1 0 0 0 0 0 0 0 
0 1 0 0 0 0 0 0 0 0 
0 1 -1 -1 1 1 0 0 0 s 
0 0 0 0 0 1 0 0 0 0 
0 1 0 -1 0 0 1 0 0 3*s 
0 0 0 0 0 0 0 1 0 0 
0 1 0 -1 0 0 0 0 1 3*s 

0
12 46
6 46
1 0 0 0 0 0 0 0 0 -m2^2 
0 1 0 0 0 0 0 0 0 0 
0 0 1 0 0 0 0 0 0 0 
0 0 0 1 0 0 0 0 0 0 
0 0 0 0 1 0 0 0 0 0 
0 0 0 0 0 1 0 0 0 0 
0 0 0 0 0 0 1 0 0 0 
0 0 0 0 0 0 0 1 0 0 
0 0 0 0 0 0 0 0 1 0 

0
12 50
3 28
-1 0 1 0 0 1 0 0 0 -s-m2^2 
0 0 0 0 1 0 0 0 0 0 
0 0 0 0 0 1 0 0 0 0 
0 -1 1 1 1 -1 0 0 0 s 
0 0 0 1 0 0 0 0 0 0 
0 0 1 0 0 0 0 0 0 0 
1 -1 0 0 1 0 1 -1 0 m1^2+t 
0 0 1 0 0 1 0 -1 0 2*t 
1 -1 -1 0 1 0 0 0 1 m1^2 

1
12 51
12 29
1 0 0 0 0 0 0 0 0 0 
0 0 0 1 0 0 0 0 0 0 
0 1 0 0 0 0 0 0 0 0 
0 1 0 0 0 0 0 0 0 0 
0 0 0 0 1 0 0 0 0 0 
0 0 1 0 0 0 0 0 0 0 
0 1 0 0 0 0 0 0 0 0 
0 1 0 0 0 0 0 0 0 0 
0 1 0 0 0 0 0 0 0 0 

0
12 54
3 30
0 2 0 0 0 0 0 0 -1 -m2^2 
0 0 0 0 1 0 0 0 0 0 
0 1 0 0 0 0 0 0 0 0 
0 -1 1 1 1 -1 0 0 0 s 
0 0 1 0 0 0 0 0 0 0 
0 0 0 1 0 0 0 0 0 0 
1 -1 0 0 1 0 1 -1 0 m1^2+t 
0 1 0 0 0 0 1 0 -1 t 
1 -1 -1 0 1 0 0 0 1 m1^2 

1
12 56
2 19
0 0 1 0 0 0 0 0 0 0 
0 0 1 0 0 0 0 0 0 0 
0 0 1 0 0 0 0 0 0 0 
1 0 0 0 0 0 0 0 0 0 
0 1 0 0 0 0 0 0 0 0 
0 0 0 0 1 0 0 0 0 0 
0 0 1 0 0 0 0 0 0 0 
0 0 1 0 0 0 0 0 0 0 
0 0 1 0 0 0 0 0 0 0 

1
12 57
12 23
1 0 0 0 0 0 0 0 0 0 
0 0 0 1 0 0 0 0 0 0 
0 0 0 1 0 0 0 0 0 0 
0 1 0 0 0 0 0 0 0 0 
0 0 0 0 1 0 0 0 0 0 
0 0 1 0 0 0 0 0 0 0 
0 0 0 1 0 0 0 0 0 0 
0 0 0 1 0 0 0 0 0 0 
0 0 0 1 0 0 0 0 0 0 

0
12 58
6 30
1 -2 0 1 1 -1 0 0 1 -m2^2-m1^2 
0 0 0 1 0 0 0 0 0 0 
0 -1 1 1 1 -1 0 0 0 s 
0 1 0 0 0 0 0 0 0 0 
0 0 1 0 0 0 0 0 0 0 
0 0 0 0 1 0 0 0 0 0 
0 1 0 1 0 0 -1 0 0 s+2*m1^2 
0 -1 0 1 1 -1 -1 1 1 s 
0 1 0 1 0 0 0 0 -1 s+2*m1^2 

1
12 59
12 31
1 0 0 0 0 0 0 0 0 0 
0 0 0 1 0 0 0 0 0 0 
0 0 0 0 0 1 0 0 0 0 
0 1 0 0 0 0 0 0 0 0 
0 0 0 0 1 0 0 0 0 0 
0 0 1 0 0 0 0 0 0 0 
0 0 0 0 0 1 0 0 0 0 
0 0 0 0 0 1 0 0 0 0 
0 0 0 0 0 1 0 0 0 0 

0
12 60
3 30
0 -1 0 1 0 0 0 0 1 -s-m2^2 
0 -1 1 1 1 -1 0 0 0 s 
0 0 0 1 0 0 0 0 0 0 
0 0 0 0 1 0 0 0 0 0 
0 0 1 0 0 0 0 0 0 0 
0 1 0 0 0 0 0 0 0 0 
-1 0 1 1 1 -1 -1 1 0 2*s+m1^2-t 
0 0 0 1 0 0 -1 0 1 t 
-1 0 2 1 1 -1 0 0 -1 2*s+m1^2 

1
12 61
12 55
1 0 0 0 0 0 0 0 0 0 
0 0 0 1 0 0 0 0 0 0 
0 0 0 0 0 1 0 0 0 0 
0 1 0 0 0 0 0 0 0 0 
0 0 0 0 1 0 0 0 0 0 
0 0 1 0 0 0 0 0 0 0 
0 0 0 1 0 0 0 0 0 0 
0 0 0 1 0 0 0 0 0 0 
0 0 0 1 0 0 0 0 0 0 

0
12 62
6 62
1 0 0 0 0 0 0 0 0 -m2^2 
0 1 0 0 0 0 0 0 0 0 
0 0 1 0 0 0 0 0 0 0 
0 0 0 1 0 0 0 0 0 0 
0 0 0 0 1 0 0 0 0 0 
0 0 0 0 0 1 0 0 0 0 
0 0 0 0 0 0 1 0 0 0 
0 0 0 0 0 0 0 1 0 0 
0 0 0 0 0 0 0 0 1 0 

