504 2761152968458947521 1 6
4 7 5 8 6 3 

500 3974173818218218832 1 6
4 8 6 7 5 2 

498 10252234817797781856 1 6
4 7 5 8 6 1 

497 17322388646552411098 1 6
4 8 6 7 5 0 

492 1675809111622312978 2 6
7 5 2 6 8 3 
7 5 2 8 6 3 

490 15423353957267158343 2 6
5 7 6 8 3 1 
5 7 8 6 3 1 

489 9160110024777441401 2 6
5 7 0 6 8 3 
5 7 0 8 6 3 

486 7150558449647952260 2 6
7 5 2 6 8 1 
7 5 2 8 6 1 

485 7136605968295652852 2 6
6 8 7 5 2 0 
8 6 7 5 2 0 

483 13702852699913854528 2 6
5 7 0 6 8 1 
5 7 0 8 6 1 

476 13961724341882948412 1 6
4 7 2 8 6 3 

474 13509310031153617629 1 6
4 7 8 6 3 1 

473 11878067127402991219 1 6
4 7 0 8 6 3 

470 13592971280340233344 1 6
4 7 2 8 6 1 

469 16030765850916400737 1 6
4 8 6 7 2 0 

467 5520493032748582736 1 6
4 7 0 8 6 1 

462 474535293427379883 4 6
2 7 6 8 3 1 
2 7 8 6 3 1 
7 2 6 8 3 1 
7 2 8 6 3 1 

461 15046395306472274904 4 6
6 8 3 7 2 0 
6 8 3 2 7 0 
8 6 3 2 7 0 
8 6 3 7 2 0 

455 16539091357337722982 4 6
6 8 1 7 2 0 
6 8 1 2 7 0 
8 6 1 2 7 0 
8 6 1 7 2 0 

444 9740422095532579671 1 6
4 8 3 7 5 2 

442 18088296417009717382 1 6
4 7 5 8 1 3 

441 16889702111883954979 1 6
4 8 3 7 5 0 

438 1399685289623427798 1 6
4 8 1 7 5 2 

437 17274792842741355816 1 6
4 8 7 5 2 0 

435 3113963960639913535 1 6
4 8 1 7 5 0 

430 3044924205114562386 1 6
7 5 2 3 1 8 

429 1946996639627686109 1 6
3 8 7 5 2 0 

427 5488447163871687955 1 6
5 7 0 3 1 8 

423 6490848897331974775 1 6
1 8 7 5 2 0 

414 8545367358657344219 1 6
4 7 2 8 3 1 

413 16944653101034135304 1 6
4 8 3 7 2 0 

411 1284105179225804413 1 6
4 7 0 8 3 1 

407 15738986558449136155 1 6
4 8 1 7 2 0 

399 11037656475127132375 2 6
2 7 0 3 1 8 
7 2 0 3 1 8 

380 2725331342524916486 2 6
4 5 2 6 8 3 
4 5 2 8 6 3 

378 4265174465039867925 2 6
4 5 6 8 1 3 
4 5 8 6 1 3 

377 5117549791122857427 1 6
4 5 0 6 8 3 

374 5525839262414328548 2 6
4 5 2 6 8 1 
4 5 2 8 6 1 

373 9187636863856839318 1 6
4 6 8 5 0 2 

371 959536914293408604 1 6
4 5 0 6 8 1 

366 7888233204635081984 2 6
5 2 6 8 3 1 
5 2 8 6 3 1 

365 7345974372159521405 2 6
6 8 3 5 2 0 
8 6 3 5 2 0 

363 8110887992855088075 2 6
5 0 6 8 3 1 
5 0 8 6 3 1 

359 16809298881377395085 2 6
6 8 1 5 2 0 
8 6 1 5 2 0 

350 8957181242750982384 2 6
4 2 6 8 3 1 
4 2 8 6 3 1 

349 4763152021144257673 1 6
4 2 0 6 8 3 

347 14049767419459114077 1 6
4 0 6 8 3 1 

343 9086626890166841270 1 6
4 0 2 6 8 1 

318 18052452779147920265 1 6
4 5 2 1 3 8 

317 17404218501985969936 1 6
4 3 8 5 2 0 

315 12801208215758083542 1 6
4 5 0 1 3 8 

311 6292527288635465922 1 6
4 1 8 5 2 0 

303 17154171567218498323 1 6
3 1 8 5 2 0 

287 4268422356837459509 1 6
4 2 0 3 1 8 

252 5662815264307038200 1 6
4 3 6 7 5 2 

250 14302641225973277286 1 6
4 5 7 1 3 6 

249 927567763436358075 1 6
4 3 6 5 7 0 

246 1550631438465849702 1 6
4 1 6 7 5 2 

245 6994965286772693370 1 6
4 6 7 5 2 0 

243 17442562252174914741 1 6
4 1 6 5 7 0 

238 3044924205114562386 1 6
7 5 2 3 1 6 

237 1946996639627686109 1 6
3 6 7 5 2 0 

235 5488447163871687955 1 6
5 7 0 3 1 6 

231 6490848897331974775 1 6
1 6 7 5 2 0 

222 766900615777447830 1 6
4 2 7 3 1 6 

221 1703907655107277453 1 6
4 3 6 2 7 0 

219 8132608797855349217 1 6
4 0 7 3 1 6 

215 7882233450599610438 1 6
4 1 6 2 7 0 

207 11037656475127132375 2 6
2 7 0 3 1 6 
7 2 0 3 1 6 

190 6159450183354988735 1 6
4 1 3 7 5 2 

189 7460881655938830613 2 6
3 4 7 5 2 0 
4 3 7 5 2 0 

187 7418824564450186545 1 6
4 1 3 5 7 0 

183 16521995639395958758 2 6
1 4 7 5 2 0 
4 1 7 5 2 0 

175 3920857093195569783 2 6
1 3 7 5 2 0 
3 1 7 5 2 0 

159 1807220180681765319 1 6
4 3 1 2 7 0 

390 4031891465063058232 2 4
2 7 1 8 
7 2 1 8 

354 4835524456154860140 2 4
5 6 8 1 
5 8 6 1 

291 4588159413583185618 1 4
1 8 5 0 

34 16057663672689140328 1 2
1 5 

204 8493663442729239952 2 4
2 7 3 6 
7 2 3 6 

198 4031891465063058232 2 4
2 7 1 6 
7 2 1 6 

396 8493663442729239952 2 4
2 7 3 8 
7 2 3 8 

142 12515101411917882250 4 4
2 7 3 1 
2 7 1 3 
7 2 3 1 
7 2 1 3 

141 1297660864994409246 2 4
3 2 7 0 
3 7 2 0 

398 16723959569530753563 2 5
2 7 3 1 8 
7 2 3 1 8 

135 1297660864994409246 2 4
1 2 7 0 
1 7 2 0 

120 18152866579055490326 1 4
4 5 3 6 

116 257437127751658549 1 4
4 6 5 2 

368 15088478831565327740 2 4
4 5 6 8 
4 5 8 6 

111 17154171567218498323 1 6
3 1 6 5 2 0 

114 16111807830461215160 1 4
4 5 1 6 

240 8334078286695474400 1 4
4 6 5 7 

113 14478303875819611138 1 4
4 6 5 0 

370 11716206039042127164 2 5
4 5 6 8 1 
4 5 8 6 1 

108 13455359135853175758 1 4
3 6 5 2 

360 6017716321959990522 2 4
5 6 8 3 
5 8 6 3 

103 11764396749544408957 1 5
1 6 5 2 0 

106 10373105116843450514 1 4
5 3 1 6 

232 4426016785619936771 1 4
5 7 3 6 

105 505479176601714564 1 4
3 6 5 0 

362 12042248289136424661 2 5
5 6 8 3 1 
5 8 6 3 1 

356 16251731767219310569 2 4
6 8 5 2 
8 6 5 2 

99 4588159413583185618 1 4
1 6 5 0 

102 5978887131854984562 1 4
1 6 5 2 

353 17520452208558333313 2 4
6 8 5 0 
8 6 5 0 

226 3014461997302402781 1 4
5 7 1 6 

92 14533302915995167792 1 4
4 2 3 6 

344 12204887911433595916 2 4
4 6 8 3 
4 8 6 3 

87 9809208256441228544 1 5
4 1 6 0 2 

90 9693922300512107380 1 4
4 3 1 6 

216 14681228463328592267 1 4
4 7 3 6 

89 17954915418073282535 1 4
4 0 3 6 

346 10898373428720571172 2 5
4 6 8 3 1 
4 8 6 3 1 

340 226421198591463406 2 4
4 2 6 8 
4 2 8 6 

83 10942079942877282310 1 4
4 0 1 6 

86 12665658800969560403 1 4
4 2 1 6 

212 226421198591463406 2 4
4 6 2 7 
4 6 7 2 

85 4948116393017434839 1 4
4 6 0 2 

342 17527183082697064031 2 5
4 2 6 8 1 
4 2 8 6 1 

337 14615264421845792724 1 4
4 0 6 8 

210 14983868942423749849 1 4
4 7 1 6 

104 5019863189302586700 1 3
5 3 6 

361 5903600775802830531 2 5
5 0 6 8 3 
5 0 8 6 3 

172 7127346108757440928 1 4
3 7 5 2 

45 6416506638118399046 1 4
3 5 2 0 

302 14356584018457127323 1 5
5 2 3 1 8 

282 9693922300512107380 1 4
4 3 1 8 

25 14844484263115851232 2 3
3 4 0 
4 3 0 

28 4919816956390363847 2 3
3 4 2 
4 3 2 

285 18196065610550370270 1 5
4 3 8 2 0 

88 13001400643428566402 1 3
4 3 6 

345 647918351891563152 1 5
4 0 6 8 3 

156 2200761865935124616 2 4
3 4 2 7 
4 3 2 7 

29 10199211515462242827 2 4
3 4 2 0 
4 3 2 0 

286 1511667507412109768 1 5
4 2 3 1 8 

56 4817618029268971058 2 3
3 4 5 
4 3 5 

313 2469999186194057857 1 5
4 3 8 5 0 

140 5080913640879023083 2 3
3 2 7 
3 7 2 

397 4561947393367481413 2 5
3 8 7 2 0 
3 8 2 7 0 

306 16111807830461215160 1 4
4 5 1 8 

49 4189010045326060690 1 3
4 5 0 

52 13330154944843628050 1 3
4 5 2 

309 8522620036093707933 1 5
4 8 5 2 0 

298 10373105116843450514 1 4
5 3 1 8 

41 4189010045326060690 1 3
3 5 0 

44 13330154944843628050 1 3
3 5 2 

301 10816016787520698068 1 5
3 8 5 2 0 

134 5080913640879023083 2 3
1 2 7 
1 7 2 

391 4268237435051051075 2 5
1 8 2 7 0 
1 8 7 2 0 

18 11458095499876941894 2 2
1 4 
4 1 

275 12665658800969560403 1 4
4 0 1 8 

277 2152610329601454749 2 4
4 8 0 2 
4 8 2 0 

150 15568080105151738533 2 4
1 4 2 7 
4 1 2 7 

23 10339155598992053464 4 4
1 4 2 0 
1 4 0 2 
4 1 2 0 
4 1 0 2 

280 13001400643428566402 1 3
4 3 8 

278 12665658800969560403 1 4
4 2 1 8 

24 11458095499876941894 2 2
3 4 
4 3 

281 5304502838303159492 1 4
4 0 3 8 

166 7127346108757440928 1 4
1 7 5 2 

39 6416506638118399046 1 4
1 5 2 0 

296 5019863189302586700 1 3
5 3 8 

294 5978887131854984562 1 4
1 8 5 2 

40 16057663672689140328 1 2
3 5 

297 505479176601714564 1 4
3 8 5 0 

149 1297660864994409246 2 4
4 2 7 0 
4 7 2 0 

406 14279892379594757309 1 5
4 7 2 8 1 

22 14844484263115851232 2 3
1 4 2 
4 1 2 

279 17678222277129082810 2 5
4 1 8 0 2 
4 1 8 2 0 

276 17615132805313434940 2 3
4 2 8 
4 8 2 

19 14844484263115851232 2 3
1 4 0 
4 1 0 

162 6934375435065871965 1 3
1 5 7 

419 1878299114580955791 1 5
1 8 5 7 0 

35 4189010045326060690 1 3
1 5 0 

48 16057663672689140328 1 2
4 5 

305 4024578571985490282 1 4
4 8 5 0 

112 9246985618930380126 1 3
4 5 6 

369 14174452771968997432 1 5
4 6 8 5 0 

180 7127346108757440928 1 4
4 7 5 2 

53 6416506638118399046 1 4
4 5 2 0 

310 24259618806753236 1 5
4 1 8 5 2 

152 16392443560885564140 2 3
3 4 7 
4 3 7 

409 16378608778317867194 1 5
4 7 0 8 3 

338 2468621873451478170 2 4
4 6 8 1 
4 8 6 1 

81 5524994537437787385 2 3
4 0 6 
4 6 0 

84 17615132805313434940 2 3
4 2 6 
4 6 2 

341 881787807947768497 1 5
4 6 8 0 2 

38 13330154944843628050 1 3
1 5 2 

295 11764396749544408957 1 5
1 8 5 2 0 

147 3862016362162255841 2 4
1 4 0 7 
4 1 0 7 

404 3790604768621978885 1 4
4 8 7 2 

274 6997263561283798516 1 3
4 1 8 

153 896162092641806818 2 4
3 4 0 7 
4 3 0 7 

410 11178327509928338305 1 5
4 7 8 3 1 

26 7590509903095700417 2 3
4 3 1 
4 1 3 

283 2235230619052890441 1 5
4 0 3 1 8 

168 6934375435065871965 1 3
3 5 7 

425 8766467585725180173 1 5
3 8 5 7 0 

209 4948116393017434839 1 4
4 6 0 7 

466 16331428646540513647 1 5
4 7 8 6 1 

82 6997263561283798516 1 3
4 1 6 

339 8769167707353130788 1 5
4 0 6 8 1 

336 5080913640879023083 2 3
4 6 8 
4 8 6 

148 5080913640879023083 2 3
4 2 7 
4 7 2 

405 12602300892921899921 1 5
4 8 7 2 0 

284 14533302915995167792 1 4
4 2 3 8 

27 14442703713620714436 2 4
4 0 3 1 
4 0 1 3 

30 2838047255674900199 1 4
4 2 3 1 

176 6934375435065871965 1 3
4 5 7 

433 7994834251168189207 1 5
4 8 7 5 0 

312 18152866579055490326 1 4
4 5 3 8 

55 13467330142931305245 2 5
1 4 5 2 0 
4 1 5 2 0 

58 3627807657670705814 1 4
4 5 1 3 

208 17615132805313434940 2 3
4 6 7 
4 7 6 

465 9718031617163024365 1 5
4 8 6 7 0 

163 6811210585565626707 1 4
1 5 7 0 

290 108422713436611649 1 3
5 1 8 

308 257437127751658549 1 4
4 8 5 2 

51 14323863852488825624 2 4
1 4 5 0 
4 1 5 0 

54 8698539225143350715 2 4
1 4 5 2 
4 1 5 2 

169 6811210585565626707 1 4
3 5 7 0 

426 4312697656341085239 1 5
5 7 3 1 8 

42 11732794835329956294 2 3
5 3 1 
5 1 3 

299 3696986549468210503 1 5
5 0 3 1 8 

60 17563449245570560355 2 4
3 4 5 2 
4 3 5 2 

177 6811210585565626707 1 4
4 5 7 0 

434 11482333509470440861 1 5
4 7 5 8 1 

50 6869057770693839397 2 3
1 4 5 
4 1 5 

307 662560091566707669 1 5
4 1 8 5 0 

304 9246985618930380126 1 3
4 5 8 

47 4219754301350906670 2 5
1 3 5 2 0 
3 1 5 2 0 

98 108422713436611649 1 3
5 1 6 

355 11778207928077577380 2 5
5 0 6 8 1 
5 0 8 6 1 

352 5697750978532764374 2 3
5 6 8 
5 8 6 

95 5130007307780246181 1 6
4 2 0 3 1 6 

184 9896725092295936409 2 4
3 4 5 7 
4 3 5 7 

57 3296902166336847173 2 4
3 4 5 0 
4 3 5 0 

314 16370265932885368440 1 5
4 5 1 3 8 

146 10056767622057400522 2 3
1 4 7 
4 1 7 

403 14249829950092029524 1 5
4 7 0 8 1 

273 17615132805313434940 2 3
4 0 8 
4 8 0 

400 11556023105687141039 2 3
4 7 8 
4 8 7 

143 6251117076507753309 4 5
1 3 2 7 0 
1 3 7 2 0 
3 1 2 7 0 
3 1 7 2 0 

300 13455359135853175758 1 4
3 8 5 2 

43 14074711550630585124 2 4
1 3 5 0 
3 1 5 0 

46 10538385073709486156 2 4
1 3 5 2 
3 1 5 2 

154 8868495816888195275 1 4
4 7 3 1 

170 17842323657757697934 2 4
5 7 1 3 
5 7 3 1 

178 2890294290070794145 2 4
1 4 5 7 
4 1 5 7 

401 13741320112478598839 1 4
4 8 7 0 

402 8970886276437650666 1 4
4 7 8 1 

408 8979774146159879214 1 4
4 7 8 3 

151 7770072586488327789 2 5
1 4 2 7 0 
4 1 2 7 0 

418 3014461997302402781 1 4
5 7 1 8 

424 4426016785619936771 1 4
5 7 3 8 

167 3716404537852505587 1 5
1 7 5 2 0 

432 2201755111452910593 1 4
4 8 7 5 

452 5568158931765736262 8 4
2 7 6 8 
2 7 8 6 
6 8 7 2 
6 8 2 7 
7 2 6 8 
7 2 8 6 
8 6 7 2 
8 6 2 7 

464 3790604768621978885 1 4
4 7 8 6 

480 12099417338926070879 2 4
5 7 6 8 
5 7 8 6 

31 3740388913833161659 1 5
4 3 1 2 0 

59 8272979915589380273 1 5
4 5 0 1 3 

316 5030000230055774163 1 5
4 3 8 5 2 

61 8779794929952659103 2 5
3 4 5 2 0 
4 3 5 2 0 

62 5999339224141322391 1 5
4 5 2 1 3 

91 4163123371519812476 1 5
4 0 3 1 6 

348 2922325904442795815 2 5
4 2 6 8 3 
4 2 8 6 3 

93 16285156163017437206 1 5
4 3 6 2 0 

94 1511667507412109768 1 5
4 2 3 1 6 

107 3696986549468210503 1 5
5 0 3 1 6 

364 10153042098865015948 2 5
5 2 6 8 3 
5 2 8 6 3 

109 10816016787520698068 1 5
3 6 5 2 0 

110 14356584018457127323 1 5
5 2 3 1 6 

115 14046721872469917075 1 5
4 1 6 5 0 

372 17498334608805880141 2 5
4 6 8 5 2 
4 8 6 5 2 

117 6877986592215690490 1 5
4 6 5 0 2 

118 24259618806753236 1 5
4 1 6 5 2 

121 10180711121138464844 1 5
4 3 6 5 0 

122 16370265932885368440 1 5
4 5 1 3 6 

124 5030000230055774163 1 5
4 3 6 5 2 

155 5992197961092021593 1 5
4 3 1 0 7 

412 7436555877035675843 1 5
4 7 2 8 3 

157 2337414111496276933 2 5
3 4 2 7 0 
4 3 2 7 0 

158 8643990849141517647 1 5
4 2 7 3 1 

171 5275576040281954524 2 5
1 3 5 7 0 
3 1 5 7 0 

428 1084546914994440233 1 5
3 8 7 5 2 

173 3716404537852505587 1 5
3 7 5 2 0 

174 2914086189668368649 2 5
1 3 7 5 2 
3 1 7 5 2 

179 4966344262054075278 2 5
1 4 5 7 0 
4 1 5 7 0 

436 9609852828414544244 1 5
4 8 7 5 2 

181 3716404537852505587 1 5
4 7 5 2 0 

182 7611896509108374158 2 5
1 4 7 5 2 
4 1 7 5 2 

185 12308499548001673556 2 5
3 4 5 7 0 
4 3 5 7 0 

186 6396076408797386272 1 5
4 5 7 1 3 

188 9032770870598945559 2 5
3 4 7 5 2 
4 3 7 5 2 

199 4268237435051051075 2 5
1 6 2 7 0 
1 6 7 2 0 

205 4561947393367481413 2 5
3 6 2 7 0 
3 6 7 2 0 

206 16723959569530753563 2 5
2 7 3 1 6 
7 2 3 1 6 

211 1017325437493199517 1 5
4 0 7 1 6 

468 6109598279510717338 2 5
4 7 2 8 6 
4 8 6 7 2 

213 11941101936742386185 2 5
4 6 2 7 0 
4 6 7 2 0 

214 7568540835152855994 1 5
4 2 7 1 6 

217 10771145374285488534 1 5
4 0 7 3 6 

218 16076442953220504389 1 5
4 7 3 1 6 

220 12569849826464653638 1 5
4 2 7 3 6 

227 1878299114580955791 1 5
1 6 5 7 0 

484 10029916486972042104 2 5
6 8 7 5 2 
8 6 7 5 2 

230 10477814858966472921 1 5
1 6 7 5 2 

233 8766467585725180173 1 5
3 6 5 7 0 

234 4312697656341085239 1 5
5 7 3 1 6 

236 1084546914994440233 1 5
3 6 7 5 2 

241 708497866278528034 1 5
4 6 5 7 0 

242 5559625994571898255 1 5
4 5 7 1 6 

244 5133467312138766644 1 5
4 6 7 5 2 

248 6918523893708178281 1 5
4 5 7 3 6 

357 15999791148062299902 2 5
6 8 5 2 0 
8 6 5 2 0 

358 4175362208363934706 2 5
5 2 6 8 1 
5 2 8 6 1 

376 7938468722314830511 2 5
4 5 6 8 3 
4 5 8 6 3 

119 17910394576439606325 1 6
4 1 6 5 0 2 

422 10477814858966472921 1 5
1 8 7 5 2 

440 6487381623535810854 1 5
4 7 5 8 3 

453 15486635454966755162 4 5
6 8 7 2 0 
6 8 2 7 0 
8 6 2 7 0 
8 6 7 2 0 

454 5835472156958768138 4 5
2 7 6 8 1 
2 7 8 6 1 
7 2 6 8 1 
7 2 8 6 1 

460 9645966316441177347 4 5
2 7 6 8 3 
2 7 8 6 3 
7 2 6 8 3 
7 2 8 6 3 

472 12355990757757458617 1 5
4 7 8 6 3 

481 1030987436300181088 2 5
6 8 5 7 0 
8 6 5 7 0 

482 3693392043816557816 2 5
5 7 6 8 1 
5 7 8 6 1 

488 14003908247599607952 2 5
5 7 6 8 3 
5 7 8 6 3 

496 13502135885225873121 1 5
4 7 5 8 6 

63 5803545150728197682 1 6
4 1 3 5 2 0 

123 13425750577393670609 1 6
4 5 0 1 3 6 

125 17059431671284596750 1 6
4 3 6 5 2 0 

126 18052452779147920265 1 6
4 5 2 1 3 6 

