C1[0, 0, 1, 1, 1, 0, 0, 0, 0]
C1[0, 1, 1, 1, 0, 0, 0, 0, 0]
C1[0, 1, 1, 1, 1, 0, -1, 0, 0]
C1[0, 1, 1, 1, 1, 0, 0, 0, -1]
C1[0, 1, 1, 1, 1, 0, 0, 0, 0]
C1[1, -1, 1, 1, 1, 0, 0, 0, 0]
C1[1, 0, 0, 1, 1, 0, 0, 0, 0]
C1[1, 0, 1, 0, 1, 0, 0, 0, 0]
C1[1, 0, 1, 1, 0, 0, 0, 0, 0]
C1[1, 0, 1, 1, 1, -1, 0, 0, 0]
C1[1, 0, 1, 1, 1, 0, -1, 0, 0]
C1[1, 0, 1, 1, 1, 0, 0, -1, 0]
C1[1, 0, 1, 1, 1, 0, 0, 0, -1]
C1[1, 0, 1, 1, 1, 0, 0, 0, 0]
C1[1, 1, 0, 1, 0, 0, 0, 0, 0]
C1[1, 1, 0, 1, 1, 0, -1, 0, 0]
C1[1, 1, 0, 1, 1, 0, 0, 0, -1]
C1[1, 1, 0, 1, 1, 0, 0, 0, 0]
C1[1, 1, 1, 0, 0, 0, 0, 0, 0]
C1[1, 1, 1, 0, 1, 0, -1, 0, 0]
C1[1, 1, 1, 0, 1, 0, 0, 0, -1]
C1[1, 1, 1, 0, 1, 0, 0, 0, 0]
C1[1, 1, 1, 1, -1, 0, 0, 0, 0]
C1[1, 1, 1, 1, 0, -1, 0, 0, 0]
C1[1, 1, 1, 1, 0, 0, -1, 0, 0]
C1[1, 1, 1, 1, 0, 0, 0, -1, 0]
C1[1, 1, 1, 1, 0, 0, 0, 0, -1]
C1[1, 1, 1, 1, 0, 0, 0, 0, 0]
C1[1, 1, 1, 1, 1, -1, -1, 0, 0]
C1[1, 1, 1, 1, 1, -1, 0, 0, -1]
C1[1, 1, 1, 1, 1, -1, 0, 0, 0]
C1[1, 1, 1, 1, 1, 0, -2, 0, 0]
C1[1, 1, 1, 1, 1, 0, -1, -1, 0]
C1[1, 1, 1, 1, 1, 0, -1, 0, -1]
C1[1, 1, 1, 1, 1, 0, -1, 0, 0]
C1[1, 1, 1, 1, 1, 0, 0, -1, -1]
C1[1, 1, 1, 1, 1, 0, 0, -1, 0]
C1[1, 1, 1, 1, 1, 0, 0, 0, -2]
C1[1, 1, 1, 1, 1, 0, 0, 0, -1]
C1[1, 1, 1, 1, 1, 0, 0, 0, 0]