A7[1, 0, 0, 0]
A7[-1, 1, 1, 0]
A7[0, 0, 1, 0]
A7[0, 1, 0, 0]
A7[0, 1, 1, -1]
A7[0, 1, 1, 0]
A7[1, -1, 1, 0]
A7[1, 0, 0, 0]
A7[1, 0, 1, -1]
A7[1, 0, 1, 0]
A7[1, 1, -1, 0]
A7[1, 1, 0, -1]
A7[1, 1, 0, 0]
A7[1, 1, 1, -2]
A7[1, 1, 1, -1]
A7[1, 1, 1, 0]
A7[1, 0, 0, 0]
A7[-1, 1, 1, 0]
A7[0, 0, 1, 0]
A7[0, 1, 0, 0]
A7[0, 1, 1, -1]
A7[0, 1, 1, 0]
A7[1, -1, 1, 0]
A7[1, 0, 0, 0]
A7[1, 0, 1, -1]
A7[1, 0, 1, 0]
A7[1, 1, -1, 0]
A7[1, 1, 0, -1]
A7[1, 1, 0, 0]
A7[1, 1, 1, -2]
A7[1, 1, 1, -1]
A7[1, 1, 1, 0]
A7[1, 0, 0, 0]
A7[-1, 0, 0, 0]
A7[0, -1, 0, 0]
A7[0, 0, -1, 0]
A7[0, 0, 0, -1]
A7[0, 0, 0, 0]
A7[1, -2, 0, 0]
A7[1, -1, -1, 0]
A7[1, -1, 0, -1]
A7[1, -1, 0, 0]
A7[1, 0, -2, 0]
A7[1, 0, -1, -1]
A7[1, 0, -1, 0]
A7[1, 0, 0, -2]
A7[1, 0, 0, -1]
A7[-1, 0, 0, 0]
A7[0, -1, 0, 0]
A7[0, 0, -1, 0]
A7[0, 0, 0, -1]
A7[0, 0, 0, 0]
A7[1, -2, 0, 0]
A7[1, -1, -1, 0]
A7[1, -1, 0, -1]
A7[1, -1, 0, 0]
A7[1, 0, -2, 0]
A7[1, 0, -1, -1]
A7[1, 0, -1, 0]
A7[1, 0, 0, -2]
A7[1, 0, 0, -1]