H31[-1, 1, 1, 1, 0, 0, 0, 0, 0]
H31[0, 1, 0, 1, 0, 0, 0, 0, 0]
H31[0, 1, 1, 0, 0, 0, 0, 0, 0]
H31[0, 1, 1, 1, 0, 0, 0, -1, 0]
H31[0, 1, 1, 1, 0, 0, 0, 0, 0]
H31[1, 1, -1, 1, 0, 0, 0, 0, 0]
H31[1, 1, 0, 0, 0, 0, 0, 0, 0]
H31[1, 1, 0, 1, 0, 0, 0, -1, 0]
H31[1, 1, 0, 1, 0, 0, 0, 0, 0]
H31[1, 1, 1, -1, 0, 0, 0, 0, 0]
H31[1, 1, 1, 0, 0, 0, 0, -1, 0]
H31[1, 1, 1, 0, 0, 0, 0, 0, 0]
H31[1, 1, 1, 1, 0, 0, 0, -2, 0]
H31[1, 1, 1, 1, 0, 0, 0, -1, 0]
H31[1, 1, 1, 1, 0, 0, 0, 0, 0]
H31[-1, 1, 2, 1, 0, 0, 0, 0, 0]
H31[0, 1, 1, 1, 0, 0, 0, 0, 0]
H31[0, 1, 2, 0, 0, 0, 0, 0, 0]
H31[0, 1, 2, 1, 0, 0, 0, -1, 0]
H31[0, 1, 2, 1, 0, 0, 0, 0, 0]
H31[1, 1, 0, 1, 0, 0, 0, 0, 0]
H31[1, 1, 1, 0, 0, 0, 0, 0, 0]
H31[1, 1, 1, 1, 0, 0, 0, -1, 0]
H31[1, 1, 1, 1, 0, 0, 0, 0, 0]
H31[1, 1, 2, -1, 0, 0, 0, 0, 0]
H31[1, 1, 2, 0, 0, 0, 0, -1, 0]
H31[1, 1, 2, 0, 0, 0, 0, 0, 0]
H31[1, 1, 2, 1, 0, 0, 0, -2, 0]
H31[1, 1, 2, 1, 0, 0, 0, -1, 0]
H31[1, 1, 2, 1, 0, 0, 0, 0, 0]
H31[-1, 1, 2, 1, 0, 0, 0, 0, 0]
H31[0, 1, 2, 0, 0, 0, 0, 0, 0]
H31[0, 1, 2, 1, 0, 0, 0, -1, 0]
H31[0, 1, 2, 1, 0, 0, 0, 0, 0]
H31[1, 1, 2, -1, 0, 0, 0, 0, 0]
H31[1, 1, 2, 0, 0, 0, 0, -1, 0]
H31[1, 1, 2, 0, 0, 0, 0, 0, 0]
H31[1, 1, 2, 1, 0, 0, 0, -2, 0]
H31[1, 1, 2, 1, 0, 0, 0, -1, 0]
H31[1, 1, 2, 1, 0, 0, 0, 0, 0]
H31[-2, 1, 2, 1, 1, 0, 0, 0, 0]
H31[-1, 0, 2, 1, 1, 0, 0, 0, 0]
H31[-1, 1, 1, 1, 1, 0, 0, 0, 0]
H31[-1, 1, 2, 0, 1, 0, 0, 0, 0]
H31[-1, 1, 2, 1, 1, -1, 0, 0, 0]
H31[-1, 1, 2, 1, 1, 0, -1, 0, 0]
H31[-1, 1, 2, 1, 1, 0, 0, -1, 0]
H31[-1, 1, 2, 1, 1, 0, 0, 0, -1]
H31[-1, 1, 2, 1, 1, 0, 0, 0, 0]
H31[0, -1, 2, 1, 1, 0, 0, 0, 0]
H31[0, 0, 1, 1, 1, 0, 0, 0, 0]
H31[0, 0, 2, 0, 1, 0, 0, 0, 0]
H31[0, 0, 2, 1, 0, 0, 0, 0, 0]
H31[0, 0, 2, 1, 1, -1, 0, 0, 0]
H31[0, 0, 2, 1, 1, 0, -1, 0, 0]
H31[0, 0, 2, 1, 1, 0, 0, -1, 0]
H31[0, 0, 2, 1, 1, 0, 0, 0, -1]
H31[0, 0, 2, 1, 1, 0, 0, 0, 0]
H31[0, 1, 0, 1, 1, 0, 0, 0, 0]
H31[0, 1, 1, 0, 1, 0, 0, 0, 0]
H31[0, 1, 1, 1, 1, -1, 0, 0, 0]
H31[0, 1, 1, 1, 1, 0, -1, 0, 0]
H31[0, 1, 1, 1, 1, 0, 0, -1, 0]
H31[0, 1, 1, 1, 1, 0, 0, 0, -1]
H31[0, 1, 1, 1, 1, 0, 0, 0, 0]
H31[0, 1, 2, -1, 1, 0, 0, 0, 0]
H31[0, 1, 2, 0, 1, -1, 0, 0, 0]
H31[0, 1, 2, 0, 1, 0, -1, 0, 0]
H31[0, 1, 2, 0, 1, 0, 0, -1, 0]
H31[0, 1, 2, 0, 1, 0, 0, 0, -1]
H31[0, 1, 2, 0, 1, 0, 0, 0, 0]
H31[0, 1, 2, 1, -1, 0, 0, 0, 0]
H31[0, 1, 2, 1, 0, -1, 0, 0, 0]
H31[0, 1, 2, 1, 0, 0, -1, 0, 0]
H31[0, 1, 2, 1, 0, 0, 0, 0, -1]
H31[0, 1, 2, 1, 1, -2, 0, 0, 0]
H31[0, 1, 2, 1, 1, -1, -1, 0, 0]
H31[0, 1, 2, 1, 1, -1, 0, -1, 0]
H31[0, 1, 2, 1, 1, -1, 0, 0, -1]
H31[0, 1, 2, 1, 1, -1, 0, 0, 0]
H31[0, 1, 2, 1, 1, 0, -2, 0, 0]
H31[0, 1, 2, 1, 1, 0, -1, -1, 0]
H31[0, 1, 2, 1, 1, 0, -1, 0, -1]
H31[0, 1, 2, 1, 1, 0, -1, 0, 0]
H31[0, 1, 2, 1, 1, 0, 0, -1, 0]
H31[0, 1, 2, 1, 1, 0, 0, 0, -1]
H31[0, 1, 2, 1, 1, 0, 0, 0, 0]
H31[1, -1, 1, 1, 1, 0, 0, 0, 0]
H31[1, -1, 2, 0, 1, 0, 0, 0, 0]
H31[1, -1, 2, 1, 1, 0, 0, -1, 0]
H31[1, -1, 2, 1, 1, 0, 0, 0, 0]
H31[1, 0, 0, 1, 1, 0, 0, 0, 0]
H31[1, 0, 1, 0, 1, 0, 0, 0, 0]
H31[1, 0, 1, 1, 0, 0, 0, 0, 0]
H31[1, 0, 1, 1, 1, -1, 0, 0, 0]
H31[1, 0, 1, 1, 1, 0, -1, 0, 0]
H31[1, 0, 1, 1, 1, 0, 0, -1, 0]
H31[1, 0, 1, 1, 1, 0, 0, 0, -1]
H31[1, 0, 1, 1, 1, 0, 0, 0, 0]
H31[1, 0, 2, -1, 1, 0, 0, 0, 0]
H31[1, 0, 2, 0, 0, 0, 0, 0, 0]
H31[1, 0, 2, 0, 1, -1, 0, 0, 0]
H31[1, 0, 2, 0, 1, 0, -1, 0, 0]
H31[1, 0, 2, 0, 1, 0, 0, -1, 0]
H31[1, 0, 2, 0, 1, 0, 0, 0, -1]
H31[1, 0, 2, 0, 1, 0, 0, 0, 0]
H31[1, 0, 2, 1, 0, 0, 0, -1, 0]
H31[1, 0, 2, 1, 0, 0, 0, 0, 0]
H31[1, 0, 2, 1, 1, -1, 0, -1, 0]
H31[1, 0, 2, 1, 1, -1, 0, 0, 0]
H31[1, 0, 2, 1, 1, 0, -1, -1, 0]
H31[1, 0, 2, 1, 1, 0, -1, 0, 0]
H31[1, 0, 2, 1, 1, 0, 0, -2, 0]
H31[1, 0, 2, 1, 1, 0, 0, -1, -1]
H31[1, 0, 2, 1, 1, 0, 0, -1, 0]
H31[1, 0, 2, 1, 1, 0, 0, 0, -1]
H31[1, 0, 2, 1, 1, 0, 0, 0, 0]
H31[1, 1, 0, 0, 1, 0, 0, 0, 0]
H31[1, 1, 0, 1, 1, -1, 0, 0, 0]
H31[1, 1, 0, 1, 1, 0, -1, 0, 0]
H31[1, 1, 0, 1, 1, 0, 0, 0, 0]
H31[1, 1, 1, -1, 1, 0, 0, 0, 0]
H31[1, 1, 1, 0, 1, -1, 0, 0, 0]
H31[1, 1, 1, 0, 1, 0, -1, 0, 0]
H31[1, 1, 1, 0, 1, 0, 0, -1, 0]
H31[1, 1, 1, 0, 1, 0, 0, 0, -1]
H31[1, 1, 1, 0, 1, 0, 0, 0, 0]
H31[1, 1, 1, 1, 0, -1, 0, 0, 0]
H31[1, 1, 1, 1, 0, 0, -1, 0, 0]
H31[1, 1, 1, 1, 1, -2, 0, 0, 0]
H31[1, 1, 1, 1, 1, -1, -1, 0, 0]
H31[1, 1, 1, 1, 1, -1, 0, -1, 0]
H31[1, 1, 1, 1, 1, -1, 0, 0, -1]
H31[1, 1, 1, 1, 1, -1, 0, 0, 0]
H31[1, 1, 1, 1, 1, 0, -2, 0, 0]
H31[1, 1, 1, 1, 1, 0, -1, -1, 0]
H31[1, 1, 1, 1, 1, 0, -1, 0, 0]
H31[1, 1, 1, 1, 1, 0, 0, -1, -1]
H31[1, 1, 1, 1, 1, 0, 0, -1, 0]
H31[1, 1, 1, 1, 1, 0, 0, 0, -2]
H31[1, 1, 1, 1, 1, 0, 0, 0, -1]
H31[1, 1, 1, 1, 1, 0, 0, 0, 0]
H31[1, 1, 2, -1, 1, 0, -1, 0, 0]
H31[1, 1, 2, -1, 1, 0, 0, 0, 0]
H31[1, 1, 2, 0, -1, 0, 0, 0, 0]
H31[1, 1, 2, 0, 0, -1, 0, 0, 0]
H31[1, 1, 2, 0, 0, 0, -1, 0, 0]
H31[1, 1, 2, 0, 0, 0, 0, 0, -1]
H31[1, 1, 2, 0, 1, -1, -1, 0, 0]
H31[1, 1, 2, 0, 1, -1, 0, 0, 0]
H31[1, 1, 2, 0, 1, 0, -2, 0, 0]
H31[1, 1, 2, 0, 1, 0, -1, -1, 0]
H31[1, 1, 2, 0, 1, 0, -1, 0, -1]
H31[1, 1, 2, 0, 1, 0, -1, 0, 0]
H31[1, 1, 2, 0, 1, 0, 0, -1, 0]
H31[1, 1, 2, 0, 1, 0, 0, 0, -1]
H31[1, 1, 2, 0, 1, 0, 0, 0, 0]
H31[1, 1, 2, 1, -1, 0, 0, 0, 0]
H31[1, 1, 2, 1, 0, -1, 0, -1, 0]
H31[1, 1, 2, 1, 0, -1, 0, 0, 0]
H31[1, 1, 2, 1, 0, 0, -1, -1, 0]
H31[1, 1, 2, 1, 0, 0, -1, 0, 0]
H31[1, 1, 2, 1, 0, 0, 0, -1, -1]
H31[1, 1, 2, 1, 0, 0, 0, 0, -1]
H31[1, 1, 2, 1, 1, -2, 0, 0, 0]
H31[1, 1, 2, 1, 1, -1, -1, -1, 0]
H31[1, 1, 2, 1, 1, -1, -1, 0, 0]
H31[1, 1, 2, 1, 1, -1, 0, -1, 0]
H31[1, 1, 2, 1, 1, -1, 0, 0, -1]
H31[1, 1, 2, 1, 1, -1, 0, 0, 0]
H31[1, 1, 2, 1, 1, 0, -2, -1, 0]
H31[1, 1, 2, 1, 1, 0, -2, 0, 0]
H31[1, 1, 2, 1, 1, 0, -1, -1, 0]
H31[1, 1, 2, 1, 1, 0, -1, 0, 0]
H31[1, 1, 2, 1, 1, 0, 0, -2, 0]
H31[1, 1, 2, 1, 1, 0, 0, -1, -1]
H31[1, 1, 2, 1, 1, 0, 0, -1, 0]
H31[1, 1, 2, 1, 1, 0, 0, 0, -2]
H31[1, 1, 2, 1, 1, 0, 0, 0, -1]
H31[1, 1, 2, 1, 1, 0, 0, 0, 0]