C5[0,-1,0,0,1,0,0,0,0]*(-t*a4-2*s*a4)
C5[0,0,0,0,1,0,0,0,-1]*(s*a4)
C5[-1,0,0,1,0,0,0,0,0]*(a3*t)
C5[-1,0,0,0,0,1,0,0,0]*(-2*a5*s)
C5[0,-1,0,0,0,1,0,0,0]*(-2*a5*s)
C5[0,0,0,0,0,1,0,-1,0]*(a5*s)
C5[0,0,0,0,0,1,0,0,-1]*(a5*s)
C5[0,0,0,0,0,1,0,0,0]*(a5*s*m1^2)
C5[-1,0,0,0,0,0,0,1,0]*(-a7*t)
C5[0,0,0,0,0,0,0,0,0]*(-a3*t+a8*t-a6*t+a7*t)
C5[0,-1,0,0,0,0,0,0,1]*(-a8*t)
C5[0,0,0,-1,0,1,0,0,0]*(a5*s)
C5[0,0,0,0,0,1,-1,0,0]*(a5*s)
C5[0,0,0,0,1,0,-1,0,0]*(t*a4+s*a4)
C5[0,0,0,1,0,0,0,0,0]*(-m1^2*a3*t)
C5[0,-1,0,0,0,0,1,0,0]*(a6*t)

C5[0,-1,0,0,1,0,0,0,0]*(-2*t*a4-3*s*a4)
C5[0,0,0,0,1,0,0,0,-1]*(s*a4)
C5[0,0,0,0,1,0,0,0,0]*(m2^2*t*a4+m2^2*s*a4)
C5[-1,0,0,0,0,1,0,0,0]*(-2*a5*s)
C5[0,-1,0,0,0,1,0,0,0]*(-2*a5*s)
C5[0,0,0,0,0,1,0,-1,0]*(2*a5*s)
C5[0,0,0,0,0,1,0,0,-1]*(2*a5*s)
C5[0,0,0,0,0,1,0,0,0]*(-a5*s^2)
C5[-1,0,0,0,0,0,0,1,0]*(s*a7)
C5[0,0,0,0,0,0,0,0,0]*(t*a4-s*a7+a5*s+s*a4-a6*t-a8*s)
C5[0,-1,0,0,0,0,0,0,1]*(a8*s)
C5[0,-1,0,0,0,0,1,0,0]*(2*a6*t-s*a6)
C5[0,0,0,0,0,0,1,0,0]*(-m2^2*a6*t)
C5[0,0,0,1,0,0,-1,0,0]*(a3*t)
C5[0,0,0,0,1,0,-1,0,0]*(t*a4+s*a4)
C5[0,0,0,0,-1,0,1,0,0]*(-a6*t)
C5[0,0,0,0,0,0,1,0,-1]*(s*a6)
C5[0,0,0,1,0,-1,0,0,0]*(-a3*t)
C5[0,0,0,1,-1,0,0,0,0]*(a3*t)
C5[0,0,-1,0,0,1,0,0,0]*(-a5*s)
C5[0,0,-1,1,0,0,0,0,0]*(a3*t)
C5[0,0,0,1,0,0,0,0,0]*(m2^2*a3*t+s*a3*t)
C5[0,0,0,1,0,0,0,-1,0]*(s*a3)
C5[-1,0,0,1,0,0,0,0,0]*(-s*a3)
C5[0,-1,0,1,0,0,0,0,0]*(-2*a3*t)

C5[0,-1,0,0,1,0,0,0,0]*(t*a4+3*s*a4)
C5[0,0,0,0,0,0,0,0,0]*(a3*t-a8*t+s*a3-a5*s-s*a4+a6*t-a7*t+s*a6)
C5[0,0,0,0,1,0,-1,0,0]*(-t*a4-s*a4)
C5[0,0,0,0,1,0,0,0,-1]*(-s*a4)
C5[0,0,0,0,1,0,0,0,0]*(-m2^2*s*a4)
C5[0,0,0,0,0,1,0,-1,0]*(-a5*s)
C5[0,0,-1,0,0,1,0,0,0]*(a5*s)
C5[0,-1,0,0,0,0,0,0,1]*(3*a8*t+a8*s)
C5[0,0,0,0,0,0,0,0,1]*(-m2^2*a8*t)
C5[-1,0,0,1,0,0,0,0,0]*(-a3*t-s*a3)
C5[0,-1,0,0,0,0,1,0,0]*(-a6*t-s*a6)
C5[0,0,0,0,0,0,-1,0,1]*(-a8*t-a8*s)
C5[0,0,0,0,0,1,0,0,-1]*(-a5*s)
C5[0,0,0,-1,0,0,0,1,0]*(-s*a7)
C5[0,0,0,0,0,0,0,1,0]*(s*a7*t-s*m1^2*a7+m2^2*a7*t)
C5[0,0,0,0,-1,0,0,0,1]*(-a8*t)
C5[0,0,0,-1,0,1,0,0,0]*(a5*s)
C5[0,0,0,0,0,1,-1,0,0]*(a5*s)
C5[0,0,0,0,0,1,0,0,0]*(a5*s^2+a5*s*m1^2)
C5[-1,0,0,0,0,0,0,1,0]*(s*a7+a7*t)
C5[0,-1,0,0,0,0,0,1,0]*(-2*a7*t)
C5[0,0,-1,0,0,0,0,1,0]*(a7*t)
C5[0,0,0,0,-1,0,0,1,0]*(a7*t)
C5[0,0,0,0,0,-1,0,1,0]*(-a7*t)
C5[0,0,0,0,0,0,-1,1,0]*(a7*t)
C5[0,0,0,1,0,0,0,0,0]*(s*m1^2*a3+m1^2*a3*t)

