504 7870306057811411126 1 6
5 7 3 6 4 8 

500 13103039587261529737 1 6
7 5 2 6 4 8 

498 1363259827980303554 1 6
5 7 6 4 8 1 

497 5979043263580497058 1 6
5 7 0 6 4 8 

492 10133845944513552094 1 6
7 3 6 8 5 2 

490 8215221418316778100 1 6
5 7 3 6 8 1 

489 13183709432123725612 1 6
5 6 8 7 3 0 

486 4467170001665404726 1 6
7 5 2 6 8 1 

485 18130239112954478536 1 6
7 0 6 8 5 2 

483 9842077952172024314 1 6
5 7 0 6 8 1 

476 4319116955284291628 1 6
2 7 3 6 4 8 

474 4121603511626172092 1 6
3 7 4 6 8 1 

473 13571018569104513907 1 6
4 6 8 3 7 0 

470 11314128668437345478 1 6
2 7 6 4 8 1 

469 15824721326986665343 1 6
2 7 0 6 4 8 

462 4287812478577080967 1 6
2 7 3 6 1 8 

461 13989977217895681432 1 6
2 6 8 7 3 0 

459 12458865068405751574 2 6
3 7 0 6 8 1 
3 7 0 8 6 1 

455 6671401861562494249 1 6
2 7 0 6 8 1 

444 15123565231055682627 1 6
4 8 7 3 5 2 

442 17174027605842919627 1 6
5 7 3 4 8 1 

441 16125815277658705759 1 6
5 4 8 7 3 0 

438 12569770236971674244 1 6
7 5 2 4 8 1 

437 14736373319442713394 1 6
4 8 5 2 7 0 

435 7275169957067852504 1 6
5 7 0 4 8 1 

430 1272999721409251663 1 6
7 3 5 2 8 1 

429 5740866933296349383 1 6
8 5 2 7 3 0 

427 5735109176152994987 1 6
5 8 1 7 3 0 

423 8080273999387784970 2 6
5 2 7 0 8 1 
5 2 8 1 7 0 

414 13143696767653848686 1 6
2 3 7 4 8 1 

413 6065144251148743132 1 6
2 4 8 3 7 0 

411 5945783424184270501 2 6
4 8 1 3 7 0 
8 4 1 3 7 0 

407 13517371158805982850 1 6
2 7 0 4 8 1 

399 2865881114710650056 1 6
2 1 8 3 7 0 

380 12171463450804121019 1 6
3 2 5 4 6 8 

378 119726267270799711 2 6
3 5 4 6 8 1 
5 3 4 6 8 1 

377 10388305416019944647 1 6
5 3 0 4 6 8 

374 10447210091336493231 2 6
2 5 4 6 8 1 
5 2 4 6 8 1 

373 1438050200202028220 1 6
0 5 2 4 6 8 

371 14190267938528560748 1 6
5 0 4 6 8 1 

366 8877922767271057943 1 6
3 2 5 1 6 8 

365 8333391190556873168 1 6
2 5 6 8 3 0 

363 9882354020833328628 1 6
5 3 0 1 8 6 

359 8035306384636352297 1 6
0 5 2 8 6 1 

350 5528614050626796766 2 6
2 3 4 6 8 1 
3 2 4 6 8 1 

349 3760481965558924972 1 6
2 3 0 4 6 8 

347 10003361430335996694 1 6
3 0 4 6 8 1 

343 8930367252187613107 1 6
2 0 4 6 8 1 

335 2110251901175560493 1 6
2 3 0 6 1 8 

318 17169336112717957403 1 6
3 2 5 4 8 1 

317 1463503053223028363 1 6
4 8 2 5 3 0 

315 17432010678097683271 1 6
5 3 0 4 8 1 

311 16473996336006781399 1 6
0 5 2 8 4 1 

303 8333828433458949507 1 6
5 2 1 8 3 0 

287 17734899235677525928 1 6
2 3 0 4 8 1 

252 10521173493562786356 1 6
6 4 7 3 5 2 

250 5582488814967057 1 6
5 7 3 6 4 1 

249 8695289420869950115 1 6
5 6 4 7 3 0 

246 8965148018046976999 1 6
7 5 2 6 4 1 

245 3875998402782983714 1 6
6 4 7 0 5 2 

243 13392886606540709143 1 6
5 7 0 6 4 1 

238 18034892866269428737 1 6
7 3 6 1 5 2 

237 10522816335652173235 1 6
6 5 2 7 3 0 

235 10281195000806920920 1 6
5 6 1 7 3 0 

231 9234324331980839463 1 6
7 0 6 1 5 2 

222 16379352869364313733 1 6
2 7 3 6 4 1 

221 1009835555912104432 1 6
2 6 4 7 3 0 

219 7733330472446833306 2 6
4 6 1 3 7 0 
6 4 1 3 7 0 

215 16842043227115792594 1 6
2 7 0 6 4 1 

207 6129343623781073873 1 6
2 6 1 7 3 0 

190 9596922786266552926 1 6
7 3 5 2 4 1 

189 2594944204166787221 1 6
4 5 2 7 3 0 

187 5469478204782226724 1 6
5 4 1 7 3 0 

183 4606471518563338523 1 6
5 2 7 0 4 1 

175 2983056112770072237 1 6
1 5 2 3 7 0 

159 8771378044232298097 1 6
2 4 1 3 7 0 

126 17314202360093199096 1 6
3 2 5 4 6 1 

125 2747394053180989414 1 6
4 6 2 5 3 0 

123 14177535255650690878 1 6
5 3 0 4 6 1 

119 13235440501490248164 2 6
0 5 2 4 6 1 
0 5 2 6 4 1 

356 3589154807789467775 4 4
2 5 6 8 
2 5 8 6 
5 2 6 8 
5 2 8 6 

99 2312160739410427022 1 4
5 0 1 6 

354 2413483033542367775 2 4
5 6 8 1 
5 8 6 1 

97 14464322681345727777 2 3
5 0 6 
5 6 0 

329 8658101909039773473 2 4
6 8 3 0 
8 6 3 0 

326 2413483033542367775 2 4
2 6 8 1 
2 8 6 1 

69 14464322681345727777 2 3
2 0 6 
2 6 0 

308 18250994044714910535 4 4
4 8 5 2 
4 8 2 5 
8 4 5 2 
8 4 2 5 

51 2312160739410427022 1 4
5 0 1 4 

306 3253909431682071593 2 4
5 4 8 1 
5 8 4 1 

49 14464322681345727777 2 3
5 4 0 
5 0 4 

291 12429872557421794535 1 4
5 0 8 1 

281 5586955677828348619 2 4
4 8 3 0 
8 4 3 0 

278 3253909431682071593 2 4
2 4 8 1 
2 8 4 1 

21 14464322681345727777 2 3
2 0 4 
2 4 0 

270 10163397271177605791 2 4
2 3 1 8 
3 2 1 8 

13 17656326354493340191 1 3
2 3 0 

390 4849430361981918121 2 4
2 7 1 8 
2 7 8 1 

263 4849430361981918121 2 4
2 0 1 8 
2 0 8 1 

163 12429872557421794535 1 4
5 1 7 0 

420 8664814692506710121 2 4
7 8 5 2 
8 7 5 2 

389 4849430361981918121 2 4
2 8 7 0 
2 8 0 7 

135 4849430361981918121 2 4
2 1 0 7 
2 1 7 0 

120 14698352406081005778 2 4
3 5 4 6 
5 3 4 6 

116 11642906457543494820 4 4
4 6 5 2 
4 6 2 5 
6 4 5 2 
6 4 2 5 

368 6943862054271889329 1 4
5 4 6 8 

111 14671395263259670739 1 6
2 5 3 0 1 6 

114 1096558640354096354 2 4
5 4 6 1 
5 6 4 1 

240 13716406291279942194 1 4
5 7 6 4 

113 10169902474699987260 2 4
5 0 4 6 
5 0 6 4 

370 1116036841920986209 1 5
5 4 6 8 1 

108 4295883924898234599 1 4
3 6 2 5 

360 16688074477554640333 2 4
3 5 6 8 
5 3 6 8 

103 10845859065380869653 1 5
0 5 2 1 6 

106 5278860131342378476 2 4
3 5 1 6 
5 3 1 6 

232 10084751685533954206 1 4
5 6 7 3 

105 12953654784815822153 1 4
5 6 3 0 

362 12126251804207986733 2 5
3 5 1 6 8 
5 3 1 6 8 

228 6779773879202997074 2 4
6 7 5 2 
7 6 5 2 

101 4256610992988182905 4 4
0 6 5 2 
0 6 2 5 
6 0 5 2 
6 0 2 5 

358 5190088900108639284 4 5
2 5 6 8 1 
2 5 8 6 1 
5 2 6 8 1 
5 2 8 6 1 

353 7010147491536846677 1 4
5 0 8 6 

226 7196292225789128462 1 4
5 7 6 1 

92 2945467121054955914 2 4
2 3 4 6 
3 2 4 6 

344 6943862054271889329 1 4
3 4 6 8 

87 1702847497849143473 2 5
2 0 4 6 1 
2 0 6 4 1 

90 1096558640354096354 2 4
3 4 6 1 
3 6 4 1 

84 16309885613542775134 2 3
2 4 6 
2 6 4 

341 6148531093100013851 1 5
2 0 4 6 8 

332 6699394289352154359 2 4
2 3 6 8 
3 2 6 8 

78 13252871205337770529 4 4
2 3 1 6 
2 3 6 1 
3 2 1 6 
3 2 6 1 

312 15456334336894066306 2 4
3 5 4 8 
5 3 4 8 

55 10845859065380869653 1 5
0 5 2 1 4 

58 13252871205337770529 4 4
3 5 4 1 
3 5 1 4 
5 3 4 1 
5 3 1 4 

284 17086274615392454023 2 4
2 3 4 8 
3 2 4 8 

30 2542277775100474447 2 4
2 3 4 1 
3 2 4 1 

216 5034312168170884840 2 4
4 6 3 7 
6 4 3 7 

89 9761193825887822076 2 4
4 6 3 0 
6 4 3 0 

346 1116036841920986209 1 5
3 4 6 8 1 

112 16309885613542775134 2 3
5 4 6 
5 6 4 

369 13840140699951041905 1 5
5 0 4 6 8 

180 1900498815097112621 2 4
4 7 5 2 
7 4 5 2 

53 4256610992988182905 4 4
0 4 2 5 
0 4 5 2 
4 0 2 5 
4 0 5 2 

310 12309062640300185270 4 5
2 5 4 8 1 
2 5 8 4 1 
5 2 4 8 1 
5 2 8 4 1 

298 8917144385363181632 2 4
3 5 1 8 
5 3 1 8 

41 17656326354493340191 1 3
5 3 0 

44 17730842381964932344 2 3
3 2 5 
3 5 2 

301 14550357515079669871 1 5
8 5 2 0 3 

280 14763710330307144267 2 3
3 4 8 
3 8 4 

23 4849430361981918121 2 4
2 0 1 4 
2 0 4 1 

104 12632342468619678346 2 3
3 5 6 
5 3 6 

361 1947221905050147465 1 5
5 8 6 0 3 

172 5999463753019767499 2 4
3 7 5 2 
3 7 2 5 

45 12277498039208301906 2 4
2 5 3 0 
5 2 3 0 

302 2035436199613637535 1 5
3 5 2 1 8 

88 16309885613542775134 2 3
3 4 6 
3 6 4 

345 12704870599983770500 1 5
3 0 4 6 8 

197 916175729083138007 1 4
2 6 7 0 

454 10234854453363376888 1 5
2 7 6 8 1 

324 7323112735729795569 2 3
2 6 8 
2 8 6 

156 6663906061980699301 1 4
2 4 3 7 

29 11203717638621825679 1 4
2 4 3 0 

286 17552503683998064584 2 5
2 3 4 8 1 
3 2 4 8 1 

330 2413483033542367775 2 4
3 6 8 1 
3 8 6 1 

76 5929441778008549557 2 3
2 3 6 
3 2 6 

333 13710509385179351483 1 5
2 6 8 3 0 

196 9790497849770534921 2 3
2 6 7 
2 7 6 

453 15968493561554929179 1 5
2 6 8 7 0 

40 13811601009566447630 2 2
3 5 
5 3 

297 15343790748681236939 1 4
5 8 0 3 

149 13213848494480402876 1 4
2 4 7 0 

406 17810858057108780346 1 5
2 7 4 8 1 

276 14763710330307144267 2 3
2 4 8 
2 8 4 

224 7977311541644482511 2 3
5 6 7 
5 7 6 

481 6195997959752919872 1 5
5 7 0 6 8 

148 12358923164295501135 2 3
2 4 7 
2 7 4 

405 6405862114611525772 1 5
2 4 8 7 0 

282 3253909431682071593 2 4
3 4 8 1 
3 8 4 1 

28 14818851316089404148 2 3
2 3 4 
3 2 4 

285 15649840635259144005 1 5
2 4 8 3 0 

12 13811601009566447630 2 2
2 3 
3 2 

269 3224462700283131276 1 4
2 8 3 0 

325 10722596037441462642 2 4
2 0 6 8 
2 0 8 6 

198 916175729083138007 1 4
2 7 6 1 

71 4849430361981918121 2 4
2 0 1 6 
2 0 6 1 

328 7323112735729795569 2 3
3 6 8 
3 8 6 

168 5147154787981543763 1 3
5 3 7 

425 5040290399905778076 1 5
5 8 7 3 0 

140 5147154787981543763 1 3
2 3 7 

397 15498091918484199532 1 5
2 8 3 7 0 

176 5398266633630539269 2 3
5 4 7 
5 7 4 

433 9622732196672821696 1 5
5 4 8 7 0 

56 5929441778008549557 2 3
3 5 4 
5 3 4 

313 3504189874464333750 1 5
5 4 8 3 0 

141 2904647960035365740 1 4
2 3 7 0 

398 5660169028273256874 1 5
2 3 7 1 8 

14 5929441778008549557 2 3
2 3 1 
3 2 1 

271 316746096397858794 1 5
2 3 0 1 8 

268 8978346329307520752 2 3
2 3 8 
3 2 8 

169 2904647960035365740 1 4
5 3 7 0 

426 1641740147293657867 1 5
5 7 3 8 1 

42 5929441778008549557 2 3
3 5 1 
5 3 1 

299 14160047124927152260 1 5
5 1 8 3 0 

296 13871357917731074364 2 3
3 5 8 
5 3 8 

39 8366814671184371901 2 4
0 1 5 2 
1 0 5 2 

60 10169856404592560356 1 4
3 4 2 5 

177 17968063984761347139 1 4
5 4 7 0 

434 9750519181987051156 1 5
5 7 4 8 1 

304 14763710330307144267 2 3
5 4 8 
5 8 4 

47 8690037624244865919 1 5
1 5 2 3 0 

225 4444199970412988080 1 4
5 6 7 0 

482 2659527068312147868 1 5
5 7 6 8 1 

352 7323112735729795569 2 3
5 6 8 
5 8 6 

95 14218065270216040107 1 6
2 3 0 4 6 1 

184 8092720301779905111 1 4
5 4 7 3 

57 1350421611143869986 1 4
5 4 3 0 

314 7798071253106221819 2 5
3 5 4 8 1 
5 3 4 8 1 

261 14464322681345727777 2 3
2 0 8 
2 8 0 

134 14464322681345727777 2 3
2 1 7 
2 7 1 

391 13359856559744027423 8 5
2 1 8 7 0 
2 1 8 0 7 
2 0 7 1 8 
2 0 7 8 1 
2 7 0 1 8 
2 7 0 8 1 
2 8 1 7 0 
2 8 1 0 7 

7 14464322681345727777 2 3
2 1 0 
2 0 1 

388 14464322681345727777 2 3
2 7 8 
2 8 7 

289 8533824145127251727 2 3
5 0 8 
5 8 0 

162 8533824145127251727 2 3
5 1 7 
5 7 1 

419 3959569905953012489 2 5
5 7 0 8 1 
5 8 1 7 0 

35 7777280951167004470 2 3
5 1 0 
5 0 1 

416 10176953991774265477 2 3
5 7 8 
5 8 7 

396 18395602803973000098 1 4
2 8 3 7 

142 4786370140648967462 1 4
2 1 3 7 

15 1350421611143869986 1 4
2 1 3 0 

277 7203617403263244855 2 4
2 0 4 8 
2 0 8 4 

150 13213848494480402876 1 4
2 7 4 1 

293 10116363432887323098 2 4
0 8 5 2 
8 0 5 2 

166 10116363432887323098 2 4
1 7 5 2 
7 1 5 2 

170 2709238594086543269 1 4
5 1 3 7 

43 1602608418064193060 1 4
5 1 3 0 

300 11085576491209452512 1 4
3 8 5 2 

46 10885408293368597281 2 4
3 1 2 5 
3 1 5 2 

305 5957220961581114427 1 4
5 0 8 4 

178 9342820779332737427 1 4
5 7 4 1 

204 14825347126931947947 1 4
2 6 7 3 

77 1350421611143869986 1 4
2 6 3 0 

334 13645106943960359182 2 5
2 3 6 1 8 
3 2 6 1 8 

212 8252238287787487576 1 4
2 7 6 4 

85 10169902474699987260 2 4
2 0 4 6 
2 0 6 4 

342 1116036841920986209 1 5
2 4 6 8 1 

340 6943862054271889329 1 4
2 4 6 8 

86 1096558640354096354 2 4
2 4 6 1 
2 6 4 1 

404 5988428941971761719 1 4
2 7 4 8 

408 706258935249956110 2 4
4 8 3 7 
8 4 3 7 

151 10472952075449313759 2 5
2 4 1 7 0 
2 7 0 4 1 

417 11722965492617572201 1 4
5 8 7 0 

418 11722965492617572201 1 4
5 7 8 1 

424 8237894091674376865 1 4
5 8 7 3 

167 16873439295704285136 1 5
1 5 2 7 0 

432 10814637709656677361 1 4
5 7 4 8 

452 18055315935950069478 1 4
2 7 6 8 

456 14437601767220925767 2 4
3 7 6 8 
3 7 8 6 

199 2430324901915183356 2 5
2 6 1 7 0 
2 7 0 6 1 

480 11453544590885739030 1 4
5 7 6 8 

31 17847614311115107716 1 5
2 3 0 4 1 

59 7084509466804492530 1 5
5 3 0 1 4 

316 3031332131559896773 1 5
3 4 8 2 5 

61 2871949070415524933 1 5
4 2 5 3 0 

62 11559652672441666130 1 5
3 2 5 4 1 

79 9196762756382579012 2 5
2 3 0 1 6 
2 3 0 6 1 

91 15202651995576168487 2 5
3 0 4 6 1 
3 0 6 4 1 

348 7759287848557595010 2 5
2 3 4 6 8 
3 2 4 6 8 

93 17302538351846923122 1 5
2 4 6 3 0 

94 15353468667969925307 2 5
2 3 4 6 1 
3 2 4 6 1 

107 1842125370238781623 1 5
5 3 0 1 6 

364 9179510333088653107 1 5
3 2 5 6 8 

109 12973402241384774392 1 5
6 2 5 3 0 

110 374180943901514029 1 5
3 2 5 1 6 

115 17796790550930071889 2 5
5 0 4 6 1 
5 0 6 4 1 

372 7119589555382125305 2 5
2 5 4 6 8 
5 2 4 6 8 

117 654331284953180850 4 5
0 4 6 5 2 
0 4 6 2 5 
0 6 4 5 2 
0 6 4 2 5 

118 3316148125760984805 4 5
2 5 4 6 1 
2 5 6 4 1 
5 2 4 6 1 
5 2 6 4 1 

121 9462396850114059096 1 5
5 4 6 3 0 

122 13773735620967726578 2 5
3 5 4 6 1 
5 3 4 6 1 

124 10997205078836018128 1 5
3 4 6 2 5 

143 2884740448660561069 1 5
2 1 3 7 0 

157 6497561959801909589 1 5
2 4 3 7 0 

158 10765231147089716351 1 5
2 3 7 4 1 

171 4280422543151865066 1 5
5 1 3 7 0 

428 4666512285610803702 1 5
8 7 3 5 2 

173 5833104052304562624 2 5
2 5 3 7 0 
5 2 3 7 0 

174 18445644441401086252 1 5
1 3 7 5 2 

179 853961704484740827 1 5
5 7 0 4 1 

436 5924829927156800453 1 5
7 4 8 5 2 

181 1777045602428956848 1 5
4 5 2 7 0 

182 16170807995062676654 1 5
7 5 2 4 1 

185 17081196827706829271 1 5
5 4 7 3 0 

186 1707034895159325337 1 5
5 7 3 4 1 

188 828752684266286740 1 5
4 7 3 5 2 

205 2901507909575488052 1 5
2 6 7 3 0 

206 14233200410134016554 1 5
2 7 3 6 1 

213 7602968926375697887 1 5
2 6 4 7 0 

214 5698307306501309929 1 5
2 7 6 4 1 

217 18368831169642834869 2 5
4 6 3 7 0 
6 4 3 7 0 

218 11915404702918101109 2 5
3 7 4 6 1 
3 7 6 4 1 

220 13501346779433564102 1 5
2 6 4 7 3 

227 5732094764554997730 1 5
5 7 0 6 1 

484 10311932632246186788 1 5
7 6 8 5 2 

229 16617980378882282751 1 5
6 7 0 5 2 

230 10046169289989312423 1 5
7 6 1 5 2 

233 15880834461074015911 1 5
5 6 7 3 0 

234 13510435526636554417 1 5
5 7 3 6 1 

236 11681967344908721555 1 5
6 7 3 5 2 

241 13686674243840795936 1 5
5 6 4 7 0 

242 17482610068183936059 1 5
5 7 6 4 1 

244 4986821085665589052 1 5
7 6 4 5 2 

248 6223106627652148990 1 5
5 6 4 7 3 

279 1743221540108756189 2 5
2 0 4 8 1 
2 0 8 4 1 

283 5657420807593764805 2 5
3 0 4 8 1 
3 0 8 4 1 

295 16873439295704285136 1 5
0 5 2 8 1 

307 8169009098005290230 1 5
5 0 8 4 1 

309 6875542248102181218 1 5
0 8 4 5 2 

327 16866028887141627224 2 5
2 0 6 8 1 
2 0 8 6 1 

331 8667644153057124415 2 5
3 0 6 8 1 
3 0 8 6 1 

355 14014785464921293911 1 5
5 0 8 6 1 

357 1491643626909781316 1 5
0 5 2 8 6 

376 13852094712428839456 2 5
3 5 4 6 8 
5 3 4 6 8 

409 8397318272231100554 2 5
4 8 3 7 0 
8 4 3 7 0 

410 1490647889774919366 2 5
3 7 4 8 1 
3 7 8 4 1 

412 1954135442904740744 1 5
2 4 8 3 7 

421 15673562462023222686 1 5
8 5 2 7 0 

422 15673562462023222686 1 5
7 5 2 8 1 

440 9954469773925900261 1 5
5 4 8 7 3 

457 4628458207185915356 2 5
6 8 3 7 0 
8 6 3 7 0 

458 13587610809061470757 2 5
3 7 6 8 1 
3 7 8 6 1 

460 1488412926723676828 1 5
2 7 3 6 8 

468 10418464820139838931 1 5
2 7 6 4 8 

472 6304511735103380611 1 5
3 7 4 6 8 

488 6893648894029194092 1 5
5 7 3 6 8 

496 8109714800845649041 1 5
5 7 6 4 8 

63 13259498680274154209 1 6
2 5 3 0 4 1 

