1
10 7
2 19
0 0 0 0 1 0 0 0 0 0 
0 1 0 0 0 0 0 0 0 0 
1 0 0 0 0 0 0 0 0 0 
0 0 1 0 0 0 0 0 0 0 
0 0 1 0 0 0 0 0 0 0 
0 0 1 0 0 0 0 0 0 0 
0 0 1 0 0 0 0 0 0 0 
0 0 1 0 0 0 0 0 0 0 
0 0 1 0 0 0 0 0 0 0 

0
10 12
5 17
-1 1 1 0 1 0 0 0 -1 0 
0 3 0 0 0 0 0 0 -2 0 
1 0 0 0 0 0 0 0 0 0 
0 0 0 0 1 0 0 0 0 0 
0 1 0 1 0 0 0 0 -1 s 
1 0 -1 0 0 1 0 0 0 s 
0 4 0 0 0 0 0 0 -3 0 
-2 2 1 0 1 0 -1 1 -1 -m1^2-2*t 
0 2 0 0 0 0 1 0 -2 2*t 

0
10 13
5 21
0 0 1 0 0 0 0 0 0 0 
0 1 0 0 0 0 0 0 0 0 
0 0 0 0 1 0 0 0 0 0 
1 0 0 0 0 0 0 0 0 0 
0 3 0 -1 0 0 0 0 -1 s 
0 1 -1 -1 1 1 0 0 0 s 
0 0 0 0 0 0 0 0 1 0 
-1 0 1 0 0 0 0 1 0 -m1^2-t 
0 2 0 0 0 0 -1 0 0 0 

0
10 14
5 19
1 -1 -1 0 1 0 0 0 1 2*m1^2 
0 1 0 0 0 0 0 0 0 0 
1 0 0 0 0 0 0 0 0 0 
0 0 0 0 1 0 0 0 0 0 
0 3 0 -1 0 0 0 0 -1 s 
1 0 1 0 0 -1 0 0 0 s 
0 0 0 0 0 0 0 0 1 0 
2 -2 -1 0 1 0 1 -1 1 3*m1^2 
0 2 0 0 0 0 -1 0 0 0 

0
10 15
5 23
0 0 1 0 0 0 0 0 0 0 
0 1 0 0 0 0 0 0 0 0 
0 0 0 0 1 0 0 0 0 0 
1 0 0 0 0 0 0 0 0 0 
0 3 0 -1 0 0 0 0 -1 s 
0 1 -1 -1 1 1 0 0 0 s 
0 0 0 0 0 0 0 0 1 0 
-1 0 1 0 0 0 0 1 0 -m1^2-t 
0 2 0 0 0 0 -1 0 0 0 

1
10 21
2 19
0 1 0 0 0 0 0 0 0 0 
0 0 1 0 0 0 0 0 0 0 
1 0 0 0 0 0 0 0 0 0 
0 0 1 0 0 0 0 0 0 0 
0 0 0 0 1 0 0 0 0 0 
0 0 1 0 0 0 0 0 0 0 
0 0 1 0 0 0 0 0 0 0 
0 0 1 0 0 0 0 0 0 0 
0 0 1 0 0 0 0 0 0 0 

1
10 23
3 23
0 1 0 0 0 0 0 0 0 0 
0 0 1 0 0 0 0 0 0 0 
0 0 0 0 1 0 0 0 0 0 
0 0 0 1 0 0 0 0 0 0 
1 0 0 0 0 0 0 0 0 0 
0 0 0 1 0 0 0 0 0 0 
0 0 0 1 0 0 0 0 0 0 
0 0 0 1 0 0 0 0 0 0 
0 0 0 1 0 0 0 0 0 0 

0
10 28
8 28
-1 1 1 0 1 0 0 0 -1 2*m1^2 
-1 0 1 0 0 1 0 0 0 -s 
0 0 0 1 0 0 0 0 0 0 
0 0 0 0 1 0 0 0 0 0 
0 0 1 0 0 0 0 0 0 0 
0 1 0 0 0 0 0 0 0 0 
-2 0 2 0 0 1 0 0 0 -2*s 
-2 2 1 0 1 0 -1 1 -1 3*m1^2-2*t 
0 0 1 0 0 1 0 -1 0 2*t 

1
10 30
8 29
0 1 0 0 0 0 0 0 0 0 
1 0 0 0 0 0 0 0 0 0 
0 0 0 1 0 0 0 0 0 0 
0 0 0 0 1 0 0 0 0 0 
0 0 1 0 0 0 0 0 0 0 
0 1 0 0 0 0 0 0 0 0 
0 1 0 0 0 0 0 0 0 0 
0 1 0 0 0 0 0 0 0 0 
0 1 0 0 0 0 0 0 0 0 

0
10 35
3 28
0 0 1 0 0 0 0 0 0 0 
0 0 0 1 0 0 0 0 0 0 
0 -1 1 1 1 -1 0 0 0 s 
1 0 0 0 0 0 0 0 0 -m1^2 
0 2 0 0 0 0 0 0 -1 0 
0 0 0 0 1 0 0 0 0 0 
0 -1 0 1 0 0 0 0 1 -s 
-1 0 1 0 0 0 0 1 0 -t 
0 1 0 1 0 0 -1 0 0 s 

0
10 39
6 30
0 0 1 0 0 0 0 0 0 0 
0 0 0 0 1 0 0 0 0 0 
0 1 0 0 0 0 0 0 0 0 
1 0 0 0 0 0 0 0 0 -m1^2 
1 -2 0 1 1 -1 0 0 1 -m1^2 
0 0 0 1 0 0 0 0 0 0 
-1 1 1 0 1 0 0 0 -1 m1^2 
-1 0 1 0 0 0 0 1 0 -t 
1 -1 0 0 1 0 1 -1 0 -m1^2+t 

0
10 40
5 17
0 0 1 0 0 0 0 0 0 0 
0 0 0 -1 2 2 0 0 0 2*m1^2 
0 1 -1 -1 1 1 0 0 0 s 
1 0 0 0 0 0 0 0 0 0 
2 -2 0 0 2 0 0 0 1 4*m1^2 
0 0 0 0 1 0 0 0 0 0 
-2 1 2 -1 2 2 0 0 -1 -s 
-1 0 1 0 0 0 0 1 0 -m1^2-t 
2 -1 0 -1 2 2 1 -2 0 s+4*m1^2+2*t 

0
10 41
5 21
0 0 1 0 0 0 0 0 0 0 
0 0 0 -1 2 2 0 0 0 2*m1^2 
0 1 -1 -1 1 1 0 0 0 s 
1 0 0 0 0 0 0 0 0 0 
2 -2 0 0 2 0 0 0 1 4*m1^2 
0 0 0 0 1 0 0 0 0 0 
-2 1 2 -1 2 2 0 0 -1 -s 
-1 0 1 0 0 0 0 1 0 -m1^2-t 
2 -1 0 -1 2 2 1 -2 0 s+4*m1^2+2*t 

1
10 42
5 19
0 0 1 0 0 0 0 0 0 0 
0 1 0 0 0 0 0 0 0 0 
0 0 1 0 0 0 0 0 0 0 
1 0 0 0 0 0 0 0 0 0 
0 0 1 0 0 0 0 0 0 0 
0 0 0 0 1 0 0 0 0 0 
0 0 1 0 0 0 0 0 0 0 
0 0 1 0 0 0 0 0 0 0 
0 0 1 0 0 0 0 0 0 0 

0
10 43
5 29
0 0 1 0 0 0 0 0 0 0 
0 0 0 1 0 0 0 0 0 0 
0 -1 1 1 1 -1 0 0 0 s 
1 0 0 0 0 0 0 0 0 0 
0 2 0 0 0 0 0 0 -1 0 
0 0 0 0 1 0 0 0 0 0 
0 -1 0 1 0 0 0 0 1 -s 
-1 0 1 0 0 0 0 1 0 -m1^2-t 
0 1 0 1 0 0 -1 0 0 s 

0
10 44
8 26
-1 1 1 0 1 0 0 0 -1 2*m1^2 
-1 0 1 0 0 1 0 0 0 -s 
0 0 0 1 0 0 0 0 0 0 
0 0 0 0 1 0 0 0 0 0 
0 0 1 0 0 0 0 0 0 0 
0 1 0 0 0 0 0 0 0 0 
-2 0 2 0 0 1 0 0 0 -2*s 
-2 2 1 0 1 0 -1 1 -1 3*m1^2-2*t 
0 0 1 0 0 1 0 -1 0 2*t 

0
10 45
9 15
0 0 1 0 0 0 0 0 0 0 
0 0 0 0 1 0 0 0 0 0 
0 1 0 0 0 0 0 0 0 0 
1 0 0 0 0 0 0 0 0 0 
1 -2 0 1 1 -1 0 0 1 0 
0 0 0 1 0 0 0 0 0 0 
-1 1 1 0 1 0 0 0 -1 0 
-1 0 1 0 0 0 0 1 0 -m1^2-t 
1 -1 0 0 1 0 1 -1 0 t 

0
10 46
8 27
1 -1 -1 0 1 0 0 0 1 0 
1 0 0 0 0 0 0 0 0 0 
0 1 0 0 0 0 0 0 0 0 
0 0 0 0 1 0 0 0 0 0 
0 0 0 0 0 1 0 0 0 0 
0 0 0 1 0 0 0 0 0 0 
2 0 -1 0 0 0 0 0 0 0 
2 -2 -1 0 1 0 1 -1 1 -m1^2 
0 0 0 0 0 0 0 1 0 0 

0
10 47
9 31
0 0 1 0 0 0 0 0 0 0 
0 0 0 0 1 0 0 0 0 0 
0 1 0 0 0 0 0 0 0 0 
1 0 0 0 0 0 0 0 0 0 
1 -2 0 1 1 -1 0 0 1 0 
0 0 0 1 0 0 0 0 0 0 
-1 1 1 0 1 0 0 0 -1 0 
-1 0 1 0 0 0 0 1 0 -m1^2-t 
1 -1 0 0 1 0 1 -1 0 t 

0
10 49
2 19
0 0 0 0 1 0 0 0 0 0 
0 3 0 -1 0 0 0 0 -1 s 
1 0 1 0 0 -1 0 0 0 s 
1 -1 -1 0 1 0 0 0 1 0 
0 1 0 0 0 0 0 0 0 0 
1 0 0 0 0 0 0 0 0 0 
0 4 0 -1 0 0 0 0 -2 0 
-1 1 0 0 1 0 -1 1 0 -m1^2-t 
0 2 0 -1 0 0 1 0 -1 2*s+t 

1
10 51
3 29
0 0 0 1 0 0 0 0 0 0 
0 0 1 0 0 0 0 0 0 0 
0 1 0 0 0 0 0 0 0 0 
0 1 0 0 0 0 0 0 0 0 
1 0 0 0 0 0 0 0 0 0 
0 0 0 0 1 0 0 0 0 0 
0 1 0 0 0 0 0 0 0 0 
0 1 0 0 0 0 0 0 0 0 
0 1 0 0 0 0 0 0 0 0 

0
10 53
6 27
1 0 0 0 0 0 0 0 0 0 
1 -2 0 1 1 -1 0 0 1 -m1^2 
0 0 0 1 0 0 0 0 0 0 
0 0 1 0 0 0 0 0 0 -m1^2 
0 0 0 0 1 0 0 0 0 0 
0 1 0 0 0 0 0 0 0 0 
2 -3 -1 1 1 -1 0 0 2 -s-2*m1^2 
2 0 0 0 0 0 0 -1 0 0 
0 -1 0 1 1 -1 -1 1 1 s 

1
10 55
6 31
0 0 0 0 1 0 0 0 0 0 
0 0 1 0 0 0 0 0 0 0 
0 1 0 0 0 0 0 0 0 0 
0 0 0 0 0 1 0 0 0 0 
1 0 0 0 0 0 0 0 0 0 
0 0 0 1 0 0 0 0 0 0 
0 0 0 0 0 1 0 0 0 0 
0 0 0 0 0 1 0 0 0 0 
0 0 0 0 0 1 0 0 0 0 

1
10 56
5 19
0 0 1 0 0 0 0 0 0 0 
0 0 1 0 0 0 0 0 0 0 
0 0 1 0 0 0 0 0 0 0 
1 0 0 0 0 0 0 0 0 0 
0 1 0 0 0 0 0 0 0 0 
0 0 0 0 1 0 0 0 0 0 
0 0 1 0 0 0 0 0 0 0 
0 0 1 0 0 0 0 0 0 0 
0 0 1 0 0 0 0 0 0 0 

1
10 57
5 23
0 0 1 0 0 0 0 0 0 0 
0 0 0 1 0 0 0 0 0 0 
0 0 0 1 0 0 0 0 0 0 
1 0 0 0 0 0 0 0 0 0 
0 1 0 0 0 0 0 0 0 0 
0 0 0 0 1 0 0 0 0 0 
0 0 0 1 0 0 0 0 0 0 
0 0 0 1 0 0 0 0 0 0 
0 0 0 1 0 0 0 0 0 0 

1
10 58
8 23
0 0 0 1 0 0 0 0 0 0 
1 0 0 0 0 0 0 0 0 0 
0 0 0 1 0 0 0 0 0 0 
0 1 0 0 0 0 0 0 0 0 
0 0 1 0 0 0 0 0 0 0 
0 0 0 0 1 0 0 0 0 0 
0 0 0 1 0 0 0 0 0 0 
0 0 0 1 0 0 0 0 0 0 
0 0 0 1 0 0 0 0 0 0 

0
10 60
8 30
-1 1 1 0 1 0 0 0 -1 2*m1^2 
-1 0 1 0 0 1 0 0 0 -s 
0 0 0 1 0 0 0 0 0 0 
0 0 0 0 1 0 0 0 0 0 
0 0 1 0 0 0 0 0 0 0 
0 1 0 0 0 0 0 0 0 0 
-2 0 2 0 0 1 0 0 0 -2*s 
-2 2 1 0 1 0 -1 1 -1 3*m1^2-2*t 
0 0 1 0 0 1 0 -1 0 2*t 

1
10 62
8 31
0 0 0 0 0 1 0 0 0 0 
1 0 0 0 0 0 0 0 0 0 
0 0 0 1 0 0 0 0 0 0 
0 0 0 0 1 0 0 0 0 0 
0 0 1 0 0 0 0 0 0 0 
0 1 0 0 0 0 0 0 0 0 
0 0 0 0 0 1 0 0 0 0 
0 0 0 0 0 1 0 0 0 0 
0 0 0 0 0 1 0 0 0 0 

