0
7 2
2 1
2 -1 0 0 2*m1^2 
1 0 0 0 0 
1 -1 1 0 s+m1^2 
1 0 1 -1 m1^2+t 

0
7 3
2 3
0 1 0 0 0 
1 0 0 0 0 
1 1 -1 0 s+m1^2 
1 0 -1 1 m1^2-t 

0
7 6
4 6
-1 1 1 0 -s+m1^2 
0 0 1 0 0 
0 1 0 0 0 
0 0 0 1 0 

1
7 7
4 7
1 0 0 0 0 
0 0 1 0 0 
0 1 0 0 0 
0 0 0 1 0 

0
7 9
1 9
1 0 0 0 0 
0 1 0 0 -m1^2 
0 0 1 0 0 
0 0 0 1 0 

1
7 10
2 3
0 0 1 0 0 
1 0 0 0 0 
0 0 1 0 0 
0 1 0 0 0 

1
7 11
6 13
1 0 0 0 0 
0 0 1 0 0 
0 1 0 0 0 
0 0 0 1 0 

1
7 13
1 11
1 0 0 0 0 
0 0 1 0 0 
0 1 0 0 0 
0 0 0 1 0 

1
7 14
4 7
0 0 0 1 0 
0 0 1 0 0 
0 1 0 0 0 
1 0 0 0 0 

1
7 15
6 15
1 0 0 0 0 
0 0 1 0 0 
0 1 0 0 0 
0 0 0 1 0 

