B8[1,1,0,0,0,0,0,0,0]     #  3
B8[1,1,0,1,0,0,0,0,0]     # 11
B8[1,1,0,0,1,0,0,0,0]     # 19
B8[0,1,1,0,1,0,0,0,0]     # 22
B8[1,1,0,1,1,0,0,0,0]     # 27
B8[1,1,0,1,2,0,0,0,0]     # 27
B8[1,1,0,2,1,0,0,0,0]     # 27
B8[2,1,0,1,1,0,0,0,0]     # 27
B8[0,0,1,1,1,0,0,0,0]     # 28
B8[0,0,1,1,2,0,0,0,0]     # 28
B8[0,0,1,2,1,0,0,0,0]     # 28
B8[1,0,1,1,1,0,0,0,0]     # 29
B8[1,0,1,1,2,0,0,0,0]     # 29
B8[0,1,1,1,1,0,0,0,0]     # 30
B8[1,1,1,1,1,0,0,0,0]     # 31
B8[1,1,1,1,2,0,0,0,0]     # 31
B8[1,1,1,2,1,0,0,0,0]     # 31
B10bis[0,1,0,0,1,0,0,0,0] # 18
B10bis[0,1,0,1,1,0,0,0,0] # 26
B10bis[1,1,0,1,1,0,0,0,0] # 27
B10bis[1,1,0,1,2,0,0,0,0] # 27
B10bis[1,1,0,2,1,0,0,0,0] # 27
B10bis[2,1,0,1,1,0,0,0,0] # 27
B10bis[0,1,0,0,1,1,0,0,0] # 50
B10bis[0,1,0,0,1,2,0,0,0] # 50
B10bis[0,1,0,0,2,1,0,0,0] # 50
B10bis[0,1,0,0,1,3,0,0,0] # 50
B10bis[1,1,0,0,1,1,0,0,0] # 51
B10bis[0,0,0,1,1,1,0,0,0] # 56
B10bis[0,1,0,1,1,1,0,0,0] # 58
B10bis[1,1,0,1,1,1,0,0,0] # 59
B10bis[1,1,0,1,1,2,0,0,0] # 59
B10bis[1,1,0,1,2,1,0,0,0] # 59
B10bis[1,1,0,2,1,1,0,0,0] # 59
C5[1,1,0,1,1,0,0,0,0]     # 27
C5bis[1,0,1,1,1,0,0,0,0]  # 29
C5bis[1,1,1,1,1,0,0,0,0]  # 31
C5bis[1,1,1,1,2,0,0,0,0]  # 31
C5bis[1,1,0,1,0,1,0,0,0]  # 43
C5bis[1,1,0,1,0,2,0,0,0]  # 43
C5bis[1,1,1,1,0,1,0,0,0]  # 47
C5bis[1,1,1,1,0,2,0,0,0]  # 47
C5bis[1,1,1,2,0,1,0,0,0]  # 47
C5bis[1,1,0,1,1,1,0,0,0]  # 59
C5bis[1,1,0,1,1,2,0,0,0]  # 59
C5bis[1,1,0,1,2,1,0,0,0]  # 59
C5bis[1,0,1,1,1,1,0,0,0]  # 61
C5bis[1,0,1,1,1,2,0,0,0]  # 61
C5bis[1,0,1,1,2,1,0,0,0]  # 61
C5bis[1,0,1,2,1,1,0,0,0]  # 61
C5bis[1,1,1,1,1,1,0,0,0]  # 63
C5bis[1,1,1,1,1,2,0,0,0]  # 63
C5bis[1,2,1,1,1,1,0,0,0]  # 63
