B11[0, -1, 1, 1, 1, 1, 0, 0, 0]
B11[0, 0, 1, 0, 1, 1, 0, 0, 0]
B11[0, 0, 1, 1, 0, 1, 0, 0, 0]
B11[0, 0, 1, 1, 1, 1, -1, 0, 0]
B11[0, 0, 1, 1, 1, 1, 0, 0, -1]
B11[0, 0, 1, 1, 1, 1, 0, 0, 0]
B11[0, 1, 1, -1, 1, 1, 0, 0, 0]
B11[0, 1, 1, 0, 0, 1, 0, 0, 0]
B11[0, 1, 1, 0, 1, 1, -1, 0, 0]
B11[0, 1, 1, 0, 1, 1, 0, 0, 0]
B11[0, 1, 1, 1, 0, 1, -1, 0, 0]
B11[0, 1, 1, 1, 0, 1, 0, 0, -1]
B11[0, 1, 1, 1, 0, 1, 0, 0, 0]
B11[0, 1, 1, 1, 1, 1, -2, 0, 0]
B11[0, 1, 1, 1, 1, 1, -1, 0, -1]
B11[0, 1, 1, 1, 1, 1, -1, 0, 0]
B11[0, 1, 1, 1, 1, 1, 0, 0, -1]
B11[0, 1, 1, 1, 1, 1, 0, 0, 0]
B11[1, -1, 0, 1, 1, 1, 0, 0, 0]
B11[1, -1, 1, 1, 1, 0, 0, 0, 0]
B11[1, -1, 1, 1, 1, 1, 0, -1, 0]
B11[1, -1, 1, 1, 1, 1, 0, 0, 0]
B11[1, 0, 0, 0, 1, 1, 0, 0, 0]
B11[1, 0, 0, 1, 0, 1, 0, 0, 0]
B11[1, 0, 0, 1, 1, 1, -1, 0, 0]
B11[1, 0, 0, 1, 1, 1, 0, 0, -1]
B11[1, 0, 0, 1, 1, 1, 0, 0, 0]
B11[1, 0, 1, 0, 1, 0, 0, 0, 0]
B11[1, 0, 1, 0, 1, 1, 0, -1, 0]
B11[1, 0, 1, 0, 1, 1, 0, 0, 0]
B11[1, 0, 1, 1, 0, 0, 0, 0, 0]
B11[1, 0, 1, 1, 0, 1, 0, -1, 0]
B11[1, 0, 1, 1, 0, 1, 0, 0, 0]
B11[1, 0, 1, 1, 1, 0, -1, 0, 0]
B11[1, 0, 1, 1, 1, 0, 0, 0, -1]
B11[1, 0, 1, 1, 1, 0, 0, 0, 0]
B11[1, 0, 1, 1, 1, 1, -1, -1, 0]
B11[1, 0, 1, 1, 1, 1, -1, 0, 0]
B11[1, 0, 1, 1, 1, 1, 0, -1, -1]
B11[1, 0, 1, 1, 1, 1, 0, -1, 0]
B11[1, 0, 1, 1, 1, 1, 0, 0, -1]
B11[1, 0, 1, 1, 1, 1, 0, 0, 0]
B11[1, 1, 0, 0, 0, 1, 0, 0, 0]
B11[1, 1, 0, 0, 1, 1, -1, 0, 0]
B11[1, 1, 0, 0, 1, 1, 0, 0, -1]
B11[1, 1, 0, 0, 1, 1, 0, 0, 0]
B11[1, 1, 0, 1, 0, 1, -1, 0, 0]
B11[1, 1, 0, 1, 0, 1, 0, 0, -1]
B11[1, 1, 0, 1, 0, 1, 0, 0, 0]
B11[1, 1, 0, 1, 1, 1, -2, 0, 0]
B11[1, 1, 0, 1, 1, 1, -1, 0, -1]
B11[1, 1, 0, 1, 1, 1, -1, 0, 0]
B11[1, 1, 0, 1, 1, 1, 0, 0, -2]
B11[1, 1, 0, 1, 1, 1, 0, 0, -1]
B11[1, 1, 0, 1, 1, 1, 0, 0, 0]
B11[1, 1, 1, -1, 1, 1, 0, -1, 0]
B11[1, 1, 1, -1, 1, 1, 0, 0, 0]
B11[1, 1, 1, 0, 0, 0, 0, 0, 0]
B11[1, 1, 1, 0, 0, 1, 0, -1, 0]
B11[1, 1, 1, 0, 0, 1, 0, 0, 0]
B11[1, 1, 1, 0, 1, 0, -1, 0, 0]
B11[1, 1, 1, 0, 1, 0, 0, 0, -1]
B11[1, 1, 1, 0, 1, 0, 0, 0, 0]
B11[1, 1, 1, 0, 1, 1, -1, -1, 0]
B11[1, 1, 1, 0, 1, 1, -1, 0, 0]
B11[1, 1, 1, 0, 1, 1, 0, -1, -1]
B11[1, 1, 1, 0, 1, 1, 0, -1, 0]
B11[1, 1, 1, 0, 1, 1, 0, 0, -1]
B11[1, 1, 1, 0, 1, 1, 0, 0, 0]
B11[1, 1, 1, 1, -1, 1, 0, 0, 0]
B11[1, 1, 1, 1, 0, 0, -1, 0, 0]
B11[1, 1, 1, 1, 0, 0, 0, 0, -1]
B11[1, 1, 1, 1, 0, 0, 0, 0, 0]
B11[1, 1, 1, 1, 0, 1, -1, -1, 0]
B11[1, 1, 1, 1, 0, 1, -1, 0, 0]
B11[1, 1, 1, 1, 0, 1, 0, -1, 0]
B11[1, 1, 1, 1, 0, 1, 0, 0, -1]
B11[1, 1, 1, 1, 0, 1, 0, 0, 0]
B11[1, 1, 1, 1, 1, 0, -2, 0, 0]
B11[1, 1, 1, 1, 1, 0, -1, 0, -1]
B11[1, 1, 1, 1, 1, 0, -1, 0, 0]
B11[1, 1, 1, 1, 1, 0, 0, 0, -2]
B11[1, 1, 1, 1, 1, 0, 0, 0, -1]
B11[1, 1, 1, 1, 1, 0, 0, 0, 0]
B11[1, 1, 1, 1, 1, 1, -2, -1, 0]
B11[1, 1, 1, 1, 1, 1, -2, 0, 0]
B11[1, 1, 1, 1, 1, 1, -1, -1, -1]
B11[1, 1, 1, 1, 1, 1, -1, -1, 0]
B11[1, 1, 1, 1, 1, 1, -1, 0, -1]
B11[1, 1, 1, 1, 1, 1, -1, 0, 0]
B11[1, 1, 1, 1, 1, 1, 0, -1, -1]
B11[1, 1, 1, 1, 1, 1, 0, -1, 0]
B11[1, 1, 1, 1, 1, 1, 0, 0, -2]
B11[1, 1, 1, 1, 1, 1, 0, 0, -1]
B11[1, 1, 1, 1, 1, 1, 0, 0, 0]
B11[0, -1, 1, 1, 1, 1, 0, 0, 0]
B11[0, 0, 1, 0, 1, 1, 0, 0, 0]
B11[0, 0, 1, 1, 0, 1, 0, 0, 0]
B11[0, 0, 1, 1, 1, 1, -1, 0, 0]
B11[0, 0, 1, 1, 1, 1, 0, 0, -1]
B11[0, 0, 1, 1, 1, 1, 0, 0, 0]
B11[0, 1, 1, -1, 1, 1, 0, 0, 0]
B11[0, 1, 1, 0, 0, 1, 0, 0, 0]
B11[0, 1, 1, 0, 1, 1, -1, 0, 0]
B11[0, 1, 1, 0, 1, 1, 0, 0, 0]
B11[0, 1, 1, 1, 0, 1, -1, 0, 0]
B11[0, 1, 1, 1, 0, 1, 0, 0, -1]
B11[0, 1, 1, 1, 0, 1, 0, 0, 0]
B11[0, 1, 1, 1, 1, 1, -2, 0, 0]
B11[0, 1, 1, 1, 1, 1, -1, 0, -1]
B11[0, 1, 1, 1, 1, 1, -1, 0, 0]
B11[0, 1, 1, 1, 1, 1, 0, 0, -1]
B11[0, 1, 1, 1, 1, 1, 0, 0, 0]
B11[1, -1, 0, 1, 1, 1, 0, 0, 0]
B11[1, -1, 1, 1, 1, 0, 0, 0, 0]
B11[1, -1, 1, 1, 1, 1, 0, -1, 0]
B11[1, -1, 1, 1, 1, 1, 0, 0, 0]
B11[1, 0, 0, 0, 1, 1, 0, 0, 0]
B11[1, 0, 0, 1, 0, 1, 0, 0, 0]
B11[1, 0, 0, 1, 1, 1, -1, 0, 0]
B11[1, 0, 0, 1, 1, 1, 0, 0, -1]
B11[1, 0, 0, 1, 1, 1, 0, 0, 0]
B11[1, 0, 1, 0, 1, 0, 0, 0, 0]
B11[1, 0, 1, 0, 1, 1, 0, -1, 0]
B11[1, 0, 1, 0, 1, 1, 0, 0, 0]
B11[1, 0, 1, 1, 0, 0, 0, 0, 0]
B11[1, 0, 1, 1, 0, 1, 0, -1, 0]
B11[1, 0, 1, 1, 0, 1, 0, 0, 0]
B11[1, 0, 1, 1, 1, 0, -1, 0, 0]
B11[1, 0, 1, 1, 1, 0, 0, 0, -1]
B11[1, 0, 1, 1, 1, 0, 0, 0, 0]
B11[1, 0, 1, 1, 1, 1, -1, -1, 0]
B11[1, 0, 1, 1, 1, 1, -1, 0, 0]
B11[1, 0, 1, 1, 1, 1, 0, -1, -1]
B11[1, 0, 1, 1, 1, 1, 0, -1, 0]
B11[1, 0, 1, 1, 1, 1, 0, 0, -1]
B11[1, 0, 1, 1, 1, 1, 0, 0, 0]
B11[1, 1, 0, 0, 0, 1, 0, 0, 0]
B11[1, 1, 0, 0, 1, 1, -1, 0, 0]
B11[1, 1, 0, 0, 1, 1, 0, 0, -1]
B11[1, 1, 0, 0, 1, 1, 0, 0, 0]
B11[1, 1, 0, 1, 0, 1, -1, 0, 0]
B11[1, 1, 0, 1, 0, 1, 0, 0, -1]
B11[1, 1, 0, 1, 0, 1, 0, 0, 0]
B11[1, 1, 0, 1, 1, 1, -2, 0, 0]
B11[1, 1, 0, 1, 1, 1, -1, 0, -1]
B11[1, 1, 0, 1, 1, 1, -1, 0, 0]
B11[1, 1, 0, 1, 1, 1, 0, 0, -2]
B11[1, 1, 0, 1, 1, 1, 0, 0, -1]
B11[1, 1, 0, 1, 1, 1, 0, 0, 0]
B11[1, 1, 1, -1, 1, 1, 0, -1, 0]
B11[1, 1, 1, -1, 1, 1, 0, 0, 0]
B11[1, 1, 1, 0, 0, 0, 0, 0, 0]
B11[1, 1, 1, 0, 0, 1, 0, -1, 0]
B11[1, 1, 1, 0, 0, 1, 0, 0, 0]
B11[1, 1, 1, 0, 1, 0, -1, 0, 0]
B11[1, 1, 1, 0, 1, 0, 0, 0, -1]
B11[1, 1, 1, 0, 1, 0, 0, 0, 0]
B11[1, 1, 1, 0, 1, 1, -1, -1, 0]
B11[1, 1, 1, 0, 1, 1, -1, 0, 0]
B11[1, 1, 1, 0, 1, 1, 0, -1, -1]
B11[1, 1, 1, 0, 1, 1, 0, -1, 0]
B11[1, 1, 1, 0, 1, 1, 0, 0, -1]
B11[1, 1, 1, 0, 1, 1, 0, 0, 0]
B11[1, 1, 1, 1, -1, 1, 0, 0, 0]
B11[1, 1, 1, 1, 0, 0, -1, 0, 0]
B11[1, 1, 1, 1, 0, 0, 0, 0, -1]
B11[1, 1, 1, 1, 0, 0, 0, 0, 0]
B11[1, 1, 1, 1, 0, 1, -1, -1, 0]
B11[1, 1, 1, 1, 0, 1, -1, 0, 0]
B11[1, 1, 1, 1, 0, 1, 0, -1, 0]
B11[1, 1, 1, 1, 0, 1, 0, 0, -1]
B11[1, 1, 1, 1, 0, 1, 0, 0, 0]
B11[1, 1, 1, 1, 1, 0, -2, 0, 0]
B11[1, 1, 1, 1, 1, 0, -1, 0, -1]
B11[1, 1, 1, 1, 1, 0, -1, 0, 0]
B11[1, 1, 1, 1, 1, 0, 0, 0, -2]
B11[1, 1, 1, 1, 1, 0, 0, 0, -1]
B11[1, 1, 1, 1, 1, 0, 0, 0, 0]
B11[1, 1, 1, 1, 1, 1, -2, -1, 0]
B11[1, 1, 1, 1, 1, 1, -2, 0, 0]
B11[1, 1, 1, 1, 1, 1, -1, -1, -1]
B11[1, 1, 1, 1, 1, 1, -1, -1, 0]
B11[1, 1, 1, 1, 1, 1, -1, 0, -1]
B11[1, 1, 1, 1, 1, 1, -1, 0, 0]
B11[1, 1, 1, 1, 1, 1, 0, -1, -1]
B11[1, 1, 1, 1, 1, 1, 0, -1, 0]
B11[1, 1, 1, 1, 1, 1, 0, 0, -2]
B11[1, 1, 1, 1, 1, 1, 0, 0, -1]
B11[1, 1, 1, 1, 1, 1, 0, 0, 0]
B11[0, 1, 1, 0, 1, 1, 0, 0, -1]
B11[-1, 0, 1, 1, 1, 1, 0, 0, 0]
B11[-1, 1, 1, 1, 1, 1, -1, 0, 0]
B11[-1, 1, 1, 1, 1, 1, 0, 0, -1]
B11[-1, 1, 1, 1, 1, 1, 0, 0, 0]
B11[0, 0, 0, 1, 1, 1, 0, 0, 0]
B11[0, 0, 1, 1, 1, 0, 0, 0, 0]
B11[0, 0, 1, 1, 1, 1, 0, -1, 0]
B11[0, 1, 0, 0, 1, 1, 0, 0, 0]
B11[0, 1, 0, 1, 1, 1, -1, 0, 0]
B11[0, 1, 0, 1, 1, 1, 0, 0, -1]
B11[0, 1, 0, 1, 1, 1, 0, 0, 0]
B11[0, 1, 1, 0, 1, 0, 0, 0, 0]
B11[0, 1, 1, 0, 1, 1, 0, -1, 0]
B11[0, 1, 1, 1, 1, 0, -1, 0, 0]
B11[0, 1, 1, 1, 1, 0, 0, 0, -1]
B11[0, 1, 1, 1, 1, 0, 0, 0, 0]
B11[0, 1, 1, 1, 1, 1, -1, -1, 0]
B11[0, 1, 1, 1, 1, 1, 0, -1, -1]
B11[0, 1, 1, 1, 1, 1, 0, -1, 0]
B11[1, 0, -1, 1, 1, 1, 0, 0, 0]
B11[1, 0, 0, 1, 1, 0, 0, 0, 0]
B11[1, 0, 0, 1, 1, 1, 0, -1, 0]
B11[1, 0, 1, 1, 1, -1, 0, 0, 0]
B11[1, 0, 1, 1, 1, 0, 0, -1, 0]
B11[1, 0, 1, 1, 1, 1, 0, -2, 0]
B11[1, 1, -1, 0, 1, 1, 0, 0, 0]
B11[1, 1, -1, 1, 1, 1, -1, 0, 0]
B11[1, 1, -1, 1, 1, 1, 0, 0, -1]
B11[1, 1, -1, 1, 1, 1, 0, 0, 0]
B11[1, 1, 0, 0, 1, 0, 0, 0, 0]
B11[1, 1, 0, 0, 1, 1, 0, -1, 0]
B11[1, 1, 0, 1, 1, 0, -1, 0, 0]
B11[1, 1, 0, 1, 1, 0, 0, 0, -1]
B11[1, 1, 0, 1, 1, 0, 0, 0, 0]
B11[1, 1, 0, 1, 1, 1, -1, -1, 0]
B11[1, 1, 0, 1, 1, 1, 0, -1, -1]
B11[1, 1, 0, 1, 1, 1, 0, -1, 0]
B11[1, 1, 1, 0, 1, 0, 0, -1, 0]
B11[1, 1, 1, 0, 1, 1, 0, -2, 0]
B11[1, 1, 1, 1, 1, -1, -1, 0, 0]
B11[1, 1, 1, 1, 1, -1, 0, 0, -1]
B11[1, 1, 1, 1, 1, -1, 0, 0, 0]
B11[1, 1, 1, 1, 1, 0, -1, -1, 0]
B11[1, 1, 1, 1, 1, 0, 0, -1, -1]
B11[1, 1, 1, 1, 1, 0, 0, -1, 0]
B11[1, 1, 1, 1, 1, 1, -1, -2, 0]
B11[1, 1, 1, 1, 1, 1, 0, -2, -1]
B11[1, 1, 1, 1, 1, 1, 0, -2, 0]
B11[-1, 0, 1, 1, 1, 1, 0, 0, 0]
B11[-1, 1, 1, 1, 1, 1, -1, 0, 0]
B11[-1, 1, 1, 1, 1, 1, 0, 0, -1]
B11[-1, 1, 1, 1, 1, 1, 0, 0, 0]
B11[0, 0, 0, 1, 1, 1, 0, 0, 0]
B11[0, 0, 1, 1, 1, 0, 0, 0, 0]
B11[0, 0, 1, 1, 1, 1, 0, -1, 0]
B11[0, 1, 0, 0, 1, 1, 0, 0, 0]
B11[0, 1, 0, 1, 1, 1, -1, 0, 0]
B11[0, 1, 0, 1, 1, 1, 0, 0, -1]
B11[0, 1, 0, 1, 1, 1, 0, 0, 0]
B11[0, 1, 1, 0, 1, 0, 0, 0, 0]
B11[0, 1, 1, 0, 1, 1, 0, -1, 0]
B11[0, 1, 1, 1, 1, 0, -1, 0, 0]
B11[0, 1, 1, 1, 1, 0, 0, 0, -1]
B11[0, 1, 1, 1, 1, 0, 0, 0, 0]
B11[0, 1, 1, 1, 1, 1, -1, -1, 0]
B11[0, 1, 1, 1, 1, 1, 0, -1, -1]
B11[0, 1, 1, 1, 1, 1, 0, -1, 0]
B11[1, 0, -1, 1, 1, 1, 0, 0, 0]
B11[1, 0, 0, 1, 1, 0, 0, 0, 0]
B11[1, 0, 0, 1, 1, 1, 0, -1, 0]
B11[1, 0, 1, 1, 1, -1, 0, 0, 0]
B11[1, 0, 1, 1, 1, 0, 0, -1, 0]
B11[1, 0, 1, 1, 1, 1, 0, -2, 0]
B11[1, 1, -1, 0, 1, 1, 0, 0, 0]
B11[1, 1, -1, 1, 1, 1, -1, 0, 0]
B11[1, 1, -1, 1, 1, 1, 0, 0, -1]
B11[1, 1, -1, 1, 1, 1, 0, 0, 0]
B11[1, 1, 0, 0, 1, 0, 0, 0, 0]
B11[1, 1, 0, 0, 1, 1, 0, -1, 0]
B11[1, 1, 0, 1, 1, 0, -1, 0, 0]
B11[1, 1, 0, 1, 1, 0, 0, 0, -1]
B11[1, 1, 0, 1, 1, 0, 0, 0, 0]
B11[1, 1, 0, 1, 1, 1, -1, -1, 0]
B11[1, 1, 0, 1, 1, 1, 0, -1, -1]
B11[1, 1, 0, 1, 1, 1, 0, -1, 0]
B11[1, 1, 1, 0, 1, 0, 0, -1, 0]
B11[1, 1, 1, 0, 1, 1, 0, -2, 0]
B11[1, 1, 1, 1, 1, -1, -1, 0, 0]
B11[1, 1, 1, 1, 1, -1, 0, 0, -1]
B11[1, 1, 1, 1, 1, -1, 0, 0, 0]
B11[1, 1, 1, 1, 1, 0, -1, -1, 0]
B11[1, 1, 1, 1, 1, 0, 0, -1, -1]
B11[1, 1, 1, 1, 1, 0, 0, -1, 0]
B11[1, 1, 1, 1, 1, 1, -1, -2, 0]
B11[1, 1, 1, 1, 1, 1, 0, -2, -1]
B11[1, 1, 1, 1, 1, 1, 0, -2, 0]
B11[0, 0, 1, 1, 0, 1, 0, 0, 0]
B11[0, 1, 1, 0, 0, 1, 0, 0, 0]
B11[0, 1, 1, 1, 0, 1, -1, 0, 0]
B11[0, 1, 1, 1, 0, 1, 0, 0, -1]
B11[0, 1, 1, 1, 0, 1, 0, 0, 0]
B11[1, 0, 0, 1, 0, 1, 0, 0, 0]
B11[1, 0, 1, 1, 0, 0, 0, 0, 0]
B11[1, 0, 1, 1, 0, 1, 0, -1, 0]
B11[1, 0, 1, 1, 0, 1, 0, 0, 0]
B11[1, 1, 0, 0, 0, 1, 0, 0, 0]
B11[1, 1, 0, 1, 0, 1, -1, 0, 0]
B11[1, 1, 0, 1, 0, 1, 0, 0, -1]
B11[1, 1, 0, 1, 0, 1, 0, 0, 0]
B11[1, 1, 1, 0, 0, 0, 0, 0, 0]
B11[1, 1, 1, 0, 0, 1, 0, -1, 0]
B11[1, 1, 1, 0, 0, 1, 0, 0, 0]
B11[1, 1, 1, 1, -1, 1, 0, 0, 0]
B11[1, 1, 1, 1, 0, 0, -1, 0, 0]
B11[1, 1, 1, 1, 0, 0, 0, 0, -1]
B11[1, 1, 1, 1, 0, 0, 0, 0, 0]
B11[1, 1, 1, 1, 0, 1, -1, -1, 0]
B11[1, 1, 1, 1, 0, 1, -1, 0, 0]
B11[1, 1, 1, 1, 0, 1, 0, -1, 0]
B11[1, 1, 1, 1, 0, 1, 0, 0, -1]
B11[1, 1, 1, 1, 0, 1, 0, 0, 0]
B11[0, 0, 1, 1, 0, 1, 0, 0, 0]
B11[0, 1, 1, 0, 0, 1, 0, 0, 0]
B11[0, 1, 1, 1, 0, 1, -1, 0, 0]
B11[0, 1, 1, 1, 0, 1, 0, 0, -1]
B11[0, 1, 1, 1, 0, 1, 0, 0, 0]
B11[1, 0, 0, 1, 0, 1, 0, 0, 0]
B11[1, 0, 1, 1, 0, 0, 0, 0, 0]
B11[1, 0, 1, 1, 0, 1, 0, -1, 0]
B11[1, 0, 1, 1, 0, 1, 0, 0, 0]
B11[1, 1, 0, 0, 0, 1, 0, 0, 0]
B11[1, 1, 0, 1, 0, 1, -1, 0, 0]
B11[1, 1, 0, 1, 0, 1, 0, 0, -1]
B11[1, 1, 0, 1, 0, 1, 0, 0, 0]
B11[1, 1, 1, 0, 0, 0, 0, 0, 0]
B11[1, 1, 1, 0, 0, 1, 0, -1, 0]
B11[1, 1, 1, 0, 0, 1, 0, 0, 0]
B11[1, 1, 1, 1, -1, 1, 0, 0, 0]
B11[1, 1, 1, 1, 0, 0, -1, 0, 0]
B11[1, 1, 1, 1, 0, 0, 0, 0, -1]
B11[1, 1, 1, 1, 0, 0, 0, 0, 0]
B11[1, 1, 1, 1, 0, 1, -1, -1, 0]
B11[1, 1, 1, 1, 0, 1, -1, 0, 0]
B11[1, 1, 1, 1, 0, 1, 0, -1, 0]
B11[1, 1, 1, 1, 0, 1, 0, 0, -1]
B11[1, 1, 1, 1, 0, 1, 0, 0, 0]
B11[-1, 0, 1, 0, 1, 2, 0, 0, 0]
B11[-1, 0, 1, 1, 0, 2, 0, 0, 0]
B11[-1, 0, 1, 1, 1, 2, 0, 0, 0]
B11[0, 0, 0, 0, 1, 2, 0, 0, 0]
B11[0, 0, 0, 1, 0, 2, 0, 0, 0]
B11[0, 0, 0, 1, 1, 2, 0, 0, 0]
B11[0, 0, 1, 0, 1, 2, 0, -1, 0]
B11[0, 0, 1, 0, 1, 2, 0, 0, 0]
B11[0, 0, 1, 1, 0, 2, 0, -1, 0]
B11[0, 0, 1, 1, 0, 2, 0, 0, 0]
B11[0, 0, 1, 1, 1, 2, 0, -1, 0]
B11[0, 0, 1, 1, 1, 2, 0, 0, 0]
B11[1, 0, -1, 0, 1, 2, 0, 0, 0]
B11[1, 0, -1, 1, 0, 2, 0, 0, 0]
B11[1, 0, -1, 1, 1, 2, 0, 0, 0]
B11[1, 0, 0, 0, 1, 2, 0, -1, 0]
B11[1, 0, 0, 0, 1, 2, 0, 0, 0]
B11[1, 0, 0, 1, 0, 2, 0, -1, 0]
B11[1, 0, 0, 1, 0, 2, 0, 0, 0]
B11[1, 0, 0, 1, 1, 2, 0, -1, 0]
B11[1, 0, 0, 1, 1, 2, 0, 0, 0]
B11[1, 0, 1, 0, 1, 2, 0, -2, 0]
B11[1, 0, 1, 0, 1, 2, 0, -1, 0]
B11[1, 0, 1, 0, 1, 2, 0, 0, 0]
B11[1, 0, 1, 1, 0, 2, 0, -2, 0]
B11[1, 0, 1, 1, 0, 2, 0, -1, 0]
B11[1, 0, 1, 1, 0, 2, 0, 0, 0]
B11[1, 0, 1, 1, 1, 2, 0, -2, 0]
B11[1, 0, 1, 1, 1, 2, 0, -1, 0]
B11[1, 0, 1, 1, 1, 2, 0, 0, 0]
B11[-1, 0, 2, 0, 1, 1, 0, 0, 0]
B11[-1, 1, 2, 0, 0, 1, 0, 0, 0]
B11[-1, 1, 2, 0, 1, 1, 0, 0, 0]
B11[0, 0, 2, 0, 1, 0, 0, 0, 0]
B11[0, 0, 2, 0, 1, 1, 0, -1, 0]
B11[0, 0, 2, 0, 1, 1, 0, 0, 0]
B11[0, 1, 1, 0, 1, 1, 0, 0, -1]
B11[0, 1, 2, 0, 0, 0, 0, 0, 0]
B11[0, 1, 2, 0, 0, 1, 0, -1, 0]
B11[0, 1, 2, 0, 0, 1, 0, 0, 0]
B11[0, 1, 2, 0, 1, 0, 0, 0, 0]
B11[0, 1, 2, 0, 1, 1, 0, -1, 0]
B11[0, 1, 2, 0, 1, 1, 0, 0, 0]
B11[1, 0, 2, 0, 1, -1, 0, 0, 0]
B11[1, 0, 2, 0, 1, 0, 0, -1, 0]
B11[1, 0, 2, 0, 1, 0, 0, 0, 0]
B11[1, 0, 2, 0, 1, 1, 0, -2, 0]
B11[1, 0, 2, 0, 1, 1, 0, -1, 0]
B11[1, 0, 2, 0, 1, 1, 0, 0, 0]
B11[1, 1, 0, -1, 1, 1, 0, 0, 0]
B11[1, 1, 1, -1, 1, 0, 0, 0, 0]
B11[1, 1, 2, 0, 0, -1, 0, 0, 0]
B11[1, 1, 2, 0, 0, 0, 0, -1, 0]
B11[1, 1, 2, 0, 0, 0, 0, 0, 0]
B11[1, 1, 2, 0, 0, 1, 0, -2, 0]
B11[1, 1, 2, 0, 0, 1, 0, -1, 0]
B11[1, 1, 2, 0, 0, 1, 0, 0, 0]
B11[1, 1, 2, 0, 1, -1, 0, 0, 0]
B11[1, 1, 2, 0, 1, 0, 0, -1, 0]
B11[1, 1, 2, 0, 1, 0, 0, 0, 0]
B11[1, 1, 2, 0, 1, 1, 0, -2, 0]
B11[1, 1, 2, 0, 1, 1, 0, -1, 0]
B11[1, 1, 2, 0, 1, 1, 0, 0, 0]