B42[-1, 0, 1, 1, 1, 1, 0, 0, 0]
B42[-1, 1, 1, 0, 1, 1, 0, 0, 0]
B42[-1, 1, 1, 1, 1, 1, -1, 0, 0]
B42[-1, 1, 1, 1, 1, 1, 0, 0, -1]
B42[-1, 1, 1, 1, 1, 1, 0, 0, 0]
B42[0, -1, 1, 1, 1, 1, 0, 0, 0]
B42[0, 0, 0, 1, 1, 1, 0, 0, 0]
B42[0, 0, 1, 0, 1, 1, 0, 0, 0]
B42[0, 0, 1, 1, 1, 0, 0, 0, 0]
B42[0, 0, 1, 1, 1, 1, -1, 0, 0]
B42[0, 0, 1, 1, 1, 1, 0, -1, 0]
B42[0, 0, 1, 1, 1, 1, 0, 0, -1]
B42[0, 0, 1, 1, 1, 1, 0, 0, 0]
B42[0, 1, 0, 0, 1, 1, 0, 0, 0]
B42[0, 1, 0, 1, 1, 1, -1, 0, 0]
B42[0, 1, 0, 1, 1, 1, 0, 0, -1]
B42[0, 1, 0, 1, 1, 1, 0, 0, 0]
B42[0, 1, 1, 0, 1, 0, 0, 0, 0]
B42[0, 1, 1, 0, 1, 1, -1, 0, 0]
B42[0, 1, 1, 0, 1, 1, 0, -1, 0]
B42[0, 1, 1, 0, 1, 1, 0, 0, 0]
B42[0, 1, 1, 1, 0, 1, 0, 0, 0]
B42[0, 1, 1, 1, 1, 0, -1, 0, 0]
B42[0, 1, 1, 1, 1, 0, 0, 0, -1]
B42[0, 1, 1, 1, 1, 0, 0, 0, 0]
B42[0, 1, 1, 1, 1, 1, -2, 0, 0]
B42[0, 1, 1, 1, 1, 1, -1, 0, -1]
B42[0, 1, 1, 1, 1, 1, -1, 0, 0]
B42[0, 1, 1, 1, 1, 1, 0, -1, -1]
B42[0, 1, 1, 1, 1, 1, 0, -1, 0]
B42[0, 1, 1, 1, 1, 1, 0, 0, -1]
B42[0, 1, 1, 1, 1, 1, 0, 0, 0]
B42[1, -2, 1, 1, 1, 1, 0, 0, 0]
B42[1, -1, 0, 1, 1, 1, 0, 0, 0]
B42[1, -1, 1, 0, 1, 1, 0, 0, 0]
B42[1, -1, 1, 1, 0, 1, 0, 0, 0]
B42[1, -1, 1, 1, 1, 0, 0, 0, 0]
B42[1, -1, 1, 1, 1, 1, -1, 0, 0]
B42[1, -1, 1, 1, 1, 1, 0, -1, 0]
B42[1, -1, 1, 1, 1, 1, 0, 0, -1]
B42[1, -1, 1, 1, 1, 1, 0, 0, 0]
B42[1, 0, 0, 0, 1, 1, 0, 0, 0]
B42[1, 0, 0, 1, 1, 1, -1, 0, 0]
B42[1, 0, 0, 1, 1, 1, 0, 0, -1]
B42[1, 0, 0, 1, 1, 1, 0, 0, 0]
B42[1, 0, 1, -1, 1, 1, 0, 0, 0]
B42[1, 0, 1, 0, 0, 1, 0, 0, 0]
B42[1, 0, 1, 0, 1, 0, 0, 0, 0]
B42[1, 0, 1, 0, 1, 1, -1, 0, 0]
B42[1, 0, 1, 0, 1, 1, 0, -1, 0]
B42[1, 0, 1, 0, 1, 1, 0, 0, -1]
B42[1, 0, 1, 0, 1, 1, 0, 0, 0]
B42[1, 0, 1, 1, 0, 1, -1, 0, 0]
B42[1, 0, 1, 1, 0, 1, 0, 0, -1]
B42[1, 0, 1, 1, 0, 1, 0, 0, 0]
B42[1, 0, 1, 1, 1, 0, -1, 0, 0]
B42[1, 0, 1, 1, 1, 0, 0, 0, -1]
B42[1, 0, 1, 1, 1, 0, 0, 0, 0]
B42[1, 0, 1, 1, 1, 1, -2, 0, 0]
B42[1, 0, 1, 1, 1, 1, -1, -1, 0]
B42[1, 0, 1, 1, 1, 1, -1, 0, -1]
B42[1, 0, 1, 1, 1, 1, -1, 0, 0]
B42[1, 0, 1, 1, 1, 1, 0, -1, -1]
B42[1, 0, 1, 1, 1, 1, 0, -1, 0]
B42[1, 0, 1, 1, 1, 1, 0, 0, -2]
B42[1, 0, 1, 1, 1, 1, 0, 0, -1]
B42[1, 0, 1, 1, 1, 1, 0, 0, 0]
B42[1, 1, 0, 0, 1, 1, -1, 0, 0]
B42[1, 1, 0, 0, 1, 1, 0, 0, 0]
B42[1, 1, 0, 1, 1, 1, -2, 0, 0]
B42[1, 1, 0, 1, 1, 1, -1, 0, -1]
B42[1, 1, 0, 1, 1, 1, -1, 0, 0]
B42[1, 1, 0, 1, 1, 1, 0, 0, -1]
B42[1, 1, 0, 1, 1, 1, 0, 0, 0]
B42[1, 1, 1, -1, 0, 1, 0, 0, 0]
B42[1, 1, 1, -1, 1, 1, -1, 0, 0]
B42[1, 1, 1, -1, 1, 1, 0, 0, 0]
B42[1, 1, 1, 0, 0, 1, -1, 0, 0]
B42[1, 1, 1, 0, 0, 1, 0, 0, -1]
B42[1, 1, 1, 0, 0, 1, 0, 0, 0]
B42[1, 1, 1, 0, 1, 0, -1, 0, 0]
B42[1, 1, 1, 0, 1, 0, 0, 0, 0]
B42[1, 1, 1, 0, 1, 1, -2, 0, 0]
B42[1, 1, 1, 0, 1, 1, -1, -1, 0]
B42[1, 1, 1, 0, 1, 1, -1, 0, -1]
B42[1, 1, 1, 0, 1, 1, -1, 0, 0]
B42[1, 1, 1, 0, 1, 1, 0, -1, 0]
B42[1, 1, 1, 0, 1, 1, 0, 0, -1]
B42[1, 1, 1, 0, 1, 1, 0, 0, 0]
B42[1, 1, 1, 1, 0, 1, -2, 0, 0]
B42[1, 1, 1, 1, 0, 1, -1, 0, -1]
B42[1, 1, 1, 1, 0, 1, -1, 0, 0]
B42[1, 1, 1, 1, 0, 1, 0, 0, -2]
B42[1, 1, 1, 1, 0, 1, 0, 0, -1]
B42[1, 1, 1, 1, 0, 1, 0, 0, 0]
B42[1, 1, 1, 1, 1, 0, -2, 0, 0]
B42[1, 1, 1, 1, 1, 0, -1, 0, -1]
B42[1, 1, 1, 1, 1, 0, -1, 0, 0]
B42[1, 1, 1, 1, 1, 0, 0, 0, -1]
B42[1, 1, 1, 1, 1, 0, 0, 0, 0]
B42[1, 1, 1, 1, 1, 1, -3, 0, 0]
B42[1, 1, 1, 1, 1, 1, -2, 0, -1]
B42[1, 1, 1, 1, 1, 1, -2, 0, 0]
B42[1, 1, 1, 1, 1, 1, -1, -1, -1]
B42[1, 1, 1, 1, 1, 1, -1, -1, 0]
B42[1, 1, 1, 1, 1, 1, -1, 0, -2]
B42[1, 1, 1, 1, 1, 1, -1, 0, -1]
B42[1, 1, 1, 1, 1, 1, -1, 0, 0]
B42[1, 1, 1, 1, 1, 1, 0, -1, -1]
B42[1, 1, 1, 1, 1, 1, 0, -1, 0]
B42[1, 1, 1, 1, 1, 1, 0, 0, -2]
B42[1, 1, 1, 1, 1, 1, 0, 0, -1]
B42[1, 1, 1, 1, 1, 1, 0, 0, 0]
B42[0, 0, 1, 1, 0, 1, 0, 0, 0]
B42[0, 1, 1, -1, 1, 1, 0, 0, 0]
B42[0, 1, 1, 0, 0, 1, 0, 0, 0]
B42[0, 1, 1, 0, 1, 1, 0, 0, -1]
B42[0, 1, 1, 1, 0, 1, -1, 0, 0]
B42[0, 1, 1, 1, 0, 1, 0, 0, -1]
B42[0, 1, 1, 1, 1, 1, -1, -1, 0]
B42[1, 0, -1, 1, 1, 1, 0, 0, 0]
B42[1, 0, 0, 1, 0, 1, 0, 0, 0]
B42[1, 0, 0, 1, 1, 0, 0, 0, 0]
B42[1, 0, 0, 1, 1, 1, 0, -1, 0]
B42[1, 0, 1, 1, 0, 0, 0, 0, 0]
B42[1, 0, 1, 1, 0, 1, 0, -1, 0]
B42[1, 0, 1, 1, 1, -1, 0, 0, 0]
B42[1, 0, 1, 1, 1, 0, 0, -1, 0]
B42[1, 0, 1, 1, 1, 1, 0, -2, 0]
B42[1, 1, -1, 0, 1, 1, 0, 0, 0]
B42[1, 1, -1, 1, 1, 1, -1, 0, 0]
B42[1, 1, -1, 1, 1, 1, 0, 0, -1]
B42[1, 1, -1, 1, 1, 1, 0, 0, 0]
B42[1, 1, 0, -1, 1, 1, 0, 0, 0]
B42[1, 1, 0, 0, 0, 1, 0, 0, 0]
B42[1, 1, 0, 0, 1, 0, 0, 0, 0]
B42[1, 1, 0, 0, 1, 1, 0, -1, 0]
B42[1, 1, 0, 0, 1, 1, 0, 0, -1]
B42[1, 1, 0, 1, 0, 1, -1, 0, 0]
B42[1, 1, 0, 1, 0, 1, 0, 0, -1]
B42[1, 1, 0, 1, 0, 1, 0, 0, 0]
B42[1, 1, 0, 1, 1, 0, -1, 0, 0]
B42[1, 1, 0, 1, 1, 0, 0, 0, -1]
B42[1, 1, 0, 1, 1, 0, 0, 0, 0]
B42[1, 1, 0, 1, 1, 1, -1, -1, 0]
B42[1, 1, 0, 1, 1, 1, 0, -1, -1]
B42[1, 1, 0, 1, 1, 1, 0, -1, 0]
B42[1, 1, 1, -1, 1, 0, 0, 0, 0]
B42[1, 1, 1, -1, 1, 1, 0, -1, 0]
B42[1, 1, 1, 0, 0, 0, 0, 0, 0]
B42[1, 1, 1, 0, 0, 1, 0, -1, 0]
B42[1, 1, 1, 0, 1, -1, 0, 0, 0]
B42[1, 1, 1, 0, 1, 0, 0, -1, 0]
B42[1, 1, 1, 0, 1, 0, 0, 0, -1]
B42[1, 1, 1, 0, 1, 1, 0, -2, 0]
B42[1, 1, 1, 0, 1, 1, 0, -1, -1]
B42[1, 1, 1, 1, -1, 1, 0, 0, 0]
B42[1, 1, 1, 1, 0, 0, -1, 0, 0]
B42[1, 1, 1, 1, 0, 0, 0, 0, -1]
B42[1, 1, 1, 1, 0, 0, 0, 0, 0]
B42[1, 1, 1, 1, 0, 1, 0, -1, -1]
B42[1, 1, 1, 1, 0, 1, 0, -1, 0]
B42[1, 1, 1, 1, 1, -1, -1, 0, 0]
B42[1, 1, 1, 1, 1, -1, 0, 0, -1]
B42[1, 1, 1, 1, 1, -1, 0, 0, 0]
B42[1, 1, 1, 1, 1, 0, -1, -1, 0]
B42[1, 1, 1, 1, 1, 0, 0, -1, -1]
B42[1, 1, 1, 1, 1, 0, 0, -1, 0]
B42[1, 1, 1, 1, 1, 1, -1, -2, 0]
B42[1, 1, 1, 1, 1, 1, 0, -2, 0]