B3[0,0,0,0,0,0,0,0,0]*(-a5-a2+d-2*a0-a7-a4)
B3[-1,0,1,0,0,0,0,0,0]*(-a2)
B3[-1,0,0,0,0,0,0,1,0]*(-a7)
B3[-1,0,0,0,1,0,0,0,0]*(-a4)
B3[0,-1,0,0,1,0,0,0,0]*(2*a4)
B3[-1,0,0,0,0,1,0,0,0]*(-a5)
B3[0,0,0,0,1,0,0,0,-1]*(-a4)
B3[0,0,0,0,1,0,0,0,0]*(-m1^2*a4)

B3[0,0,0,0,0,0,0,0,0]*(-a8+d-a6-a3-a4-2*a1)
B3[0,-1,0,1,0,0,0,0,0]*(-a3)
B3[0,-1,0,0,0,0,0,0,1]*(-a8)
B3[0,0,0,1,0,0,0,0,0]*(s*a3)
B3[0,-1,0,0,1,0,0,0,0]*(-a4)
B3[0,0,-1,0,1,0,0,0,0]*(a4)
B3[0,-1,0,0,0,0,1,0,0]*(-a6)
B3[0,0,0,0,1,0,0,0,0]*(-m1^2*a4)

B3[0,0,0,0,0,0,0,0,0]*(-a2+a0)
B3[1,0,-1,0,0,0,0,0,0]*(-a0)
B3[-1,0,1,0,0,0,0,0,0]*(a2)
B3[0,0,0,0,0,0,0,1,0]*(a7*t)
B3[-1,0,0,0,1,0,0,0,0]*(a4)
B3[0,-1,0,0,1,0,0,0,0]*(-a4)
B3[0,0,-1,0,1,0,0,0,0]*(-a4)
B3[0,0,0,0,1,0,0,0,-1]*(a4)
B3[-1,0,0,0,0,1,0,0,0]*(a5)
B3[0,0,-1,0,0,1,0,0,0]*(-a5)
B3[0,0,0,0,0,1,0,0,0]*(a5*s)
B3[-1,0,0,0,0,0,0,1,0]*(a7)
B3[0,0,-1,0,0,0,0,1,0]*(-a7)

B3[0,0,0,0,0,0,0,0,0]*(a8-a1)
B3[0,1,0,0,0,0,0,0,-1]*(a1)
B3[0,-1,0,1,0,0,0,0,0]*(-a3)
B3[0,0,0,1,0,0,0,0,-1]*(a3)
B3[0,0,0,1,0,0,0,0,0]*(-s*a3)
B3[-1,0,0,0,1,0,0,0,0]*(a4)
B3[0,-1,0,0,1,0,0,0,0]*(-a4)
B3[0,0,-1,0,1,0,0,0,0]*(-a4)
B3[0,0,0,0,1,0,0,0,-1]*(a4)
B3[0,-1,0,0,0,0,1,0,0]*(-a6)
B3[0,0,0,0,0,0,1,0,-1]*(a6)
B3[0,0,0,0,0,0,1,0,0]*(-a6*t)
B3[0,-1,0,0,0,0,0,0,1]*(-a8)

B3[0,0,0,0,0,0,0,0,0]*(a0-a7)
B3[1,0,0,0,0,0,0,-1,0]*(-a0)
B3[-1,0,1,0,0,0,0,0,0]*(a2)
B3[0,0,1,0,0,0,0,-1,0]*(-a2)
B3[0,0,1,0,0,0,0,0,0]*(a2*t)
B3[-1,0,0,0,1,0,0,0,0]*(a4)
B3[0,-1,0,0,1,0,0,0,0]*(-a4)
B3[0,0,0,0,1,0,-1,0,0]*(a4)
B3[0,0,0,0,1,0,0,-1,0]*(-a4)
B3[0,0,0,0,1,0,0,0,0]*(t*a4)
B3[-1,0,0,0,0,1,0,0,0]*(a5)
B3[0,0,0,0,0,1,0,-1,0]*(-a5)
B3[0,0,0,0,0,1,0,0,0]*(a5*s+a5*t)
B3[-1,0,0,0,0,0,0,1,0]*(a7)

B3[0,0,0,0,0,0,0,0,0]*(a6-a1)
B3[0,1,0,0,0,0,-1,0,0]*(a1)
B3[0,-1,0,1,0,0,0,0,0]*(-a3)
B3[0,0,0,1,0,0,-1,0,0]*(a3)
B3[0,0,0,1,0,0,0,0,0]*(-s*a3)
B3[-1,0,0,0,1,0,0,0,0]*(a4)
B3[0,-1,0,0,1,0,0,0,0]*(-a4)
B3[0,0,0,0,1,0,-1,0,0]*(a4)
B3[0,0,0,0,1,0,0,-1,0]*(-a4)
B3[0,0,0,0,1,0,0,0,0]*(t*a4)
B3[0,-1,0,0,0,0,1,0,0]*(-a6)
B3[0,0,0,0,0,0,0,0,1]*(-a8*t)
B3[0,-1,0,0,0,0,0,0,1]*(-a8)
B3[0,0,0,0,0,0,-1,0,1]*(a8)

B3[0,0,0,0,0,0,0,0,0]*(-a6-a3+2*a1)
B3[0,1,0,-1,0,0,0,0,0]*(-a1)
B3[0,1,0,0,0,0,-1,0,0]*(-a1)
B3[0,1,0,0,0,0,0,0,0]*(s*a1)
B3[0,-1,0,1,0,0,0,0,0]*(2*a3)
B3[0,0,0,0,0,0,0,0,1]*(a8*t+2*a8*s)
B3[0,0,0,1,0,0,-1,0,0]*(-a3)
B3[-1,0,0,0,1,0,0,0,0]*(-a4)
B3[0,-1,0,0,1,0,0,0,0]*(2*a4)
B3[0,0,-1,0,1,0,0,0,0]*(-a4)
B3[0,0,0,-1,1,0,0,0,0]*(-a4)
B3[0,0,0,0,1,-1,0,0,0]*(a4)
B3[0,0,0,0,1,0,-1,0,0]*(-a4)
B3[0,0,0,0,1,0,0,-1,0]*(a4)
B3[0,0,0,0,1,0,0,0,0]*(-t*a4)
B3[0,-1,0,0,0,0,1,0,0]*(2*a6)
B3[0,0,0,-1,0,0,1,0,0]*(-a6)
B3[0,0,0,0,0,0,-1,0,1]*(-a8)
B3[0,0,0,0,0,0,1,0,0]*(2*s*a6)
B3[0,-1,0,0,0,0,0,0,1]*(2*a8)
B3[0,0,0,-1,0,0,0,0,1]*(-a8)

B3[1,-1,0,0,0,0,0,0,0]*(2*a0)
B3[1,0,-1,0,0,0,0,0,0]*(a0)
B3[1,0,0,0,-1,0,0,0,0]*(-a0)
B3[1,0,0,0,0,0,0,0,-1]*(-a0)
B3[1,0,0,0,0,0,0,0,0]*(-m1^2*a0)
B3[0,-1,1,0,0,0,0,0,0]*(a2)
B3[0,0,0,0,0,0,0,0,0]*(a2-a4)
B3[0,0,1,0,-1,0,0,0,0]*(-a2)
B3[0,0,1,0,0,0,0,0,0]*(-a2*m1^2)
B3[0,-1,0,0,1,0,0,0,0]*(-a4)
B3[0,0,-1,0,1,0,0,0,0]*(a4)
B3[0,0,0,0,0,0,0,1,0]*(-m1^2*a7)
B3[0,0,0,0,1,0,0,0,0]*(-m1^2*a4)
B3[0,0,-1,0,0,1,0,0,0]*(a5)
B3[0,0,0,-1,0,1,0,0,0]*(a5)
B3[0,0,0,0,-1,1,0,0,0]*(-a5)
B3[0,0,0,0,0,1,0,0,0]*(-a5*s-a5*m1^2)
B3[0,-1,0,0,0,0,0,1,0]*(a7)
B3[0,0,-1,0,0,0,0,1,0]*(a7)
B3[0,0,0,0,-1,0,0,1,0]*(-a7)
B3[0,0,0,0,0,0,-1,1,0]*(a7)
B3[0,0,0,0,0,0,0,1,-1]*(-a7)

B3[0,0,0,0,0,0,0,0,0]*(a5-a2-a0+a7)
B3[1,0,-1,0,0,0,0,0,0]*(-a0)
B3[1,0,0,0,0,-1,0,0,0]*(a0)
B3[1,0,0,0,0,0,0,-1,0]*(a0)
B3[-1,0,1,0,0,0,0,0,0]*(-a2)
B3[0,0,0,0,0,0,0,1,0]*(-s*a7)
B3[0,0,1,0,0,-1,0,0,0]*(a2)
B3[0,0,1,0,0,0,0,-1,0]*(a2)
B3[0,0,1,0,0,0,0,0,0]*(-s*a2-a2*t)
B3[-1,0,0,0,1,0,0,0,0]*(-a4)
B3[0,-1,0,0,1,0,0,0,0]*(2*a4)
B3[0,0,-1,0,1,0,0,0,0]*(-a4)
B3[0,0,0,-1,1,0,0,0,0]*(-a4)
B3[0,0,0,0,1,-1,0,0,0]*(a4)
B3[0,0,0,0,1,0,-1,0,0]*(-a4)
B3[0,0,0,0,1,0,0,-1,0]*(a4)
B3[0,0,0,0,1,0,0,0,0]*(-t*a4)
B3[-1,0,0,0,0,1,0,0,0]*(-a5)
B3[0,0,-1,0,0,1,0,0,0]*(-a5)
B3[0,0,0,0,0,-1,0,1,0]*(a7)
B3[0,0,0,0,0,1,0,-1,0]*(a5)
B3[0,0,0,0,0,1,0,0,0]*(-a5*t)
B3[-1,0,0,0,0,0,0,1,0]*(-a7)
B3[0,0,-1,0,0,0,0,1,0]*(-a7)

B3[0,0,0,0,0,0,0,0,0]*(-a8-a4+2*a1)
B3[0,1,-1,0,0,0,0,0,0]*(a1)
B3[0,1,0,0,-1,0,0,0,0]*(-a1)
B3[0,1,0,0,0,0,0,0,-1]*(-a1)
B3[0,1,0,0,0,0,0,0,0]*(-m1^2*a1)
B3[0,-1,0,1,0,0,0,0,0]*(2*a3)
B3[0,0,0,1,-1,0,0,0,0]*(-a3)
B3[0,0,0,1,0,-1,0,0,0]*(a3)
B3[0,0,0,1,0,0,0,0,-1]*(-a3)
B3[0,0,0,1,0,0,0,0,0]*(-m1^2*a3)
B3[-1,0,0,0,1,0,0,0,0]*(-a4)
B3[0,-1,0,0,1,0,0,0,0]*(2*a4)
B3[0,0,0,0,0,0,0,0,1]*(-a8*m1^2)
B3[0,0,0,0,1,0,0,0,-1]*(-a4)
B3[0,0,0,0,1,0,0,0,0]*(-m1^2*a4)
B3[-1,0,0,0,0,0,1,0,0]*(-a6)
B3[0,-1,0,0,0,0,1,0,0]*(2*a6)
B3[0,0,-1,0,0,0,1,0,0]*(a6)
B3[0,0,0,0,-1,0,1,0,0]*(-a6)
B3[0,0,0,0,0,0,1,-1,0]*(a6)
B3[0,0,0,0,0,0,1,0,-1]*(-a6)
B3[0,0,0,0,0,0,1,0,0]*(-m1^2*a6)
B3[-1,0,0,0,0,0,0,0,1]*(-a8)
B3[0,-1,0,0,0,0,0,0,1]*(2*a8)
B3[0,0,-1,0,0,0,0,0,1]*(2*a8)
B3[0,0,0,0,-1,0,0,0,1]*(-a8)

