19 3
22 3
25 3
26 3
28 3
50 3
52 3
56 3
81 3
84 3
88 3
112 3
146 3
148 3
152 3
176 3
208 3
273 3
276 3
280 3
304 3
336 3
400 3
23 4
27 4
29 4
30 4
46 4
51 4
53 4
54 4
57 4
58 4
60 4
83 4
85 4
86 4
89 4
90 4
92 4
108 4
113 4
114 4
116 4
120 4
142 4
147 4
149 4
150 4
153 4
154 4
156 4
170 4
177 4
178 4
180 4
184 4
204 4
209 4
210 4
212 4
216 4
232 4
240 4
275 4
277 4
278 4
281 4
282 4
284 4
300 4
305 4
306 4
308 4
312 4
337 4
338 4
340 4
344 4
356 4
368 4
396 4
401 4
402 4
404 4
408 4
424 4
432 4
452 4
464 4
480 4
31 5
47 5
55 5
59 5
61 5
62 5
87 5
91 5
93 5
94 5
109 5
110 5
115 5
117 5
118 5
121 5
122 5
124 5
143 5
151 5
155 5
157 5
158 5
171 5
174 5
179 5
181 5
182 5
185 5
186 5
188 5
205 5
206 5
211 5
213 5
214 5
217 5
218 5
220 5
233 5
234 5
236 5
241 5
242 5
244 5
248 5
279 5
283 5
285 5
286 5
301 5
302 5
307 5
309 5
310 5
313 5
314 5
316 5
339 5
341 5
342 5
345 5
346 5
348 5
357 5
358 5
364 5
369 5
370 5
372 5
376 5
397 5
398 5
403 5
405 5
406 5
409 5
410 5
412 5
425 5
426 5
428 5
433 5
434 5
436 5
440 5
453 5
454 5
460 5
465 5
466 5
468 5
472 5
481 5
482 5
484 5
488 5
496 5
63 6
95 6
111 6
119 6
123 6
125 6
126 6
159 6
175 6
183 6
187 6
189 6
190 6
207 6
215 6
219 6
221 6
222 6
235 6
237 6
238 6
243 6
245 6
246 6
249 6
250 6
252 6
287 6
303 6
311 6
315 6
317 6
318 6
343 6
347 6
349 6
350 6
359 6
365 6
366 6
371 6
373 6
374 6
377 6
378 6
380 6
399 6
407 6
411 6
413 6
414 6
427 6
429 6
430 6
435 6
437 6
438 6
441 6
442 6
444 6
455 6
461 6
462 6
467 6
469 6
470 6
473 6
474 6
476 6
483 6
485 6
486 6
489 6
490 6
492 6
497 6
498 6
500 6
504 6
127 7
191 7
223 7
239 7
247 7
251 7
253 7
254 7
319 7
351 7
367 7
375 7
379 7
381 7
382 7
415 7
431 7
439 7
443 7
445 7
446 7
463 7
471 7
475 7
477 7
478 7
487 7
491 7
493 7
494 7
499 7
501 7
502 7
505 7
506 7
508 7
255 8
383 8
447 8
479 8
495 8
503 8
507 8
509 8
510 8
511 9
