0
9 2
1 8
1 -1 0 1 m1^2-t+mmv^2 
0 0 0 1 0 
0 -1 1 1 s+m1^2 
0 0 1 0 -m2^2 

0
9 3
3 3
0 1 0 0 0 
1 0 0 0 0 
1 1 -1 0 s+m1^2 
1 1 0 -1 -s-m2^2+m1^2-t+3*mmv^2 

0
9 6
6 6
-1 1 1 0 -s+m1^2 
0 0 1 0 0 
0 1 0 0 0 
0 0 0 1 0 

1
9 7
6 7
1 0 0 0 0 
0 0 1 0 0 
0 1 0 0 0 
0 0 0 1 0 

0
9 8
5 4
1 0 1 -1 -s+m2^2-t+3*mmv^2 
0 1 1 -1 -s+m2^2+2*mmv^2 
0 0 2 -1 2*m2^2+2*mmv^2 
0 0 1 0 0 

0
9 9
8 9
1 0 0 0 0 
0 1 0 0 -m1^2 
0 0 1 0 m1^2 
0 0 0 1 0 

0
9 10
6 12
-1 1 1 0 -s+m1^2 
0 0 1 0 0 
0 1 0 0 0 
0 0 0 1 0 

1
9 11
8 13
1 0 0 0 0 
0 0 1 0 0 
0 1 0 0 0 
0 0 0 1 0 

0
9 12
5 12
-1 0 1 1 -s+m2^2-t+mmv^2 
0 -1 1 1 s+m2^2-2*m1^2 
0 0 0 1 0 
0 0 1 0 0 

1
9 13
8 11
1 0 0 0 0 
0 0 1 0 0 
0 1 0 0 0 
0 0 0 1 0 

0
9 14
6 14
-1 1 1 0 -s+m1^2 
0 0 1 0 0 
0 1 0 0 0 
0 0 0 1 0 

1
9 15
8 15
1 0 0 0 0 
0 0 1 0 0 
0 1 0 0 0 
0 0 0 1 0 

