F21[-2, 0, 2, 1, 1, 0, 0]
F21[-2, 1, 2, 1, 1, -1, 0]
F21[-2, 1, 2, 1, 1, 0, -1]
F21[-2, 1, 2, 1, 1, 0, 0]
F21[-1, 0, 1, 1, 1, 0, 0]
F21[-1, 0, 2, 0, 1, 0, 0]
F21[-1, 0, 2, 1, 1, 0, 0]
F21[-1, 1, 1, 1, 1, -1, 0]
F21[-1, 1, 1, 1, 1, 0, -1]
F21[-1, 1, 1, 1, 1, 0, 0]
F21[-1, 1, 2, 0, 1, -1, 0]
F21[-1, 1, 2, 0, 1, 0, -1]
F21[-1, 1, 2, 0, 1, 0, 0]
F21[-1, 1, 2, 1, 0, 0, 0]
F21[-1, 1, 2, 1, 1, -1, 0]
F21[-1, 1, 2, 1, 1, 0, -1]
F21[-1, 1, 2, 1, 1, 0, 0]
F21[0, -1, 2, 1, 1, 0, 0]
F21[0, 0, 0, 1, 1, 0, 0]
F21[0, 0, 1, 0, 1, 0, 0]
F21[0, 0, 1, 1, 1, 0, 0]
F21[0, 0, 2, -1, 1, 0, 0]
F21[0, 0, 2, 0, 1, 0, 0]
F21[0, 0, 2, 1, 0, 0, 0]
F21[0, 0, 2, 1, 1, -1, 0]
F21[0, 0, 2, 1, 1, 0, -1]
F21[0, 0, 2, 1, 1, 0, 0]
F21[0, 1, 0, 1, 1, 0, -1]
F21[0, 1, 0, 1, 1, 0, 0]
F21[0, 1, 1, 0, 1, -1, 0]
F21[0, 1, 1, 0, 1, 0, -1]
F21[0, 1, 1, 0, 1, 0, 0]
F21[0, 1, 1, 1, 0, 0, 0]
F21[0, 1, 1, 1, 1, -1, 0]
F21[0, 1, 1, 1, 1, 0, -1]
F21[0, 1, 1, 1, 1, 0, 0]
F21[0, 1, 2, -1, 1, -1, 0]
F21[0, 1, 2, -1, 1, 0, 0]
F21[0, 1, 2, 0, 0, 0, 0]
F21[0, 1, 2, 0, 1, -1, 0]
F21[0, 1, 2, 0, 1, 0, -1]
F21[0, 1, 2, 0, 1, 0, 0]
F21[0, 1, 2, 1, 0, -1, 0]
F21[0, 1, 2, 1, 0, 0, -1]
F21[0, 1, 2, 1, 0, 0, 0]
F21[0, 1, 2, 1, 1, -2, 0]
F21[0, 1, 2, 1, 1, -1, -1]
F21[0, 1, 2, 1, 1, -1, 0]
F21[0, 1, 2, 1, 1, 0, -1]
F21[0, 1, 2, 1, 1, 0, 0]
F21[1, -1, 1, 1, 1, 0, 0]
F21[1, -1, 2, 0, 1, 0, 0]
F21[1, -1, 2, 1, 1, 0, 0]
F21[1, 0, 0, 0, 1, 0, 0]
F21[1, 0, 0, 1, 1, 0, 0]
F21[1, 0, 1, -1, 1, 0, 0]
F21[1, 0, 1, 0, 1, 0, 0]
F21[1, 0, 1, 1, 0, 0, 0]
F21[1, 0, 1, 1, 1, -1, 0]
F21[1, 0, 1, 1, 1, 0, -1]
F21[1, 0, 1, 1, 1, 0, 0]
F21[1, 0, 2, -1, 1, 0, 0]
F21[1, 0, 2, 0, 0, 0, 0]
F21[1, 0, 2, 0, 1, -1, 0]
F21[1, 0, 2, 0, 1, 0, -1]
F21[1, 0, 2, 0, 1, 0, 0]
F21[1, 0, 2, 1, 0, 0, 0]
F21[1, 0, 2, 1, 1, -1, 0]
F21[1, 0, 2, 1, 1, 0, -1]
F21[1, 0, 2, 1, 1, 0, 0]
F21[1, 1, -1, 1, 1, 0, 0]
F21[1, 1, 0, 0, 1, 0, -1]
F21[1, 1, 0, 0, 1, 0, 0]
F21[1, 1, 0, 1, 0, 0, 0]
F21[1, 1, 0, 1, 1, -1, 0]
F21[1, 1, 0, 1, 1, 0, -1]
F21[1, 1, 0, 1, 1, 0, 0]
F21[1, 1, 1, -1, 1, -1, 0]
F21[1, 1, 1, -1, 1, 0, 0]
F21[1, 1, 1, 0, 0, 0, 0]
F21[1, 1, 1, 0, 1, -1, 0]
F21[1, 1, 1, 0, 1, 0, -1]
F21[1, 1, 1, 0, 1, 0, 0]
F21[1, 1, 1, 1, 0, -1, 0]
F21[1, 1, 1, 1, 0, 0, -1]
F21[1, 1, 1, 1, 0, 0, 0]
F21[1, 1, 1, 1, 1, -2, 0]
F21[1, 1, 1, 1, 1, -1, -1]
F21[1, 1, 1, 1, 1, -1, 0]
F21[1, 1, 1, 1, 1, 0, -2]
F21[1, 1, 1, 1, 1, 0, -1]
F21[1, 1, 1, 1, 1, 0, 0]
F21[1, 1, 2, -1, 0, 0, 0]
F21[1, 1, 2, -1, 1, -1, 0]
F21[1, 1, 2, -1, 1, 0, -1]
F21[1, 1, 2, -1, 1, 0, 0]
F21[1, 1, 2, 0, 0, -1, 0]
F21[1, 1, 2, 0, 0, 0, -1]
F21[1, 1, 2, 0, 0, 0, 0]
F21[1, 1, 2, 0, 1, -2, 0]
F21[1, 1, 2, 0, 1, -1, -1]
F21[1, 1, 2, 0, 1, -1, 0]
F21[1, 1, 2, 0, 1, 0, -2]
F21[1, 1, 2, 0, 1, 0, -1]
F21[1, 1, 2, 0, 1, 0, 0]
F21[1, 1, 2, 1, -1, 0, 0]
F21[1, 1, 2, 1, 0, -1, 0]
F21[1, 1, 2, 1, 0, 0, -1]
F21[1, 1, 2, 1, 0, 0, 0]
F21[1, 1, 2, 1, 1, -2, 0]
F21[1, 1, 2, 1, 1, -1, -1]
F21[1, 1, 2, 1, 1, -1, 0]
F21[1, 1, 2, 1, 1, 0, -2]
F21[1, 1, 2, 1, 1, 0, -1]
F21[1, 1, 2, 1, 1, 0, 0]
F21[0, 1, 0, 1, 1, -1, 0]
F21[1, 0, -1, 1, 1, 0, 0]
F21[1, 1, -1, 1, 1, 0, -1]
F21[1, 1, 0, 0, 1, -1, 0]