B43[-1, 0, 1, 1, 1, 1, 0]
B43[-1, 1, 1, 0, 1, 1, 0]
B43[-1, 1, 1, 1, 1, 0, 0]
B43[-1, 1, 1, 1, 1, 1, 0]
B43[0, 0, 0, 1, 1, 1, 0]
B43[0, 0, 1, 0, 1, 1, 0]
B43[0, 0, 1, 1, 0, 1, 0]
B43[0, 0, 1, 1, 1, 1, -1]
B43[0, 0, 1, 1, 1, 1, 0]
B43[0, 1, 0, 0, 1, 1, 0]
B43[0, 1, 1, -1, 1, 1, 0]
B43[0, 1, 1, 0, 0, 1, 0]
B43[0, 1, 1, 0, 1, 0, 0]
B43[0, 1, 1, 0, 1, 1, -1]
B43[0, 1, 1, 0, 1, 1, 0]
B43[0, 1, 1, 1, 0, 0, 0]
B43[0, 1, 1, 1, 0, 1, 0]
B43[0, 1, 1, 1, 1, 0, 0]
B43[0, 1, 1, 1, 1, 1, -1]
B43[0, 1, 1, 1, 1, 1, 0]
B43[1, -1, 0, 1, 1, 1, 0]
B43[1, 0, -1, 1, 1, 1, 0]
B43[1, 0, 0, 0, 1, 1, 0]
B43[1, 0, 0, 1, 0, 1, 0]
B43[1, 0, 0, 1, 1, 0, 0]
B43[1, 0, 0, 1, 1, 1, -1]
B43[1, 0, 0, 1, 1, 1, 0]
B43[1, 1, -1, 0, 1, 1, 0]
B43[1, 1, -1, 1, 1, 0, 0]
B43[1, 1, -1, 1, 1, 1, 0]
B43[1, 1, 0, 0, 0, 1, 0]
B43[1, 1, 0, 0, 1, 1, -1]
B43[1, 1, 0, 0, 1, 1, 0]
B43[1, 1, 0, 1, 0, 0, 0]
B43[1, 1, 0, 1, 0, 1, 0]
B43[1, 1, 0, 1, 1, 0, 0]
B43[1, 1, 0, 1, 1, 1, -1]
B43[1, 1, 0, 1, 1, 1, 0]
B43[0, 0, 1, 1, 0, 1, 0]
B43[0, 1, 1, 0, 0, 1, 0]
B43[0, 1, 1, 1, 0, 0, 0]
B43[0, 1, 1, 1, 0, 1, 0]
B43[1, 0, 0, 1, 0, 1, 0]
B43[1, 1, 0, 0, 0, 1, 0]
B43[1, 1, 0, 1, 0, 0, 0]
B43[1, 1, 0, 1, 0, 1, 0]