14 11557432393917890595 2 3
1 2 3 
2 1 3 

13 14399431877776687820 2 3
0 3 2 
3 0 2 

11 14399431877776687820 2 3
0 3 1 
3 0 1 

7 11557432393917890595 2 3
1 2 0 
2 1 0 

12 3577787060980320598 1 2
2 3 

10 3577787060980320598 1 2
1 3 

9 10873251441400344894 2 2
0 3 
3 0 

6 2221804173566264327 2 2
1 2 
2 1 

5 3577787060980320598 1 2
2 0 

3 3577787060980320598 1 2
1 0 

4 15445613635035404667 1 1
2 

15 10737861671015766400 4 4
0 3 2 1 
0 3 1 2 
3 0 2 1 
3 0 1 2 

2 15445613635035404667 1 1
1 

