0
8 2
2 4
1 -1 1 0 s+m1^2 
0 0 1 0 0 
0 -1 2 0 2*s+m1^2 
0 0 2 -1 2*m1^2 

1
8 3
2 5
1 0 0 0 0 
0 0 1 0 0 
0 1 0 0 0 
0 1 0 0 0 

0
8 4
2 4
1 0 0 0 0 
0 1 0 0 -m1^2 
0 0 1 0 0 
0 1 1 -1 -s+m1^2 

0
8 5
2 5
1 0 0 0 0 
0 1 0 0 -m1^2 
0 0 1 0 0 
0 1 1 -1 -s+m1^2 

0
8 6
5 6
1 0 0 0 0 
0 1 0 0 0 
0 0 1 0 0 
0 1 1 -1 -s+2*m1^2 

0
8 7
5 7
1 0 0 0 0 
0 1 0 0 0 
0 0 1 0 0 
0 1 1 -1 -s+2*m1^2 

0
8 9
1 9
1 0 0 0 0 
0 1 0 0 -m1^2 
0 0 1 0 -m1^2 
0 0 0 1 0 

1
8 10
2 5
0 1 0 0 0 
0 0 1 0 0 
0 1 0 0 0 
1 0 0 0 0 

1
8 11
4 13
1 0 0 0 0 
0 0 1 0 0 
0 1 0 0 0 
0 0 0 1 0 

1
8 12
2 5
0 1 0 0 0 
0 1 0 0 0 
0 0 1 0 0 
1 0 0 0 0 

0
8 13
4 13
1 0 0 0 0 
0 1 0 0 -m1^2 
0 0 1 0 0 
0 0 0 1 0 

1
8 14
5 7
0 0 0 1 0 
0 1 0 0 0 
0 0 1 0 0 
1 0 0 0 0 

