B8[-1, 0, 1, 1, 1, 1, 0, 0, 0]
B8[-1, 1, 1, 0, 1, 1, 0, 0, 0]
B8[-1, 1, 1, 1, 1, 1, -1, 0, 0]
B8[-1, 1, 1, 1, 1, 1, 0, 0, -1]
B8[-1, 1, 1, 1, 1, 1, 0, 0, 0]
B8[0, 0, 0, 1, 1, 1, 0, 0, 0]
B8[0, 0, 1, 1, 1, 0, 0, 0, 0]
B8[0, 0, 1, 1, 1, 1, 0, -1, 0]
B8[0, 0, 1, 1, 1, 1, 0, 0, -1]
B8[0, 1, 0, 0, 1, 1, 0, 0, 0]
B8[0, 1, 0, 1, 1, 1, -1, 0, 0]
B8[0, 1, 0, 1, 1, 1, 0, 0, -1]
B8[0, 1, 0, 1, 1, 1, 0, 0, 0]
B8[0, 1, 1, 0, 1, 0, 0, 0, 0]
B8[0, 1, 1, 0, 1, 1, 0, -1, 0]
B8[0, 1, 1, 0, 1, 1, 0, 0, -1]
B8[0, 1, 1, 1, 0, 1, 0, 0, 0]
B8[0, 1, 1, 1, 1, 0, -1, 0, 0]
B8[0, 1, 1, 1, 1, 0, 0, 0, -1]
B8[0, 1, 1, 1, 1, 0, 0, 0, 0]
B8[0, 1, 1, 1, 1, 1, -1, -1, 0]
B8[0, 1, 1, 1, 1, 1, -1, 0, -1]
B8[0, 1, 1, 1, 1, 1, 0, -1, 0]
B8[0, 1, 1, 1, 1, 1, 0, 0, -2]
B8[0, 1, 1, 1, 1, 1, 0, 0, -1]
B8[0, 1, 1, 1, 1, 1, 0, 0, 0]
B8[1, -1, 1, 1, 0, 1, 0, 0, 0]
B8[1, -1, 1, 1, 1, 1, 0, 0, -1]
B8[1, -1, 1, 1, 1, 1, 0, 0, 0]
B8[1, 0, 0, 1, 1, 1, 0, 0, -1]
B8[1, 0, 1, 0, 0, 1, 0, 0, 0]
B8[1, 0, 1, 0, 1, 1, 0, 0, -1]
B8[1, 0, 1, 0, 1, 1, 0, 0, 0]
B8[1, 0, 1, 1, 0, 1, -1, 0, 0]
B8[1, 0, 1, 1, 0, 1, 0, 0, -1]
B8[1, 0, 1, 1, 0, 1, 0, 0, 0]
B8[1, 0, 1, 1, 1, 0, 0, 0, -1]
B8[1, 0, 1, 1, 1, 1, -1, 0, -1]
B8[1, 0, 1, 1, 1, 1, -1, 0, 0]
B8[1, 0, 1, 1, 1, 1, 0, -1, -1]
B8[1, 0, 1, 1, 1, 1, 0, 0, -2]
B8[1, 0, 1, 1, 1, 1, 0, 0, -1]
B8[1, 0, 1, 1, 1, 1, 0, 0, 0]
B8[1, 1, 0, 0, 1, 1, 0, 0, -1]
B8[1, 1, 0, 1, 1, 1, -1, 0, -1]
B8[1, 1, 0, 1, 1, 1, 0, 0, -2]
B8[1, 1, 0, 1, 1, 1, 0, 0, -1]
B8[1, 1, 1, -1, 0, 1, 0, 0, 0]
B8[1, 1, 1, -1, 1, 1, 0, 0, -1]
B8[1, 1, 1, -1, 1, 1, 0, 0, 0]
B8[1, 1, 1, 0, 0, 1, -1, 0, 0]
B8[1, 1, 1, 0, 0, 1, 0, 0, -1]
B8[1, 1, 1, 0, 0, 1, 0, 0, 0]
B8[1, 1, 1, 0, 1, 0, 0, 0, -1]
B8[1, 1, 1, 0, 1, 1, -1, 0, -1]
B8[1, 1, 1, 0, 1, 1, -1, 0, 0]
B8[1, 1, 1, 0, 1, 1, 0, -1, -1]
B8[1, 1, 1, 0, 1, 1, 0, 0, -2]
B8[1, 1, 1, 0, 1, 1, 0, 0, -1]
B8[1, 1, 1, 0, 1, 1, 0, 0, 0]
B8[1, 1, 1, 1, 0, 1, -2, 0, 0]
B8[1, 1, 1, 1, 0, 1, -1, 0, -1]
B8[1, 1, 1, 1, 0, 1, -1, 0, 0]
B8[1, 1, 1, 1, 0, 1, 0, 0, -2]
B8[1, 1, 1, 1, 0, 1, 0, 0, -1]
B8[1, 1, 1, 1, 0, 1, 0, 0, 0]
B8[1, 1, 1, 1, 1, 0, -1, 0, -1]
B8[1, 1, 1, 1, 1, 0, 0, 0, -2]
B8[1, 1, 1, 1, 1, 0, 0, 0, -1]
B8[1, 1, 1, 1, 1, 1, -2, 0, -1]
B8[1, 1, 1, 1, 1, 1, -2, 0, 0]
B8[1, 1, 1, 1, 1, 1, -1, -1, -1]
B8[1, 1, 1, 1, 1, 1, -1, 0, -2]
B8[1, 1, 1, 1, 1, 1, -1, 0, -1]
B8[1, 1, 1, 1, 1, 1, -1, 0, 0]
B8[1, 1, 1, 1, 1, 1, 0, -1, -1]
B8[1, 1, 1, 1, 1, 1, 0, 0, -3]
B8[1, 1, 1, 1, 1, 1, 0, 0, -2]
B8[1, 1, 1, 1, 1, 1, 0, 0, -1]
B8[1, 1, 1, 1, 1, 1, 0, 0, 0]
B8[0, 0, 1, 1, 1, 1, 0, 0, 0]
B8[0, 1, 1, 0, 1, 1, 0, 0, 0]
B8[0, 1, 1, 1, 1, 1, -1, 0, 0]
B8[1, 0, 0, 1, 1, 1, 0, 0, 0]
B8[1, 0, 1, 1, 1, 0, 0, 0, 0]
B8[1, 0, 1, 1, 1, 1, 0, -1, 0]
B8[1, 1, 0, 0, 1, 1, 0, 0, 0]
B8[1, 1, 0, 1, 1, 1, -1, 0, 0]
B8[1, 1, 0, 1, 1, 1, 0, 0, 0]
B8[1, 1, 1, 0, 1, 0, 0, 0, 0]
B8[1, 1, 1, 0, 1, 1, 0, -1, 0]
B8[1, 1, 1, 1, 1, 0, -1, 0, 0]
B8[1, 1, 1, 1, 1, 0, 0, 0, 0]
B8[1, 1, 1, 1, 1, 1, -1, -1, 0]
B8[1, 1, 1, 1, 1, 1, 0, -1, 0]
B8[0, -1, 1, 1, 1, 1, 0, 0, 0]
B8[0, 0, 1, 0, 1, 1, 0, 0, 0]
B8[0, 0, 1, 1, 0, 1, 0, 0, 0]
B8[0, 0, 1, 1, 1, 1, -1, 0, 0]
B8[0, 1, 1, -1, 1, 1, 0, 0, 0]
B8[0, 1, 1, 0, 0, 1, 0, 0, 0]
B8[0, 1, 1, 0, 1, 1, -1, 0, 0]
B8[0, 1, 1, 1, 0, 1, -1, 0, 0]
B8[0, 1, 1, 1, 0, 1, 0, 0, -1]
B8[0, 1, 1, 1, 1, 1, 0, -1, -1]
B8[1, -1, 0, 1, 1, 1, 0, 0, 0]
B8[1, -1, 1, 1, 1, 0, 0, 0, 0]
B8[1, -1, 1, 1, 1, 1, 0, -1, 0]
B8[1, 0, -1, 1, 1, 1, 0, 0, 0]
B8[1, 0, 0, 0, 1, 1, 0, 0, 0]
B8[1, 0, 0, 1, 0, 1, 0, 0, 0]
B8[1, 0, 0, 1, 1, 0, 0, 0, 0]
B8[1, 0, 0, 1, 1, 1, -1, 0, 0]
B8[1, 0, 0, 1, 1, 1, 0, -1, 0]
B8[1, 0, 1, 0, 1, 0, 0, 0, 0]
B8[1, 0, 1, 0, 1, 1, 0, -1, 0]
B8[1, 0, 1, 1, 0, 0, 0, 0, 0]
B8[1, 0, 1, 1, 0, 1, 0, -1, 0]
B8[1, 0, 1, 1, 1, -1, 0, 0, 0]
B8[1, 0, 1, 1, 1, 0, -1, 0, 0]
B8[1, 0, 1, 1, 1, 0, 0, -1, 0]
B8[1, 0, 1, 1, 1, 1, -1, -1, 0]
B8[1, 0, 1, 1, 1, 1, 0, -2, 0]
B8[1, 1, -1, 0, 1, 1, 0, 0, 0]
B8[1, 1, -1, 1, 1, 1, -1, 0, 0]
B8[1, 1, -1, 1, 1, 1, 0, 0, -1]
B8[1, 1, -1, 1, 1, 1, 0, 0, 0]
B8[1, 1, 0, -1, 1, 1, 0, 0, 0]
B8[1, 1, 0, 0, 0, 1, 0, 0, 0]
B8[1, 1, 0, 0, 1, 0, 0, 0, 0]
B8[1, 1, 0, 0, 1, 1, -1, 0, 0]
B8[1, 1, 0, 0, 1, 1, 0, -1, 0]
B8[1, 1, 0, 1, 0, 1, -1, 0, 0]
B8[1, 1, 0, 1, 0, 1, 0, 0, -1]
B8[1, 1, 0, 1, 0, 1, 0, 0, 0]
B8[1, 1, 0, 1, 1, 0, -1, 0, 0]
B8[1, 1, 0, 1, 1, 0, 0, 0, -1]
B8[1, 1, 0, 1, 1, 0, 0, 0, 0]
B8[1, 1, 0, 1, 1, 1, -1, -1, 0]
B8[1, 1, 0, 1, 1, 1, 0, -1, -1]
B8[1, 1, 0, 1, 1, 1, 0, -1, 0]
B8[1, 1, 1, -1, 1, 0, 0, 0, 0]
B8[1, 1, 1, -1, 1, 1, 0, -1, 0]
B8[1, 1, 1, 0, 0, 0, 0, 0, 0]
B8[1, 1, 1, 0, 0, 1, 0, -1, 0]
B8[1, 1, 1, 0, 1, -1, 0, 0, 0]
B8[1, 1, 1, 0, 1, 0, -1, 0, 0]
B8[1, 1, 1, 0, 1, 0, 0, -1, 0]
B8[1, 1, 1, 0, 1, 1, -1, -1, 0]
B8[1, 1, 1, 0, 1, 1, 0, -2, 0]
B8[1, 1, 1, 1, -1, 1, 0, 0, 0]
B8[1, 1, 1, 1, 0, 0, -1, 0, 0]
B8[1, 1, 1, 1, 0, 0, 0, 0, -1]
B8[1, 1, 1, 1, 0, 0, 0, 0, 0]
B8[1, 1, 1, 1, 0, 1, -1, -1, 0]
B8[1, 1, 1, 1, 0, 1, 0, -1, 0]
B8[1, 1, 1, 1, 1, -1, -1, 0, 0]
B8[1, 1, 1, 1, 1, -1, 0, 0, -1]
B8[1, 1, 1, 1, 1, -1, 0, 0, 0]
B8[1, 1, 1, 1, 1, 0, -1, -1, 0]
B8[1, 1, 1, 1, 1, 0, 0, -1, -1]
B8[1, 1, 1, 1, 1, 0, 0, -1, 0]
B8[1, 1, 1, 1, 1, 1, 0, -2, -1]
B8[1, 1, 1, 1, 1, 1, 0, -2, 0]