504 14460898703141394141 1 6
5 3 7 4 8 6 

500 12220605990268721823 1 6
7 5 2 4 8 6 

498 10287211945320059895 1 6
5 7 4 8 1 6 

497 13392516653046720478 1 6
5 7 0 4 8 6 

492 1473185373816807032 1 6
2 5 3 7 6 8 

490 2017623839246690360 1 6
5 3 7 1 6 8 

489 10253041654563246757 1 6
5 6 8 3 7 0 

486 15797630934622167870 1 6
7 5 2 8 1 6 

485 16193296756722366085 1 6
5 2 8 6 7 0 

483 17041788413208610662 1 6
5 7 0 8 1 6 

476 14315473825810856039 1 6
2 3 7 4 8 6 

474 4706161930503973413 1 6
3 7 8 4 6 1 

473 2374578098625977926 1 6
8 4 6 3 7 0 

470 2615624822597456370 1 6
2 7 4 8 1 6 

469 8512600347689737424 1 6
2 7 0 4 8 6 

462 15932708384123971530 1 6
2 3 7 1 6 8 

461 9965056290224191256 1 6
2 6 8 3 7 0 

459 10947307594586819818 2 6
3 7 0 6 8 1 
3 7 0 8 6 1 

455 18117557906286910704 1 6
2 0 7 8 1 6 

444 7334761060413436546 1 6
4 8 3 7 2 5 

442 11636005588204932041 1 6
5 3 7 4 8 1 

441 10440820954516197714 1 6
5 4 8 3 7 0 

438 3182265765556423922 1 6
7 5 2 4 8 1 

437 16616830077419167753 1 6
4 8 5 2 7 0 

435 12917857113254946373 1 6
5 7 0 4 8 1 

430 15658238967912044177 1 6
5 2 3 7 1 8 

429 7244596893285584933 1 6
8 5 2 7 3 0 

427 7942811328052890288 1 6
5 1 8 3 7 0 

423 579545646343091711 2 6
5 2 7 0 8 1 
5 2 8 1 7 0 

414 14654677400161428744 1 6
2 3 7 4 8 1 

413 11374040136024062433 1 6
2 4 8 3 7 0 

411 14712741882388027957 1 6
4 8 1 3 7 0 

407 2166527228036000967 1 6
2 7 0 4 8 1 

399 17460107779129154138 1 6
2 1 8 3 7 0 

380 14637893603680091101 1 6
3 2 5 4 8 6 

378 8168794542891975759 2 6
3 5 4 8 1 6 
5 3 4 8 1 6 

377 9094504689787098006 1 6
5 3 0 4 8 6 

374 18444153763560160378 2 6
2 5 8 4 6 1 
5 2 8 4 6 1 

373 7333916652345043877 1 6
0 5 2 4 8 6 

371 8238853795393863596 1 6
5 0 4 8 1 6 

366 14425070332991281036 1 6
3 2 5 1 6 8 

365 14538559097501231133 1 6
2 5 3 0 6 8 

363 10528196596516062625 1 6
5 3 0 1 6 8 

359 174679676296992526 1 6
0 5 2 8 1 6 

350 198643520452979124 2 6
2 3 4 8 6 1 
3 2 4 8 6 1 

349 7579816925267871865 1 6
2 3 0 4 8 6 

347 465535988416610776 1 6
3 0 8 4 6 1 

343 10172653337316978272 1 6
2 0 4 8 6 1 

335 12190103969762620338 1 6
2 3 0 6 1 8 

318 7418824564450186545 1 6
3 2 5 4 8 1 

317 13341808617206078146 1 6
4 8 3 0 2 5 

315 16187353833365008906 1 6
5 3 0 4 8 1 

311 18439929960337557871 1 6
0 5 2 4 8 1 

303 2972449182988946566 1 6
5 2 3 0 1 8 

287 15559282843945374447 1 6
2 3 0 4 8 1 

252 4938994800564950476 1 6
4 6 3 7 2 5 

250 5993304065021541592 1 6
5 3 7 4 1 6 

249 7603093568835196401 1 6
5 4 6 3 7 0 

246 3948234050423516207 1 6
7 5 2 4 1 6 

245 5163446977595512080 1 6
5 2 4 6 7 0 

243 4696212538346509129 1 6
5 7 0 4 1 6 

238 4134472397045804279 1 6
2 5 3 7 1 6 

237 13478221677026119120 1 6
6 2 5 3 7 0 

235 5892081313875802605 1 6
5 1 6 3 7 0 

231 2745271673176197484 1 6
5 2 1 6 7 0 

222 8777285756139726424 1 6
2 3 7 4 1 6 

221 15173768270583956701 1 6
2 4 6 3 7 0 

219 14999345294354778133 1 6
3 7 0 4 1 6 

215 565413209156009534 1 6
2 7 0 4 1 6 

207 15037983677857200241 1 6
2 1 6 3 7 0 

190 735123522193257675 1 6
4 1 3 7 2 5 

189 10910293586595061287 1 6
4 2 5 3 7 0 

187 8025126400835952164 1 6
5 4 1 3 7 0 

183 12829202871020153783 1 6
5 2 4 1 7 0 

175 8085639569923264108 1 6
1 5 2 3 7 0 

159 8598042276801436828 1 6
2 4 1 3 7 0 

126 14241903989630267878 1 6
3 2 5 4 1 6 

125 6566068561340370801 1 6
3 0 4 6 2 5 

123 18357560534443435998 1 6
5 3 0 4 1 6 

119 6407000082607984953 1 6
0 5 2 4 1 6 

111 11697328704137632919 1 6
2 5 3 0 1 6 

95 8801311493812038575 1 6
2 3 0 4 1 6 

63 13698160793528630264 1 6
3 0 4 1 2 5 

496 15531908293267778741 1 5
5 7 4 8 6 

488 10073165063175004235 1 5
5 3 7 6 8 

484 5500783517700157990 1 5
7 5 2 8 6 

482 17948264378609124123 1 5
5 7 8 1 6 

481 2694664189570982782 1 5
5 8 6 7 0 

472 9814207455353818175 1 5
3 7 8 4 6 

468 2309162068325270275 1 5
2 7 4 8 6 

460 2803265464518183194 1 5
2 3 7 6 8 

458 171425811620543244 2 5
3 7 6 8 1 
3 7 8 6 1 

457 11131571496156959606 2 5
6 8 3 7 0 
8 6 3 7 0 

454 3542891346284475656 1 5
2 7 8 1 6 

326 15213500789061473868 2 4
2 6 8 1 
2 8 6 1 

69 17615132805313434940 2 3
2 0 6 
2 6 0 

291 3635699034221458892 1 4
5 0 8 1 

270 3862016362162255841 2 4
2 3 1 8 
3 2 1 8 

13 6997263561283798516 1 3
2 3 0 

263 2152610329601454749 2 4
2 0 1 8 
2 0 8 1 

163 3635699034221458892 1 4
5 1 7 0 

420 2780134169389847977 2 4
7 8 5 2 
8 7 5 2 

135 2152610329601454749 2 4
2 1 0 7 
2 1 7 0 

120 6731770454725662131 2 4
3 5 4 6 
5 3 4 6 

116 10303501513850557459 2 4
2 5 4 6 
5 2 4 6 

114 9279368562363544317 1 4
5 4 1 6 

240 3970466684925080953 1 4
5 7 4 6 

113 17499523208870062248 1 4
5 0 4 6 

370 11585949964413428603 1 5
5 8 4 6 1 

108 2464993464803975758 1 4
3 6 2 5 

106 12565331387167238376 2 4
3 5 1 6 
5 3 1 6 

232 1564442067687335345 1 4
5 6 3 7 

105 2678305475976378295 1 4
5 6 3 0 

362 11268207644268107782 2 5
3 5 1 6 8 
5 3 1 6 8 

228 16463749903165372320 2 4
6 7 5 2 
7 6 5 2 

101 838934161788760289 4 4
0 6 5 2 
0 6 2 5 
6 0 5 2 
6 0 2 5 

358 6802153355427727147 4 5
2 5 6 8 1 
2 5 8 6 1 
5 2 6 8 1 
5 2 8 6 1 

226 2428563949220370425 1 4
5 7 1 6 

99 18213284710349881826 1 4
5 0 1 6 

356 1282863398340148280 4 4
2 5 6 8 
2 5 8 6 
5 2 6 8 
5 2 8 6 

92 2219412098311657481 2 4
2 3 4 6 
3 2 4 6 

90 9279368562363544317 1 4
3 4 1 6 

216 108952305091087691 1 4
3 7 4 6 

89 11817244911584979649 1 4
3 0 4 6 

346 11585949964413428603 1 5
3 8 4 6 1 

86 9279368562363544317 1 4
2 4 1 6 

212 10766900511521998705 1 4
2 7 4 6 

85 17499523208870062248 1 4
2 0 4 6 

342 11585949964413428603 1 5
2 8 4 6 1 

78 10339155598992053464 4 4
2 3 1 6 
2 3 6 1 
3 2 1 6 
3 2 6 1 

204 18339341361985607632 1 4
2 6 3 7 

77 12665658800969560403 1 4
2 6 3 0 

334 10666928289385390895 2 5
2 3 6 1 8 
3 2 6 1 8 

325 18064055167767099751 2 4
2 0 6 8 
2 0 8 6 

198 6872834283141667212 1 4
2 7 1 6 

71 2152610329601454749 2 4
2 0 1 6 
2 0 6 1 

328 16649518861766279744 2 3
3 6 8 
3 8 6 

60 3627807657670705814 1 4
3 4 2 5 

312 9896725092295936409 2 4
3 5 4 8 
5 3 4 8 

55 17089206736132109280 1 5
0 5 2 4 1 

58 3296902166336847173 2 4
3 5 4 1 
5 3 4 1 

184 4528866722650540766 1 4
5 4 3 7 

57 11958317692960894251 1 4
5 4 3 0 

314 12308499548001673556 2 5
3 5 4 8 1 
5 3 4 8 1 

308 17842323657757697934 2 4
4 8 5 2 
4 8 2 5 

51 11984008688150228790 1 4
5 0 4 1 

54 14074711550630585124 2 4
2 5 4 1 
5 2 4 1 

180 4912417312912151948 1 4
4 7 5 2 

53 10471629355100509364 2 4
4 0 2 5 
4 0 5 2 

310 5275576040281954524 2 5
2 5 4 8 1 
5 2 4 8 1 

104 6139736872922186377 2 3
3 5 6 
5 3 6 

361 9724727691301679255 1 5
5 3 0 6 8 

172 16457301829056381395 2 4
2 5 3 7 
5 2 3 7 

45 14212240197867736828 2 4
2 5 3 0 
5 2 3 0 

302 5992197961092021593 1 5
3 5 2 1 8 

88 14877424397988238964 1 3
3 4 6 

345 13516924032452523535 1 5
3 0 8 4 6 

197 6872834283141667212 1 4
2 6 0 7 

324 16649518861766279744 2 3
2 6 8 
2 8 6 

156 10508569205458959001 1 4
2 4 3 7 

29 595111842803598750 1 4
2 4 3 0 

286 4966344262054075278 2 5
2 3 4 8 1 
3 2 4 8 1 

76 14844484263115851232 2 3
2 3 6 
3 2 6 

333 3193040294747349190 1 5
2 3 0 6 8 

56 4817618029268971058 2 3
3 5 4 
5 3 4 

313 14471682815378245819 1 5
5 4 8 3 0 

306 6811210585565626707 1 4
5 4 8 1 

49 8314182141702135009 1 3
5 4 0 

52 11732794835329956294 2 3
4 2 5 
4 5 2 

309 17544762373271350490 1 5
0 4 8 5 2 

298 896162092641806818 2 4
3 5 1 8 
5 3 1 8 

41 6997263561283798516 1 3
5 3 0 

44 7590509903095700417 2 3
3 2 5 
3 5 2 

301 10769775935359905371 1 5
8 5 2 3 0 

12 11458095499876941894 2 2
2 3 
3 2 

269 14983868942423749849 1 4
2 8 3 0 

112 14877424397988238964 1 3
5 4 6 

369 17172557532119581940 1 5
5 0 4 8 6 

84 14877424397988238964 1 3
2 4 6 

341 11072288616843574136 1 5
2 0 4 8 6 

20 16057663672689140328 1 2
2 4 

277 14796705173527611753 1 4
2 0 4 8 

278 6811210585565626707 1 4
2 4 8 1 

21 8314182141702135009 1 3
2 4 0 

24 16057663672689140328 1 2
3 4 

281 3014461997302402781 1 4
4 8 3 0 

40 11458095499876941894 2 2
3 5 
5 3 

297 14102336307473968811 1 4
5 8 3 0 

48 16057663672689140328 1 2
5 4 

305 18006722954997387087 1 4
5 0 4 8 

149 7775719511540455551 1 4
2 4 7 0 

406 4349362910646781805 1 5
2 7 4 8 1 

276 6934375435065871965 1 3
2 4 8 

22 4189010045326060690 1 3
2 4 1 

279 12939839375620933781 1 5
2 0 4 8 1 

140 11934760419317144079 1 3
2 3 7 

397 16698246410082732717 1 5
2 8 3 7 0 

153 12766196136183516065 1 4
4 3 7 0 

410 8072648678108216702 1 5
3 7 4 8 1 

280 6934375435065871965 1 3
3 4 8 

23 896286628700247726 1 4
2 0 4 1 

26 4189010045326060690 1 3
3 4 1 

283 1878299114580955791 1 5
3 0 4 8 1 

168 11934760419317144079 1 3
5 3 7 

425 17374906471850989131 1 5
5 8 7 3 0 

282 6811210585565626707 1 4
3 4 8 1 

25 108422713436611649 1 3
4 3 0 

28 6869057770693839397 2 3
2 3 4 
3 2 4 

285 12014356746594418582 1 5
2 4 8 3 0 

148 6432361931143694159 1 3
2 4 7 

405 225775867936564708 1 5
2 4 8 7 0 

284 2890294290070794145 2 4
2 3 4 8 
3 2 4 8 

27 4588159413583185618 1 4
3 0 4 1 

30 14323863852488825624 2 4
2 3 4 1 
3 2 4 1 

152 14444512719857927706 1 3
4 3 7 

409 6315609600851336594 1 5
4 8 3 7 0 

134 17615132805313434940 2 3
2 1 7 
2 7 1 

391 13793036245755269402 8 5
2 1 8 7 0 
2 1 8 0 7 
2 0 7 1 8 
2 0 7 8 1 
2 7 0 1 8 
2 7 0 8 1 
2 8 1 7 0 
2 8 1 0 7 

261 17615132805313434940 2 3
2 0 8 
2 8 0 

7 17615132805313434940 2 3
2 1 0 
2 0 1 

388 17615132805313434940 2 3
2 7 8 
2 8 7 

176 13695875716064267514 1 3
5 4 7 

433 13466838391654588713 1 5
5 4 8 7 0 

196 15408527046401197363 2 3
2 6 7 
2 7 6 

453 1363402897612854720 1 5
2 8 6 0 7 

97 17615132805313434940 2 3
5 0 6 
5 6 0 

354 15213500789061473868 2 4
5 6 8 1 
5 8 6 1 

224 5600260576718840051 2 3
5 6 7 
5 7 6 

141 16922939013832284088 1 4
2 3 7 0 

398 13612081305047396461 1 5
2 3 7 1 8 

14 14844484263115851232 2 3
2 3 1 
3 2 1 

271 12776606409873725415 1 5
2 3 0 1 8 

268 10056767622057400522 2 3
2 3 8 
3 2 8 

169 16922939013832284088 1 4
5 3 7 0 

426 18273598253413396276 1 5
5 3 7 1 8 

42 14844484263115851232 2 3
3 5 1 
5 3 1 

299 9509152772074513361 1 5
5 3 0 1 8 

296 16392443560885564140 2 3
3 5 8 
5 3 8 

39 17858748493060172487 2 4
0 1 5 2 
1 0 5 2 

177 11938168944509237485 1 4
5 4 7 0 

434 9157404354212244167 1 5
5 7 4 8 1 

50 4189010045326060690 1 3
5 4 1 

307 2394862178780322154 1 5
5 0 4 8 1 

304 6934375435065871965 1 3
5 4 8 

47 6702889814526302671 1 5
1 5 2 3 0 

225 15408865891895989553 1 4
5 6 0 7 

352 16649518861766279744 2 3
5 6 8 
5 8 6 

162 10896459197316874490 2 3
5 1 7 
5 7 1 

419 8646685986868091686 2 5
5 7 0 8 1 
5 8 1 7 0 

35 5028852684166619871 2 3
5 1 0 
5 0 1 

289 10896459197316874490 2 3
5 0 8 
5 8 0 

416 4707648490927303010 2 3
5 7 8 
5 8 7 

142 16978110285558959547 1 4
2 1 3 7 

15 12665658800969560403 1 4
2 1 3 0 

150 10970784367126659006 1 4
2 7 4 1 

154 15247134260525820634 1 4
3 7 4 1 

293 5433765946472790228 2 4
0 8 5 2 
8 0 5 2 

166 5433765946472790228 2 4
1 7 5 2 
7 1 5 2 

170 5319301611761694723 1 4
5 1 3 7 

43 8536804572104153017 1 4
5 1 3 0 

300 8868495816888195275 1 4
3 8 5 2 

46 14442703713620714436 2 4
3 1 2 5 
3 1 5 2 

178 4723260426779800874 1 4
5 7 4 1 

329 8881045235252316867 2 4
3 0 6 8 
3 0 8 6 

330 15213500789061473868 2 4
3 6 8 1 
3 8 6 1 

332 17295447785577284496 2 4
2 3 6 8 
3 2 6 8 

340 789215820062329771 1 4
2 8 4 6 

344 789215820062329771 1 4
3 8 4 6 

87 17215181652736429906 1 5
2 0 4 1 6 

353 15038938761041050531 1 4
5 0 8 6 

360 7889709071589485245 2 4
3 5 6 8 
5 3 6 8 

103 10999690081245317090 1 5
0 5 2 1 6 

368 789215820062329771 1 4
5 8 4 6 

389 2152610329601454749 2 4
2 8 7 0 
2 8 0 7 

390 2152610329601454749 2 4
2 7 1 8 
2 7 8 1 

396 6086096953598748017 1 4
2 8 3 7 

404 5476399017516407702 1 4
2 7 4 8 

408 267138270716296975 1 4
4 8 3 7 

151 13544174868229591596 1 5
2 4 1 7 0 

417 1797422561554648529 1 4
5 8 7 0 

418 1797422561554648529 1 4
5 7 8 1 

424 14094981610624063124 1 4
5 8 7 3 

167 12529236817510978512 1 5
1 5 2 7 0 

432 3423988819702958889 1 4
5 7 4 8 

452 11307296242021817777 1 4
2 7 8 6 

456 1296928099739087171 2 4
3 7 6 8 
3 7 8 6 

199 16037035452911744106 2 5
2 1 6 0 7 
2 0 7 1 6 

480 16716424054572464766 1 4
5 7 8 6 

31 11953569373514779602 1 5
2 3 0 4 1 

59 4776453968579720939 1 5
5 3 0 4 1 

316 6396076408797386272 1 5
3 4 8 2 5 

61 4608331741104548872 1 5
4 3 0 2 5 

62 8272979915589380273 1 5
3 4 1 2 5 

79 17678222277129082810 2 5
2 3 0 1 6 
2 3 0 6 1 

91 2418519735888936976 1 5
3 0 4 1 6 

348 15222567048702132827 2 5
2 3 4 8 6 
3 2 4 8 6 

93 10199379060850920834 1 5
2 3 0 4 6 

94 11696076298538397614 2 5
2 3 4 1 6 
3 2 4 1 6 

107 14715678889396268953 1 5
5 3 0 1 6 

364 12349139162925169932 1 5
3 2 5 6 8 

109 4648770932164289894 1 5
6 2 5 3 0 

110 12446017158942609497 1 5
3 2 5 1 6 

115 15358814252478953951 1 5
5 0 4 1 6 

372 17866203754223499852 2 5
2 5 8 4 6 
5 2 8 4 6 

117 12978162902088242984 2 5
0 2 5 4 6 
0 5 2 4 6 

118 10534591909228413620 2 5
2 5 4 1 6 
5 2 4 1 6 

121 6591400245525581082 1 5
5 3 0 4 6 

122 12870331873502950829 2 5
3 5 4 1 6 
5 3 4 1 6 

124 12822598586608964925 1 5
3 4 6 2 5 

143 6645549927627789063 1 5
2 1 3 7 0 

155 2428139736640277417 1 5
4 1 3 7 0 

412 8219550459414356439 1 5
2 4 8 3 7 

157 1136204866803272390 1 5
2 4 3 7 0 

158 17571071550790918285 1 5
2 3 7 4 1 

171 4629759916644497725 1 5
5 1 3 7 0 

428 6570801365495466871 1 5
8 5 2 7 3 

173 14533832657952326395 2 5
2 5 3 7 0 
5 2 3 7 0 

174 4517850910589341312 1 5
1 5 2 3 7 

179 9885740117251189641 1 5
5 4 1 7 0 

436 11694544489563230278 1 5
7 4 8 5 2 

181 17046009778071110048 1 5
4 5 2 7 0 

182 14887445901606477753 1 5
7 5 2 4 1 

185 8210475921101242115 1 5
5 4 3 7 0 

186 14271023945516788639 1 5
5 4 1 3 7 

188 8251852319124752691 1 5
4 3 7 2 5 

205 116208643963436603 1 5
2 6 3 7 0 

206 17310298924095274709 1 5
2 3 7 1 6 

213 5392388125538441769 1 5
2 4 6 7 0 

214 4653473552679470922 1 5
2 7 4 1 6 

217 17539370416517702063 1 5
4 6 3 7 0 

218 12762322859815083009 1 5
3 7 4 1 6 

220 1805767529610007881 1 5
2 3 7 4 6 

227 13421054949687802336 1 5
5 1 6 7 0 

229 15446752419948158000 1 5
6 5 2 0 7 

230 12041277498165454907 1 5
7 5 2 1 6 

233 14189668832638650439 1 5
5 6 3 7 0 

234 12876990935825432137 1 5
5 3 7 1 6 

236 17896225280055596518 1 5
6 2 5 3 7 

241 12428169150764565040 1 5
5 4 6 7 0 

242 11179471504055503476 1 5
5 7 4 1 6 

244 12086242434961625064 1 5
7 5 2 4 6 

248 9227934391239226831 1 5
5 4 6 3 7 

295 12529236817510978512 1 5
0 5 2 8 1 

327 15352310510867243218 2 5
2 0 6 8 1 
2 0 8 6 1 

331 3463016528634880540 2 5
3 0 6 8 1 
3 0 8 6 1 

355 14324066079006879185 1 5
5 0 8 1 6 

357 1957942100782196608 1 5
0 5 2 8 6 

376 10566462007972552347 2 5
3 5 4 8 6 
5 3 4 8 6 

421 335210013670999181 1 5
8 5 2 7 0 

422 335210013670999181 1 5
7 5 2 8 1 

440 7582581011930428273 1 5
5 4 8 3 7 

