B52[0, 0, 1, 1, 1, 1, 0]
B52[0, 1, 1, 0, 1, 1, 0]
B52[0, 1, 1, 1, 1, 0, 0]
B52[0, 1, 1, 1, 1, 1, 0]
B52[1, 0, 0, 1, 1, 1, 0]
B52[1, 1, 0, 0, 1, 1, 0]
B52[1, 1, 0, 1, 1, 0, 0]
B52[1, 1, 0, 1, 1, 1, 0]
B52[0, 0, 1, 1, 1, 1, 0]
B52[0, 1, 1, 0, 1, 1, 0]
B52[0, 1, 1, 1, 1, 0, 0]
B52[0, 1, 1, 1, 1, 1, 0]
B52[1, 0, 0, 1, 1, 1, 0]
B52[1, 1, 0, 0, 1, 1, 0]
B52[1, 1, 0, 1, 1, 0, 0]
B52[1, 1, 0, 1, 1, 1, 0]
B52[-1, 0, 1, 1, 1, 1, 0]
B52[-1, 1, 1, 0, 1, 1, 0]
B52[-1, 1, 1, 1, 1, 0, 0]
B52[-1, 1, 1, 1, 1, 1, 0]
B52[0, 0, 0, 1, 1, 1, 0]
B52[0, 0, 1, 0, 1, 1, 0]
B52[0, 0, 1, 1, 0, 1, 0]
B52[0, 0, 1, 1, 1, 1, -1]
B52[0, 0, 1, 1, 1, 1, 0]
B52[0, 1, 0, 0, 1, 1, 0]
B52[0, 1, 1, -1, 1, 1, 0]
B52[0, 1, 1, 0, 0, 1, 0]
B52[0, 1, 1, 0, 1, 0, 0]
B52[0, 1, 1, 0, 1, 1, -1]
B52[0, 1, 1, 0, 1, 1, 0]
B52[0, 1, 1, 1, 0, 0, 0]
B52[0, 1, 1, 1, 0, 1, 0]
B52[0, 1, 1, 1, 1, 0, 0]
B52[0, 1, 1, 1, 1, 1, -1]
B52[0, 1, 1, 1, 1, 1, 0]
B52[1, -1, 0, 1, 1, 1, 0]
B52[1, 0, -1, 1, 1, 1, 0]
B52[1, 0, 0, 0, 1, 1, 0]
B52[1, 0, 0, 1, 0, 1, 0]
B52[1, 0, 0, 1, 1, 0, 0]
B52[1, 0, 0, 1, 1, 1, -1]
B52[1, 0, 0, 1, 1, 1, 0]
B52[1, 1, -1, 0, 1, 1, 0]
B52[1, 1, -1, 1, 1, 0, 0]
B52[1, 1, -1, 1, 1, 1, 0]
B52[1, 1, 0, 0, 0, 1, 0]
B52[1, 1, 0, 0, 1, 1, -1]
B52[1, 1, 0, 0, 1, 1, 0]
B52[1, 1, 0, 1, 0, 0, 0]
B52[1, 1, 0, 1, 0, 1, 0]
B52[1, 1, 0, 1, 1, 0, 0]
B52[1, 1, 0, 1, 1, 1, -1]
B52[1, 1, 0, 1, 1, 1, 0]
B52[-1, 0, 1, 1, 1, 1, 0]
B52[-1, 1, 1, 0, 1, 1, 0]
B52[-1, 1, 1, 1, 1, 0, 0]
B52[-1, 1, 1, 1, 1, 1, 0]
B52[0, 0, 0, 1, 1, 1, 0]
B52[0, 0, 1, 0, 1, 1, 0]
B52[0, 0, 1, 1, 0, 1, 0]
B52[0, 0, 1, 1, 1, 1, -1]
B52[0, 0, 1, 1, 1, 1, 0]
B52[0, 1, 0, 0, 1, 1, 0]
B52[0, 1, 1, -1, 1, 1, 0]
B52[0, 1, 1, 0, 0, 1, 0]
B52[0, 1, 1, 0, 1, 0, 0]
B52[0, 1, 1, 0, 1, 1, -1]
B52[0, 1, 1, 0, 1, 1, 0]
B52[0, 1, 1, 1, 0, 0, 0]
B52[0, 1, 1, 1, 0, 1, 0]
B52[0, 1, 1, 1, 1, 0, 0]
B52[0, 1, 1, 1, 1, 1, -1]
B52[0, 1, 1, 1, 1, 1, 0]
B52[1, -1, 0, 1, 1, 1, 0]
B52[1, 0, -1, 1, 1, 1, 0]
B52[1, 0, 0, 0, 1, 1, 0]
B52[1, 0, 0, 1, 0, 1, 0]
B52[1, 0, 0, 1, 1, 0, 0]
B52[1, 0, 0, 1, 1, 1, -1]
B52[1, 0, 0, 1, 1, 1, 0]
B52[1, 1, -1, 0, 1, 1, 0]
B52[1, 1, -1, 1, 1, 0, 0]
B52[1, 1, -1, 1, 1, 1, 0]
B52[1, 1, 0, 0, 0, 1, 0]
B52[1, 1, 0, 0, 1, 1, -1]
B52[1, 1, 0, 0, 1, 1, 0]
B52[1, 1, 0, 1, 0, 0, 0]
B52[1, 1, 0, 1, 0, 1, 0]
B52[1, 1, 0, 1, 1, 0, 0]
B52[1, 1, 0, 1, 1, 1, -1]
B52[1, 1, 0, 1, 1, 1, 0]
B52[-1, 0, 1, 1, 1, 1, 0]
B52[-1, 1, 1, 1, 1, 0, 0]
B52[-1, 1, 1, 1, 1, 1, 0]
B52[0, 0, 0, 1, 1, 1, 0]
B52[0, 0, 1, 1, 1, 1, -1]
B52[0, 1, 0, 0, 1, 1, 0]
B52[0, 1, 0, 1, 1, 0, 0]
B52[0, 1, 0, 1, 1, 1, 0]
B52[0, 1, 1, 0, 1, 1, -1]
B52[0, 1, 1, 1, 0, 1, 0]
B52[0, 1, 1, 1, 1, 1, -1]
B52[1, 0, 0, 1, 1, 1, -1]
B52[1, 1, -1, 0, 1, 1, 0]
B52[1, 1, -1, 1, 1, 0, 0]
B52[1, 1, -1, 1, 1, 1, 0]
B52[1, 1, 0, 0, 1, 1, -1]
B52[1, 1, 0, 1, 0, 1, 0]
B52[1, 1, 0, 1, 1, 1, -1]
B52[-1, 0, 1, 1, 1, 1, 0]
B52[-1, 1, 1, 0, 1, 1, 0]
B52[-1, 1, 1, 1, 1, 0, 0]
B52[-1, 1, 1, 1, 1, 1, 0]
B52[0, -1, 1, 1, 1, 1, 0]
B52[0, 0, 1, 0, 1, 1, 0]
B52[0, 0, 1, 1, 0, 1, 0]
B52[0, 0, 1, 1, 1, 0, 0]
B52[0, 1, 1, -1, 1, 1, 0]
B52[0, 1, 1, 0, 0, 1, 0]
B52[0, 1, 1, 0, 1, 0, 0]
B52[0, 1, 1, 1, 0, 0, 0]
B52[0, 1, 1, 1, 0, 1, 0]
B52[1, -1, 0, 1, 1, 1, 0]
B52[1, 0, -1, 1, 1, 1, 0]
B52[1, 0, 0, 0, 1, 1, 0]
B52[1, 0, 0, 1, 0, 1, 0]
B52[1, 0, 0, 1, 1, 0, 0]
B52[1, 1, -1, 0, 1, 1, 0]
B52[1, 1, -1, 1, 1, 0, 0]
B52[1, 1, -1, 1, 1, 1, 0]
B52[1, 1, 0, -1, 1, 1, 0]
B52[1, 1, 0, 0, 0, 1, 0]
B52[1, 1, 0, 0, 1, 0, 0]
B52[1, 1, 0, 1, 0, 0, 0]
B52[1, 1, 0, 1, 0, 1, 0]
B52[0, 0, 0, 1, 1, 1, 0]
B52[0, 0, 1, 1, 1, 1, -1]
B52[0, 1, 0, 0, 1, 1, 0]
B52[0, 1, 0, 1, 1, 0, 0]
B52[0, 1, 0, 1, 1, 1, 0]
B52[0, 1, 1, 0, 1, 1, -1]
B52[0, 1, 1, 1, 1, 1, -1]
B52[1, 0, 0, 1, 1, 1, -1]
B52[1, 1, 0, 0, 1, 1, -1]
B52[1, 1, 0, 1, 1, 1, -1]
B52[-2, 1, 1, 1, 1, 1, 0]
B52[-1, 1, 0, 1, 1, 1, 0]
B52[-1, 1, 1, 0, 1, 1, 0]
B52[-1, 1, 1, 1, 0, 1, 0]
B52[-1, 1, 1, 1, 1, 1, -1]
B52[0, 0, 1, 1, 1, 0, 0]
B52[0, 1, -1, 1, 1, 1, 0]
B52[0, 1, 0, 1, 0, 1, 0]
B52[0, 1, 0, 1, 1, 1, -1]
B52[0, 1, 1, 0, 1, 0, 0]
B52[0, 1, 1, 1, 0, 1, -1]
B52[0, 1, 1, 1, 1, -1, 0]
B52[0, 1, 1, 1, 1, 0, -1]
B52[0, 1, 1, 1, 1, 1, -2]
B52[1, 0, -1, 1, 1, 1, 0]
B52[1, 0, 0, 1, 1, 0, 0]
B52[1, 1, -2, 1, 1, 1, 0]
B52[1, 1, -1, 1, 0, 1, 0]
B52[1, 1, -1, 1, 1, 1, -1]
B52[1, 1, 0, 0, 1, 0, 0]
B52[1, 1, 0, 1, 0, 1, -1]
B52[1, 1, 0, 1, 1, -1, 0]
B52[1, 1, 0, 1, 1, 0, -1]
B52[1, 1, 0, 1, 1, 1, -2]
B52[-2, 1, 1, 1, 1, 1, 0]
B52[-1, 1, 0, 1, 1, 1, 0]
B52[-1, 1, 1, 1, 0, 1, 0]
B52[-1, 1, 1, 1, 1, 1, -1]
B52[0, 1, -1, 1, 1, 1, 0]
B52[0, 1, 0, 1, 0, 1, 0]
B52[0, 1, 0, 1, 1, 1, -1]
B52[0, 1, 1, 1, 0, 1, -1]
B52[0, 1, 1, 1, 1, -1, 0]
B52[0, 1, 1, 1, 1, 0, -1]
B52[0, 1, 1, 1, 1, 1, -2]
B52[1, 1, -2, 1, 1, 1, 0]
B52[1, 1, -1, 1, 0, 1, 0]
B52[1, 1, -1, 1, 1, 1, -1]
B52[1, 1, 0, 1, 0, 1, -1]
B52[1, 1, 0, 1, 1, -1, 0]
B52[1, 1, 0, 1, 1, 0, -1]
B52[1, 1, 0, 1, 1, 1, -2]
B52[0, -1, 1, 1, 1, 1, 0]
B52[0, 0, 1, 0, 1, 1, 0]
B52[0, 0, 1, 1, 0, 1, 0]
B52[0, 1, 1, -1, 1, 1, 0]
B52[0, 1, 1, 0, 0, 1, 0]
B52[0, 1, 1, 1, 0, 0, 0]
B52[1, -1, 0, 1, 1, 1, 0]
B52[1, 0, 0, 0, 1, 1, 0]
B52[1, 0, 0, 1, 0, 1, 0]
B52[1, 1, 0, -1, 1, 1, 0]
B52[1, 1, 0, 0, 0, 1, 0]
B52[1, 1, 0, 1, 0, 0, 0]
B52[0, -1, 0, 1, 1, 2, 0]
B52[0, 0, 0, 0, 1, 2, 0]
B52[0, 0, 0, 1, 1, 1, 0]
B52[0, 0, 0, 1, 1, 2, 0]
B52[0, 1, 0, -1, 1, 2, 0]
B52[0, 1, 0, 0, 1, 1, 0]
B52[0, 1, 0, 0, 1, 2, 0]
B52[0, -1, 0, 1, 1, 1, 0]
B52[0, 0, 0, 0, 1, 1, 0]
B52[0, 0, 0, 1, 1, 0, 0]
B52[0, 1, 0, -1, 1, 1, 0]
B52[0, 1, 0, 0, 1, 0, 0]
B52[0, -1, 0, 2, 1, 1, 0]
B52[0, 0, 0, 2, 1, 0, 0]
B52[0, 0, 0, 2, 1, 1, 0]
B52[0, 2, 0, -1, 1, 1, 0]
B52[0, 2, 0, 0, 1, 0, 0]
B52[0, 2, 0, 0, 1, 1, 0]
B52[0, -1, 1, 2, 1, 1, 0]
B52[0, 0, 1, 2, 1, 0, 0]
B52[0, 0, 1, 2, 1, 1, 0]
B52[0, -1, 1, 2, 1, 1, 0]
B52[0, 0, 1, 2, 1, 0, 0]
B52[0, 0, 1, 2, 1, 1, 0]
B52[0, -1, 0, 2, 1, 1, 0]
B52[0, -1, 1, 1, 1, 1, 0]
B52[0, -1, 1, 2, 0, 1, 0]
B52[0, -1, 1, 2, 1, 1, 0]
B52[0, 0, 0, 2, 1, 0, 0]
B52[0, 0, 0, 2, 1, 1, 0]
B52[0, 0, 1, 1, 1, 0, 0]
B52[0, 0, 1, 2, 0, 0, 0]
B52[0, 0, 1, 2, 0, 1, 0]
B52[0, 0, 1, 2, 1, 0, 0]
B52[0, 0, 1, 2, 1, 1, 0]
B52[0, 1, 0, 1, 1, 0, 0]
B52[0, 1, 0, 1, 1, 1, 0]
B52[0, -1, 0, 2, 1, 1, 0]
B52[0, -1, 1, 1, 1, 1, 0]
B52[0, -1, 1, 2, 0, 1, 0]
B52[0, -1, 1, 2, 1, 1, 0]
B52[0, 0, 0, 2, 1, 0, 0]
B52[0, 0, 0, 2, 1, 1, 0]
B52[0, 0, 1, 1, 1, 0, 0]
B52[0, 0, 1, 2, 0, 0, 0]
B52[0, 0, 1, 2, 0, 1, 0]
B52[0, 0, 1, 2, 1, 0, 0]
B52[0, 0, 1, 2, 1, 1, 0]
B52[0, 1, 0, 1, 1, 0, 0]
B52[0, 1, 0, 1, 1, 1, 0]
B52[-1, -1, 1, 2, 1, 1, 0]
B52[-1, 0, 1, 2, 1, 0, 0]
B52[-1, 0, 1, 2, 1, 1, 0]
B52[0, -1, 1, 2, 1, 1, -1]
B52[0, 0, 0, 2, 1, 0, 0]
B52[0, 0, 0, 2, 1, 1, 0]
B52[0, 0, 1, 2, 0, 1, 0]
B52[0, 0, 1, 2, 1, 1, -1]
B52[0, -1, 1, 2, 0, 1, 0]
B52[0, 0, 1, 2, 0, 0, 0]
B52[0, 0, 1, 2, 0, 1, 0]
B52[0, -1, 0, 2, 1, 1, 0]
B52[0, -1, 1, 2, 0, 1, 0]
B52[0, 0, 1, 2, 0, 0, 0]
B52[-1, -1, 1, 2, 1, 1, 0]
B52[-1, 0, 1, 2, 1, 0, 0]
B52[-1, 0, 1, 2, 1, 1, 0]
B52[0, -1, 1, 2, 1, 1, -1]
B52[0, 0, 1, 2, 1, 1, -1]
B52[-2, 0, 1, 2, 1, 1, 0]
B52[-1, 0, 0, 2, 1, 1, 0]
B52[-1, 0, 1, 2, 0, 1, 0]
B52[-1, 0, 1, 2, 1, 1, -1]
B52[0, -1, 1, 2, 1, 0, 0]
B52[0, 0, -1, 2, 1, 1, 0]
B52[0, 0, 0, 2, 0, 1, 0]
B52[0, 0, 0, 2, 1, 1, -1]
B52[0, 0, 1, 2, 0, 1, -1]
B52[0, 0, 1, 2, 1, -1, 0]
B52[0, 0, 1, 2, 1, 0, -1]
B52[0, 0, 1, 2, 1, 1, -2]
B52[-2, 0, 1, 2, 1, 1, 0]
B52[-1, 0, 0, 2, 1, 1, 0]
B52[-1, 0, 1, 2, 0, 1, 0]
B52[-1, 0, 1, 2, 1, 1, -1]
B52[0, -1, 1, 2, 1, 0, 0]
B52[0, 0, -1, 2, 1, 1, 0]
B52[0, 0, 0, 2, 0, 1, 0]
B52[0, 0, 0, 2, 1, 1, -1]
B52[0, 0, 1, 2, 0, 1, -1]
B52[0, 0, 1, 2, 1, -1, 0]
B52[0, 0, 1, 2, 1, 0, -1]
B52[0, 0, 1, 2, 1, 1, -2]
B52[1, 2, 0, -1, 1, 1, 0]
B52[1, 2, 0, 0, 1, 0, 0]
B52[1, 2, 0, 0, 1, 1, 0]
B52[1, 2, 0, -1, 1, 1, 0]
B52[1, 2, 0, 0, 1, 0, 0]
B52[1, 2, 0, 0, 1, 1, 0]
B52[0, 2, 0, -1, 1, 1, 0]
B52[0, 2, 0, 0, 1, 0, 0]
B52[0, 2, 0, 0, 1, 1, 0]
B52[1, 1, 0, -1, 1, 1, 0]
B52[1, 1, 0, 0, 1, 0, 0]
B52[1, 2, 0, -1, 0, 1, 0]
B52[1, 2, 0, -1, 1, 1, 0]
B52[1, 2, 0, 0, 0, 0, 0]
B52[1, 2, 0, 0, 0, 1, 0]
B52[1, 2, 0, 0, 1, 0, 0]
B52[1, 2, 0, 0, 1, 1, 0]
B52[0, 2, 0, -1, 1, 1, 0]
B52[0, 2, 0, 0, 1, 0, 0]
B52[0, 2, 0, 0, 1, 1, 0]
B52[1, 1, 0, -1, 1, 1, 0]
B52[1, 1, 0, 0, 1, 0, 0]
B52[1, 2, 0, -1, 0, 1, 0]
B52[1, 2, 0, -1, 1, 1, 0]
B52[1, 2, 0, 0, 0, 0, 0]
B52[1, 2, 0, 0, 0, 1, 0]
B52[1, 2, 0, 0, 1, 0, 0]
B52[1, 2, 0, 0, 1, 1, 0]
B52[0, 2, 0, 0, 1, 0, 0]
B52[0, 2, 0, 0, 1, 1, 0]
B52[1, 2, -1, -1, 1, 1, 0]
B52[1, 2, -1, 0, 1, 0, 0]
B52[1, 2, -1, 0, 1, 1, 0]
B52[1, 2, 0, -1, 1, 1, -1]
B52[1, 2, 0, 0, 0, 1, 0]
B52[1, 2, 0, 0, 1, 1, -1]
B52[1, 2, 0, -1, 0, 1, 0]
B52[1, 2, 0, 0, 0, 0, 0]
B52[1, 2, 0, 0, 0, 1, 0]
B52[0, 2, 0, -1, 1, 1, 0]
B52[1, 2, 0, -1, 0, 1, 0]
B52[1, 2, 0, 0, 0, 0, 0]
B52[1, 2, -1, -1, 1, 1, 0]
B52[1, 2, -1, 0, 1, 0, 0]
B52[1, 2, -1, 0, 1, 1, 0]
B52[1, 2, 0, -1, 1, 1, -1]
B52[1, 2, 0, 0, 1, 1, -1]
B52[-1, 2, 0, 0, 1, 1, 0]
B52[0, 2, -1, 0, 1, 1, 0]
B52[0, 2, 0, 0, 0, 1, 0]
B52[0, 2, 0, 0, 1, 1, -1]
B52[1, 2, -2, 0, 1, 1, 0]
B52[1, 2, -1, 0, 0, 1, 0]
B52[1, 2, -1, 0, 1, 1, -1]
B52[1, 2, 0, -1, 1, 0, 0]
B52[1, 2, 0, 0, 0, 1, -1]
B52[1, 2, 0, 0, 1, -1, 0]
B52[1, 2, 0, 0, 1, 0, -1]
B52[1, 2, 0, 0, 1, 1, -2]
B52[-1, 2, 0, 0, 1, 1, 0]
B52[0, 2, -1, 0, 1, 1, 0]
B52[0, 2, 0, 0, 0, 1, 0]
B52[0, 2, 0, 0, 1, 1, -1]
B52[1, 2, -2, 0, 1, 1, 0]
B52[1, 2, -1, 0, 0, 1, 0]
B52[1, 2, -1, 0, 1, 1, -1]
B52[1, 2, 0, -1, 1, 0, 0]
B52[1, 2, 0, 0, 0, 1, -1]
B52[1, 2, 0, 0, 1, -1, 0]
B52[1, 2, 0, 0, 1, 0, -1]
B52[1, 2, 0, 0, 1, 1, -2]