504 18027597954267899762 1 6
5 3 7 8 4 6 

500 2137200763941329902 1 6
7 5 2 4 6 8 

498 13899570548253170529 2 6
5 7 4 6 8 1 
7 5 4 6 8 1 

497 17850606902295646332 1 6
5 7 0 4 6 8 

492 16780833574275459933 1 6
3 7 8 6 5 2 

490 705437547272091025 1 6
5 3 7 8 6 1 

489 16688291562713188322 1 6
5 8 6 3 7 0 

486 8254733156364848973 1 6
7 5 2 6 1 8 

485 15710104843728346790 1 6
6 8 7 0 5 2 

483 4437779097659082145 1 6
5 7 0 6 1 8 

476 11585228984450814949 1 6
2 3 7 4 6 8 

474 16002359394720772434 1 6
3 7 4 6 8 1 

473 13571018569104513907 1 6
4 6 8 3 7 0 

470 7141736185284527519 2 6
2 7 4 6 8 1 
7 2 4 6 8 1 

469 56286196489999251 1 6
2 7 0 4 6 8 

462 14180714182089204942 1 6
2 3 7 8 6 1 

461 4402626128986553938 1 6
2 8 6 3 7 0 

459 1082257247075222841 2 6
3 7 0 6 8 1 
3 7 0 8 6 1 

455 17817692917851121712 1 6
2 7 0 6 8 1 

444 11033909747413942480 1 6
8 4 3 7 5 2 

442 1640849182169482316 1 6
5 3 7 8 4 1 

441 16910182012694311459 1 6
5 8 4 3 7 0 

438 16406654725643430316 1 6
7 5 2 4 8 1 

437 8886762409215545072 1 6
4 8 7 0 5 2 

435 6946636881686810759 1 6
5 7 0 4 8 1 

430 16562688260993924684 1 6
3 7 8 1 5 2 

429 5124275652851355146 1 6
8 5 2 3 7 0 

427 1894229858265368474 1 6
5 8 1 3 7 0 

423 7054478761153809091 1 6
5 2 1 8 7 0 

414 6023895475974582159 1 6
2 3 7 8 4 1 

413 12121857494348349253 1 6
2 8 4 3 7 0 

411 7295187750692289384 2 6
4 8 1 3 7 0 
8 4 1 3 7 0 

407 12469721242068582155 1 6
2 7 0 4 8 1 

399 15670486069388641838 1 6
2 8 1 3 7 0 

380 5048030887649696237 1 6
3 5 2 8 4 6 

378 5599072469552135928 1 6
3 5 8 4 6 1 

377 11926109138688169476 1 6
5 3 0 8 4 6 

374 4723832595765945725 2 6
2 5 4 6 8 1 
5 2 4 6 8 1 

373 3556900365547275713 1 6
0 5 2 4 6 8 

371 17706223613217543299 2 6
0 5 4 6 8 1 
5 0 4 6 8 1 

366 8771441757208406790 1 6
3 5 2 8 1 6 

365 15579542208821748803 1 6
8 6 3 0 5 2 

363 9382127818995435029 1 6
5 3 0 8 1 6 

359 2071391863884669352 1 6
0 5 2 8 6 1 

350 5631824879017901452 1 6
3 2 4 6 8 1 

349 1039637404906788542 1 6
2 3 0 4 6 8 

347 5347158613685682145 1 6
3 0 4 6 8 1 

343 8562459161655946463 2 6
0 2 4 6 8 1 
2 0 4 6 8 1 

335 14623663897483736385 1 6
2 3 0 8 1 6 

318 11734563212554141619 1 6
3 5 2 8 4 1 

317 9241355714628538496 1 6
8 4 3 0 5 2 

315 5824636010311626648 1 6
5 3 0 8 4 1 

311 3772318529073014622 1 6
0 5 2 8 4 1 

303 5441889736708634445 1 6
3 0 8 1 5 2 

287 476030551939694357 1 6
2 3 0 8 4 1 

252 12892627021768402155 1 6
6 4 7 3 5 2 

250 17922594101186591003 1 6
5 7 3 6 4 1 

249 18052297221740220822 1 6
5 6 4 7 3 0 

246 12847849698390489652 1 6
7 5 2 6 4 1 

245 14430728478799029997 1 6
6 4 7 0 5 2 

243 13066121282621568523 1 6
5 7 0 6 4 1 

238 8612999632723093606 1 6
7 3 6 1 5 2 

237 8125388387389512039 1 6
6 5 2 7 3 0 

235 2777149757546021803 1 6
5 6 1 7 3 0 

231 15811522757240432705 1 6
7 0 6 1 5 2 

222 12598113703642178543 1 6
2 7 3 6 4 1 

221 16372301409790115035 1 6
2 6 4 7 3 0 

219 9488898650705985537 2 6
4 6 1 3 7 0 
6 4 1 3 7 0 

215 3985925490623745549 1 6
2 7 0 6 4 1 

47 17818387281075179716 1 5
1 3 0 5 2 

31 13998173053374626659 1 5
2 3 0 1 4 

294 835276218342091669 2 4
1 8 5 2 
1 8 2 5 

418 14593148486957330095 2 4
5 7 1 8 
7 5 1 8 

291 13775163095167349403 2 4
0 5 1 8 
5 0 1 8 

270 17427048137121713927 1 4
3 2 8 1 

394 1038682574175882110 1 4
3 7 1 8 

267 9055639951542359904 2 4
1 8 3 0 
3 0 1 8 

10 13811601009566447630 2 2
1 3 
3 1 

390 5871201165218803500 2 4
2 7 1 8 
7 2 1 8 

263 5871201165218803500 2 4
0 2 1 8 
2 0 1 8 

225 1145265670692512130 2 4
5 6 7 0 
6 5 7 0 

482 5163705434870604517 2 5
5 7 6 1 8 
7 5 6 1 8 

197 844027089328211766 2 4
2 6 7 0 
6 2 7 0 

454 1488523282559072079 2 5
2 7 6 8 1 
7 2 6 8 1 

177 7753845519296969428 2 4
4 5 7 0 
5 4 7 0 

434 6656238309263480190 2 5
5 7 4 8 1 
7 5 4 8 1 

417 11211917229882112836 2 4
5 8 7 0 
8 5 7 0 

163 12429872557421794535 1 4
1 5 7 0 

420 8916441978684384228 2 4
7 8 5 2 
8 7 5 2 

149 10460062785444194406 2 4
2 4 7 0 
4 2 7 0 

406 14761609515368512002 2 5
2 7 4 8 1 
7 2 4 8 1 

135 4849430361981918121 2 4
1 2 0 7 
1 2 7 0 

120 13317244411500610946 1 4
3 5 4 6 

116 15681220750808639507 4 4
4 6 5 2 
4 6 2 5 
6 4 5 2 
6 4 2 5 

298 8363790758073195775 1 4
3 5 8 1 

44 8634870613964526517 2 3
3 2 5 
3 5 2 

301 3479713008260256325 1 5
8 3 0 5 2 

139 2904647960035365740 1 4
1 3 7 0 

396 14284466797010918990 2 4
2 8 3 7 
8 2 3 7 

266 17656326354493340191 1 3
3 1 8 

148 15477413051805133046 6 3
2 4 7 
2 7 4 
4 2 7 
4 7 2 
7 4 2 
7 2 4 

405 8215339245048222057 1 5
2 4 8 7 0 

284 4183753754397426794 1 4
3 2 8 4 

27 9055639951542359904 2 4
1 4 3 0 
3 0 1 4 

30 1602608418064193060 1 4
3 2 1 4 

216 5034312168170884840 2 4
4 6 3 7 
6 4 3 7 

89 9761193825887822076 2 4
4 6 3 0 
6 4 3 0 

346 16642973784663819055 1 5
3 4 6 8 1 

224 7658636075273647947 6 3
5 6 7 
5 7 6 
6 5 7 
6 7 5 
7 6 5 
7 5 6 

481 10914547795024368109 1 5
5 6 8 7 0 

360 18297063301999930799 1 4
3 5 8 6 

103 11009496414443631479 1 5
0 1 6 5 2 

106 2091532117165021622 1 4
3 5 1 6 

176 8922397766556314475 6 3
4 5 7 
4 7 5 
5 4 7 
5 7 4 
7 5 4 
7 4 5 

433 858050255977881010 1 5
5 4 8 7 0 

312 6418106841632012880 1 4
3 5 8 4 

55 11009496414443631479 1 5
0 1 4 5 2 

58 1350421611143869986 1 4
3 5 1 4 

196 17458855618286389883 6 3
2 6 7 
2 7 6 
6 2 7 
6 7 2 
7 6 2 
7 2 6 

453 16649560760011161762 1 5
2 6 8 7 0 

332 18055315935950069478 1 4
3 2 8 6 

75 9055639951542359904 2 4
1 6 3 0 
3 0 1 6 

78 1350421611143869986 1 4
3 2 1 6 

104 8717650171460903529 2 3
3 5 6 
3 6 5 

361 11649285545750637849 1 5
5 8 6 3 0 

172 1076680173668006745 2 4
3 7 5 2 
3 7 2 5 

45 835276218342091669 2 4
3 0 2 5 
3 0 5 2 

302 17361467516103223360 1 5
3 8 1 5 2 

88 16309885613542775134 2 3
3 4 6 
3 6 4 

345 12704870599983770500 1 5
3 0 4 6 8 

156 16749214815085274645 2 4
2 4 3 7 
4 2 3 7 

29 13582277942042186 2 4
2 4 3 0 
4 2 3 0 

286 2260561874457055902 1 5
3 2 8 4 1 

138 5147154787981543763 1 3
1 3 7 

395 13928027388432929120 1 5
1 8 3 7 0 

11 17656326354493340191 1 3
1 3 0 

268 9790497849770534921 2 3
3 2 8 
3 8 2 

7 14464322681345727777 2 3
1 0 2 
1 2 0 

134 14464322681345727777 2 3
1 2 7 
1 7 2 

391 11397582485275667864 2 5
2 1 8 7 0 
2 1 8 0 7 

456 14437601767220925767 2 4
3 7 6 8 
3 7 8 6 

199 5963611443409432894 1 5
2 6 1 7 0 

329 8658101909039773473 2 4
6 8 3 0 
8 6 3 0 

202 1038682574175882110 1 4
3 7 1 6 

330 6471266484485062780 2 4
3 6 8 1 
3 8 6 1 

76 14464322681345727777 2 3
3 2 6 
3 6 2 

333 9382672231287301197 1 5
2 8 6 3 0 

14 5929441778008549557 2 3
1 3 2 
3 1 2 

271 17447798027739903334 1 5
2 3 0 8 1 

280 14763710330307144267 2 3
3 4 8 
3 8 4 

23 5871201165218803500 2 4
0 2 1 4 
2 0 1 4 

26 17656326354493340191 1 3
3 1 4 

283 8080578575400997074 2 5
3 0 4 8 1 
3 0 8 4 1 

212 7782094676227168484 2 4
2 7 6 4 
7 2 6 4 

85 456064701037471828 4 4
0 2 4 6 
0 2 6 4 
2 0 4 6 
2 0 6 4 

180 12872401847319649801 2 4
4 7 5 2 
7 4 5 2 

53 2915755619415678227 4 4
0 4 2 5 
0 4 5 2 
4 0 2 5 
4 0 5 2 

310 15178414522366409853 4 5
2 5 4 8 1 
2 5 8 4 1 
5 2 4 8 1 
5 2 8 4 1 

282 1337254812143825937 2 4
3 4 8 1 
3 8 4 1 

28 7777280951167004470 2 3
3 2 4 
3 4 2 

285 18193705971651850823 1 5
2 8 4 3 0 

60 18311064358276448373 1 4
3 4 2 5 

162 8533824145127251727 2 3
1 5 7 
1 7 5 

419 6048906554469550717 1 5
5 1 8 7 0 

416 10315312338500415028 6 3
5 7 8 
5 8 7 
7 5 8 
7 8 5 
8 7 5 
8 5 7 

159 10454251847922087299 1 6
2 1 4 3 7 0 

289 5180365401916553282 6 3
0 5 8 
0 8 5 
5 0 8 
5 8 0 
8 5 0 
8 0 5 

35 7777280951167004470 2 3
1 0 5 
1 5 0 

269 8620157615861520895 2 4
2 8 3 0 
8 2 3 0 

142 4786370140648967462 1 4
1 2 3 7 

15 1350421611143869986 1 4
1 2 3 0 

74 17656326354493340191 1 3
3 1 6 

331 2249338864039366031 2 5
3 0 6 8 1 
3 0 8 6 1 

328 7323112735729795569 2 3
3 6 8 
3 8 6 

71 5871201165218803500 2 4
0 2 1 6 
2 0 1 6 

92 1496297044295338003 1 4
3 2 4 6 

38 8634870613964526517 2 3
1 2 5 
1 5 2 

295 5009672583774126009 1 5
0 1 8 5 2 

296 7977311541644482511 2 3
3 5 8 
3 8 5 

39 18311064358276448373 1 4
1 0 5 2 

42 5929441778008549557 2 3
1 3 5 
3 1 5 

299 16846045363583767338 1 5
5 3 0 8 1 

228 14515402054322567970 2 4
6 7 5 2 
7 6 5 2 

101 2915755619415678227 4 4
0 6 5 2 
0 6 2 5 
6 0 5 2 
6 0 2 5 

358 9685801772384462656 4 5
2 5 6 8 1 
2 5 8 6 1 
5 2 6 8 1 
5 2 8 6 1 

56 14464322681345727777 2 3
3 4 5 
3 5 4 

313 2661876798359702706 1 5
5 8 4 3 0 

404 10346812999106177369 2 4
2 7 4 8 
7 2 4 8 

277 1132125041046106274 4 4
0 2 4 8 
0 2 8 4 
2 0 4 8 
2 0 8 4 

150 11587741285148786700 2 4
2 7 4 1 
7 2 4 1 

408 706258935249956110 2 4
4 8 3 7 
8 4 3 7 

151 5150875692832666199 1 5
2 4 1 7 0 

281 5586955677828348619 2 4
4 8 3 0 
8 4 3 0 

154 1038682574175882110 1 4
3 7 1 4 

293 13697909126296567058 2 4
0 8 5 2 
8 0 5 2 

166 17375172383236983018 1 4
1 7 5 2 

424 1032176056367840196 2 4
5 8 3 7 
8 5 3 7 

167 14297697324498089149 1 5
1 5 2 7 0 

297 179955301305303821 2 4
5 8 3 0 
8 5 3 0 

170 2709238594086543269 1 4
1 5 3 7 

43 1602608418064193060 1 4
1 5 3 0 

300 7563883697891266351 1 4
3 8 5 2 

356 3832969048922006237 4 4
6 8 2 5 
6 8 5 2 
8 6 5 2 
8 6 2 5 

99 13582277942042186 2 4
0 5 1 6 
5 0 1 6 

102 835276218342091669 2 4
1 6 5 2 
1 6 2 5 

46 11233453497221586657 4 4
1 3 2 5 
1 3 5 2 
3 1 2 5 
3 1 5 2 

232 1785268428166875598 2 4
5 6 7 3 
6 5 7 3 

105 5437037146334197497 2 4
5 6 3 0 
6 5 3 0 

362 345369218346510949 1 5
3 5 8 1 6 

432 12495551341959652235 2 4
5 7 4 8 
7 5 4 8 

175 2740280474419258379 1 6
1 5 2 3 7 0 

305 16954421592595156864 2 4
0 5 8 4 
5 0 8 4 

178 9879536165053587641 2 4
5 7 1 4 
7 5 1 4 

51 13582277942042186 2 4
0 5 1 4 
5 0 1 4 

308 8518306885882634279 4 4
4 8 5 2 
4 8 2 5 
8 4 5 2 
8 4 2 5 

54 835276218342091669 2 4
1 4 2 5 
1 4 5 2 

240 18023217960715058201 2 4
5 7 6 4 
7 5 6 4 

113 456064701037471828 4 4
0 5 4 6 
0 5 6 4 
5 0 4 6 
5 0 6 4 

184 9945646479501131629 2 4
4 5 7 3 
5 4 7 3 

57 5871201165218803500 2 4
4 5 3 0 
5 4 3 0 

314 3646458111395675570 1 5
3 5 8 4 1 

452 4710925155386411691 2 4
2 7 6 8 
7 2 6 8 

325 6373279040703870645 4 4
0 2 6 8 
0 2 8 6 
2 0 6 8 
2 0 8 6 

198 11807494521443559775 2 4
2 7 6 1 
7 2 6 1 

204 863520908486611007 2 4
2 6 7 3 
6 2 7 3 

77 5871201165218803500 2 4
2 6 3 0 
6 2 3 0 

334 15982831387982577300 1 5
3 2 8 1 6 

344 6943862054271889329 1 4
3 4 6 8 

87 5776160444173687190 4 5
0 2 4 6 1 
0 2 6 4 1 
2 0 4 6 1 
2 0 6 4 1 

90 3143145449705412635 2 4
3 4 6 1 
3 6 4 1 

480 3986504250757056135 2 4
5 7 6 8 
7 5 6 8 

353 8282920585875856789 2 4
0 5 8 6 
5 0 8 6 

226 1380729981599403625 2 4
5 7 6 1 
7 5 6 1 

108 2225297244986230425 1 4
3 6 2 5 

59 13998173053374626659 1 5
5 1 4 3 0 

316 17310404104328967614 1 5
3 8 4 5 2 

61 11009496414443631479 1 5
4 3 0 2 5 

62 17818387281075179716 1 5
3 1 4 2 5 

79 16512093707418350276 2 5
2 1 6 3 0 
2 3 0 1 6 

91 7437584724777216643 2 5
3 0 4 6 1 
3 0 6 4 1 

348 14478182098142087893 1 5
3 2 4 6 8 

93 737678944058284568 1 5
2 4 6 3 0 

94 13705369673053385218 1 5
3 2 4 6 1 

107 6814924701091673848 1 5
5 1 6 3 0 

364 10518129224018028934 1 5
3 8 6 5 2 

109 10833804206607862570 1 5
6 3 0 2 5 

110 14298980457967579879 1 5
3 1 6 2 5 

115 2459674036614271614 4 5
0 5 4 6 1 
0 5 6 4 1 
5 0 4 6 1 
5 0 6 4 1 

372 15415436410286873225 2 5
2 5 4 6 8 
5 2 4 6 8 

117 3111689087057720950 4 5
0 4 6 5 2 
0 4 6 2 5 
0 6 4 5 2 
0 6 4 2 5 

118 7273189212191547011 4 5
2 5 4 6 1 
2 5 6 4 1 
5 2 4 6 1 
5 2 6 4 1 

121 10276278749047178784 1 5
5 4 6 3 0 

122 15432533718141019790 1 5
3 5 4 6 1 

124 4636903332645638869 1 5
3 4 6 2 5 

143 2884740448660561069 1 5
1 2 3 7 0 

155 13928027388432929120 1 5
1 4 3 7 0 

412 996883344037282319 1 5
2 8 4 3 7 

157 9628985223006548533 2 5
2 4 3 7 0 
4 2 3 7 0 

158 687958217651161069 1 5
2 3 7 1 4 

171 4280422543151865066 1 5
1 5 3 7 0 

428 982145843277579614 1 5
8 3 7 5 2 

173 4106428641689127645 2 5
2 5 3 7 0 
5 2 3 7 0 

174 2929881593553821208 1 5
1 3 7 5 2 

179 6288171957559814729 1 5
5 7 0 1 4 

436 17770642774778642068 1 5
7 4 8 5 2 

181 8406888603868562609 1 5
4 7 0 5 2 

182 4314145708761770976 1 5
7 5 2 1 4 

185 9878435552059267235 2 5
4 5 7 3 0 
5 4 7 3 0 

186 16223930674963568480 1 5
5 3 7 1 4 

188 808151373417816914 1 5
4 7 3 5 2 

203 13928027388432929120 1 5
1 6 3 7 0 

460 11631930226222222215 1 5
2 3 7 8 6 

205 3778745013591136995 2 5
2 6 7 3 0 
6 2 7 3 0 

206 17332674183258245694 1 5
2 7 3 6 1 

213 9564097586524167225 1 5
2 6 4 7 0 

214 11641452728355201921 2 5
2 7 6 4 1 
7 2 6 4 1 

217 18368831169642834869 2 5
4 6 3 7 0 
6 4 3 7 0 

218 14919869636126913148 2 5
3 7 4 6 1 
3 7 6 4 1 

220 10897934764362109451 1 5
2 6 4 7 3 

227 11285697416101463840 1 5
5 7 0 6 1 

484 2033434964348816699 1 5
7 6 8 5 2 

229 3513855941096690009 1 5
6 7 0 5 2 

230 17436977144698812489 1 5
7 6 1 5 2 

233 14227604784070555757 2 5
5 6 7 3 0 
6 5 7 3 0 

234 1461348515891131576 1 5
5 7 3 6 1 

236 971109051724658590 1 5
6 7 3 5 2 

241 5339001099181831387 1 5
5 6 4 7 0 

242 11138925883793828437 2 5
5 7 6 4 1 
7 5 6 4 1 

244 4142872632148159405 1 5
7 6 4 5 2 

248 10035136274225936631 1 5
5 6 4 7 3 

279 16742322647999123622 4 5
0 2 4 8 1 
0 2 8 4 1 
2 0 4 8 1 
2 0 8 4 1 

307 16187113839502798529 2 5
0 5 8 4 1 
5 0 8 4 1 

309 3848715426718891207 1 5
0 8 4 5 2 

327 17651467814118628376 4 5
0 2 6 8 1 
0 2 8 6 1 
2 0 6 8 1 
2 0 8 6 1 

341 14548790457033551304 2 5
0 2 4 6 8 
2 0 4 6 8 

355 16199338423125647605 2 5
0 5 8 6 1 
5 0 8 6 1 

357 17028826836645903710 1 5
0 8 6 5 2 

369 10482512492506546083 2 5
0 5 4 6 8 
5 0 4 6 8 

376 13736729569211496699 1 5
3 5 8 4 6 

119 278204061159091792 2 6
0 5 2 4 6 1 
0 5 2 6 4 1 

397 13473904898177185900 2 5
2 8 3 7 0 
8 2 3 7 0 

398 14654842624511572874 1 5
2 3 7 8 1 

409 8397318272231100554 2 5
4 8 3 7 0 
8 4 3 7 0 

410 5139030984530989227 2 5
3 7 4 8 1 
3 7 8 4 1 

421 14961732136520319850 1 5
8 5 2 7 0 

422 10905502559485275146 1 5
7 5 2 1 8 

425 572830090972304578 2 5
5 8 3 7 0 
8 5 3 7 0 

426 17442365597042324168 1 5
5 3 7 8 1 

440 12728113775648893286 1 5
5 8 4 3 7 

183 18213947802548347024 1 6
5 2 7 0 1 4 

457 4628458207185915356 2 5
6 8 3 7 0 
8 6 3 7 0 

458 8019082394120136017 2 5
3 7 6 8 1 
3 7 8 6 1 

468 7535801514964386597 2 5
2 7 4 6 8 
7 2 4 6 8 

472 6304511735103380611 1 5
3 7 4 6 8 

488 16476596056655094619 1 5
5 3 7 8 6 

496 16354513746469361527 2 5
5 7 4 6 8 
7 5 4 6 8 

63 17853011252932412106 2 6
1 4 3 0 2 5 
3 0 1 4 5 2 

95 15420222120626979157 1 6
2 3 0 4 6 1 

111 1972311618921989603 1 6
1 6 3 0 5 2 

123 13071868096743437349 1 6
5 3 0 4 6 1 

125 17104281766002919760 1 6
4 6 3 0 2 5 

126 6421827675286147496 1 6
3 2 5 4 6 1 

187 11966753820656756685 1 6
5 1 4 3 7 0 

189 2919453991723871710 1 6
4 5 2 7 3 0 

190 11142788466926089940 1 6
3 7 1 4 5 2 

207 3057867003847289521 1 6
2 6 1 7 3 0 

