C3[0,0,0,0,0,0,0,0,0]*(-a5-a2+d-a3-2*a0-a7)
C3[-1,0,1,0,0,0,0,0,0]*(-a2)
C3[0,-1,1,0,0,0,0,0,0]*(a2)
C3[-1,0,0,0,0,0,0,1,0]*(-a7)
C3[0,0,1,0,0,0,0,0,0]*(a2*m1^2)
C3[-1,0,0,1,0,0,0,0,0]*(-a3)
C3[0,0,0,0,0,1,0,0,0]*(a5*s-a5*m1^2)
C3[0,0,0,1,0,0,0,0,0]*(-m1^2*a3)
C3[-1,0,0,0,0,1,0,0,0]*(-a5)
C3[0,-1,0,0,0,1,0,0,0]*(-a5)
C3[0,0,0,0,-1,1,0,0,0]*(a5)
C3[0,0,0,0,0,1,-1,0,0]*(a5)

C3[0,0,0,0,0,0,0,0,0]*(a0-a7)
C3[1,0,0,0,0,0,0,-1,0]*(-a0)
C3[-1,0,1,0,0,0,0,0,0]*(a2)
C3[0,-1,1,0,0,0,0,0,0]*(a2)
C3[0,0,1,0,0,0,0,-1,0]*(-a2)
C3[0,0,1,0,0,0,0,0,-1]*(-a2)
C3[0,0,1,0,0,0,0,0,0]*(a2*m1^2)
C3[-1,0,0,1,0,0,0,0,0]*(a3)
C3[0,0,0,1,0,0,0,-1,0]*(-a3)
C3[0,0,0,1,0,0,0,0,0]*(-a3*t)
C3[-1,0,0,0,0,1,0,0,0]*(a5)
C3[0,-1,0,0,0,1,0,0,0]*(a5)
C3[0,0,0,0,0,1,0,-1,0]*(-a5)
C3[0,0,0,0,0,1,0,0,-1]*(-a5)
C3[0,0,0,0,0,1,0,0,0]*(a5*s+a5*m1^2)
C3[-1,0,0,0,0,0,0,1,0]*(a7)

C3[0,0,0,0,0,0,0,0,0]*(-a8-a2+d-a6-a4-2*a1)
C3[0,1,0,0,0,0,0,0,0]*(-2*m1^2*a1)
C3[-1,0,1,0,0,0,0,0,0]*(a2)
C3[0,-1,1,0,0,0,0,0,0]*(-a2)
C3[0,0,0,0,0,0,0,0,1]*(-a8*m1^2)
C3[0,0,1,0,0,0,0,0,0]*(-a2*m1^2)
C3[0,-1,0,0,1,0,0,0,0]*(-a4)
C3[0,-1,0,0,0,0,0,0,1]*(-a8)
C3[0,0,0,0,1,0,0,0,0]*(-m1^2*a4)
C3[-1,0,0,0,0,1,0,0,0]*(a5)
C3[0,-1,0,0,0,1,0,0,0]*(a5)
C3[0,0,-1,0,0,1,0,0,0]*(-a5)
C3[0,0,0,0,-1,1,0,0,0]*(-a5)
C3[0,0,0,0,0,1,-1,0,0]*(-a5)
C3[0,0,0,0,0,1,0,0,0]*(a5*m1^2)
C3[0,-1,0,0,0,0,1,0,0]*(-a6)
C3[0,0,0,0,0,0,1,0,0]*(-m1^2*a6)

C3[0,0,0,0,0,0,0,0,0]*(a3-a0)
C3[1,0,0,-1,0,0,0,0,0]*(a0)
C3[1,0,0,0,0,0,0,0,0]*(m1^2*a0)
C3[-1,0,1,0,0,0,0,0,0]*(-a2)
C3[0,-1,1,0,0,0,0,0,0]*(-a2)
C3[0,0,1,-1,0,0,0,0,0]*(a2)
C3[0,0,1,0,0,0,-1,0,0]*(a2)
C3[-1,0,0,1,0,0,0,0,0]*(-a3)
C3[0,0,0,0,0,0,0,1,0]*(m1^2*a7+a7*t)
C3[0,0,0,1,0,0,0,0,0]*(m1^2*a3)
C3[-1,0,0,0,0,1,0,0,0]*(-a5)
C3[0,-1,0,0,0,1,0,0,0]*(-a5)
C3[0,0,0,-1,0,1,0,0,0]*(a5)
C3[0,0,0,0,0,1,-1,0,0]*(a5)
C3[0,0,0,0,0,1,0,0,0]*(a5*s)
C3[-1,0,0,0,0,0,0,1,0]*(-a7)
C3[0,0,0,-1,0,0,0,1,0]*(a7)

C3[0,0,0,0,0,0,0,0,0]*(a6-a1)
C3[0,1,0,0,0,0,-1,0,0]*(a1)
C3[0,1,0,0,0,0,0,0,0]*(-m1^2*a1)
C3[-1,0,1,0,0,0,0,0,0]*(-a2)
C3[0,-1,1,0,0,0,0,0,0]*(-a2)
C3[0,0,1,-1,0,0,0,0,0]*(a2)
C3[0,0,1,0,0,0,-1,0,0]*(a2)
C3[0,-1,0,0,1,0,0,0,0]*(-a4)
C3[0,0,0,0,1,0,-1,0,0]*(a4)
C3[0,0,0,0,1,0,0,0,0]*(-m1^2*a4+s*a4)
C3[-1,0,0,0,0,1,0,0,0]*(-a5)
C3[0,-1,0,0,0,1,0,0,0]*(-a5)
C3[0,0,0,-1,0,1,0,0,0]*(a5)
C3[0,0,0,0,0,1,-1,0,0]*(a5)
C3[0,0,0,0,0,1,0,0,0]*(a5*s)
C3[0,-1,0,0,0,0,1,0,0]*(-a6)
C3[0,0,0,0,0,0,0,0,1]*(-a8*m1^2+a8*t)
C3[0,0,0,0,0,0,1,0,0]*(-m1^2*a6)
C3[0,-1,0,0,0,0,0,0,1]*(-a8)
C3[0,0,0,0,0,0,-1,0,1]*(a8)

C3[0,0,0,0,0,0,0,0,0]*(-a8+a1)
C3[0,1,0,0,0,0,0,0,-1]*(-a1)
C3[0,1,0,0,0,0,0,0,0]*(m1^2*a1)
C3[-1,0,1,0,0,0,0,0,0]*(a2)
C3[0,-1,1,0,0,0,0,0,0]*(a2)
C3[0,0,1,0,0,0,0,-1,0]*(-a2)
C3[0,0,1,0,0,0,0,0,-1]*(-a2)
C3[0,0,1,0,0,0,0,0,0]*(a2*m1^2)
C3[0,-1,0,0,1,0,0,0,0]*(a4)
C3[0,0,0,0,1,0,0,0,-1]*(-a4)
C3[0,0,0,0,1,0,0,0,0]*(t*a4+m1^2*a4+s*a4)
C3[-1,0,0,0,0,1,0,0,0]*(a5)
C3[0,-1,0,0,0,1,0,0,0]*(a5)
C3[0,0,0,0,0,1,0,-1,0]*(-a5)
C3[0,0,0,0,0,1,0,0,-1]*(-a5)
C3[0,0,0,0,0,1,0,0,0]*(a5*s+a5*m1^2)
C3[0,-1,0,0,0,0,1,0,0]*(a6)
C3[0,0,0,0,0,0,1,0,-1]*(-a6)
C3[0,0,0,0,0,0,1,0,0]*(m1^2*a6-a6*t)
C3[0,-1,0,0,0,0,0,0,1]*(a8)
C3[0,0,0,0,0,0,0,0,1]*(a8*m1^2)

C3[0,0,0,0,0,0,0,0,0]*(-a2+a0)
C3[1,-1,0,0,0,0,0,0,0]*(a0)
C3[1,0,-1,0,0,0,0,0,0]*(-a0)
C3[1,0,0,0,0,0,0,0,0]*(m1^2*a0)
C3[-1,0,1,0,0,0,0,0,0]*(a2)
C3[0,-1,1,0,0,0,0,0,0]*(-a2)
C3[0,0,0,0,0,0,0,1,0]*(2*m1^2*a7)
C3[0,0,1,0,0,0,0,0,0]*(-a2*m1^2)
C3[-1,0,0,1,0,0,0,0,0]*(a3)
C3[0,-1,0,1,0,0,0,0,0]*(2*a3)
C3[0,0,-1,1,0,0,0,0,0]*(-a3)
C3[0,0,0,1,0,0,-1,0,0]*(-a3)
C3[0,0,0,1,0,0,0,0,0]*(2*m1^2*a3)
C3[-1,0,0,0,0,1,0,0,0]*(a5)
C3[0,-1,0,0,0,1,0,0,0]*(a5)
C3[0,0,-1,0,0,1,0,0,0]*(-a5)
C3[0,0,0,0,-1,1,0,0,0]*(-a5)
C3[0,0,0,0,0,1,-1,0,0]*(-a5)
C3[0,0,0,0,0,1,0,0,0]*(a5*m1^2)
C3[-1,0,0,0,0,0,0,1,0]*(a7)
C3[0,-1,0,0,0,0,0,1,0]*(2*a7)
C3[0,0,-1,0,0,0,0,1,0]*(-a7)
C3[0,0,0,0,0,0,0,1,-1]*(-a7)

C3[-1,1,0,0,0,0,0,0,0]*(a1)
C3[0,0,0,0,0,0,0,0,0]*(-a5-a2+a4+a1)
C3[0,1,-1,0,0,0,0,0,0]*(-a1)
C3[0,1,0,0,0,0,0,0,0]*(m1^2*a1)
C3[-1,0,1,0,0,0,0,0,0]*(-a2)
C3[0,-1,1,0,0,0,0,0,0]*(a2)
C3[0,0,0,0,0,0,0,0,1]*(a8*m1^2)
C3[0,0,1,0,0,0,0,0,0]*(a2*m1^2)
C3[0,-1,0,0,1,0,0,0,0]*(-a4)
C3[0,0,0,-1,1,0,0,0,0]*(a4)
C3[0,0,0,0,0,0,0,-1,1]*(-a8)
C3[0,0,0,0,1,-1,0,0,0]*(-a4)
C3[0,0,0,0,1,0,-1,0,0]*(a4)
C3[0,0,0,0,1,0,0,0,0]*(s*a4)
C3[-1,0,0,0,0,1,0,0,0]*(-a5)
C3[0,-1,0,0,0,1,0,0,0]*(-a5)
C3[0,0,0,0,-1,1,0,0,0]*(a5)
C3[0,0,-1,0,0,0,0,0,1]*(-a8)
C3[0,0,0,0,0,1,-1,0,0]*(a5)
C3[0,0,0,0,0,1,0,0,0]*(a5*s-a5*m1^2)
C3[-1,0,0,0,0,0,1,0,0]*(2*a6)
C3[0,-1,0,0,0,0,1,0,0]*(a6)
C3[0,0,-1,0,0,0,1,0,0]*(-a6)
C3[0,0,0,-1,0,0,1,0,0]*(-a6)
C3[-1,0,0,0,0,0,0,0,1]*(2*a8)
C3[0,-1,0,0,0,0,0,0,1]*(a8)

C3[0,0,0,0,0,0,0,0,0]*(a8+a5-a2+a6+a4-3*a1)
C3[0,1,0,0,-1,0,0,0,0]*(a1)
C3[0,1,0,0,0,0,-1,0,0]*(a1)
C3[0,1,0,0,0,0,0,0,-1]*(a1)
C3[0,1,0,0,0,0,0,0,0]*(-3*m1^2*a1)
C3[-1,0,1,0,0,0,0,0,0]*(-a2)
C3[0,-1,1,0,0,0,0,0,0]*(-a2)
C3[0,0,0,0,0,0,0,0,1]*(-3*a8*m1^2-a8*s)
C3[0,0,1,0,0,-1,0,0,0]*(a2)
C3[0,0,1,0,0,0,0,-1,0]*(a2)
C3[0,0,1,0,0,0,0,0,-1]*(a2)
C3[0,0,1,0,0,0,0,0,0]*(-s*a2-a2*m1^2)
C3[0,-1,0,0,1,0,0,0,0]*(-3*a4)
C3[0,0,0,0,0,0,-1,0,1]*(a8)
C3[0,0,0,0,1,0,-1,0,0]*(a4)
C3[0,0,0,0,1,0,0,0,-1]*(a4)
C3[0,0,0,0,1,0,0,0,0]*(-t*a4-3*m1^2*a4)
C3[-1,0,0,0,0,1,0,0,0]*(-a5)
C3[0,-1,0,0,0,1,0,0,0]*(-a5)
C3[0,0,-1,0,0,1,0,0,0]*(-a5)
C3[0,0,0,0,-1,0,0,0,1]*(a8)
C3[0,0,0,0,0,1,0,-1,0]*(a5)
C3[0,0,0,0,0,1,0,0,-1]*(a5)
C3[0,0,0,0,0,1,0,0,0]*(-a5*m1^2)
C3[0,-1,0,0,0,0,1,0,0]*(-3*a6)
C3[0,0,0,0,-1,0,1,0,0]*(a6)
C3[0,-1,0,0,0,0,0,0,1]*(-3*a8)
C3[0,0,0,0,0,0,1,0,-1]*(a6)
C3[0,0,0,0,0,0,1,0,0]*(-3*m1^2*a6+a6*t+s*a6)

C3[0,0,0,0,0,0,0,0,0]*(a5-a2-a0+a7)
C3[1,-1,0,0,0,0,0,0,0]*(2*a0)
C3[1,0,-1,0,0,0,0,0,0]*(-a0)
C3[1,0,0,0,-1,0,0,0,0]*(-a0)
C3[1,0,0,0,0,-1,0,0,0]*(a0)
C3[1,0,0,0,0,0,-1,0,0]*(-a0)
C3[1,0,0,0,0,0,0,-1,0]*(a0)
C3[1,0,0,0,0,0,0,0,0]*(-s*a0+2*m1^2*a0)
C3[-1,0,1,0,0,0,0,0,0]*(-a2)
C3[0,-1,1,0,0,0,0,0,0]*(-a2)
C3[0,0,0,0,0,0,0,1,0]*(-2*s*a7+2*m1^2*a7)
C3[0,0,1,0,0,-1,0,0,0]*(a2)
C3[0,0,1,0,0,0,0,-1,0]*(a2)
C3[0,0,1,0,0,0,0,0,-1]*(a2)
C3[0,0,1,0,0,0,0,0,0]*(-s*a2-a2*m1^2)
C3[-1,0,0,1,0,0,0,0,0]*(-a3)
C3[0,-1,0,1,0,0,0,0,0]*(2*a3)
C3[0,0,-1,1,0,0,0,0,0]*(-a3)
C3[0,0,0,1,-1,0,0,0,0]*(-a3)
C3[0,0,0,1,0,-1,0,0,0]*(a3)
C3[0,0,0,1,0,0,-1,0,0]*(-a3)
C3[0,0,0,1,0,0,0,-1,0]*(a3)
C3[0,0,0,1,0,0,0,0,0]*(a3*t+2*m1^2*a3)
C3[-1,0,0,0,0,1,0,0,0]*(-a5)
C3[0,-1,0,0,0,1,0,0,0]*(-a5)
C3[0,0,-1,0,0,1,0,0,0]*(-a5)
C3[0,0,0,0,0,0,-1,1,0]*(-a7)
C3[0,0,0,0,0,1,0,-1,0]*(a5)
C3[0,0,0,0,0,1,0,0,-1]*(a5)
C3[0,0,0,0,0,1,0,0,0]*(-a5*m1^2)
C3[-1,0,0,0,0,0,0,1,0]*(-a7)
C3[0,-1,0,0,0,0,0,1,0]*(2*a7)
C3[0,0,-1,0,0,0,0,1,0]*(-a7)
C3[0,0,0,0,-1,0,0,1,0]*(-a7)
C3[0,0,0,0,0,-1,0,1,0]*(a7)

