1
7 7
2 19
0 1 0 0 0 0 0 0 0 0 
1 0 0 0 0 0 0 0 0 0 
0 0 0 0 1 0 0 0 0 0 
0 0 1 0 0 0 0 0 0 0 
0 0 1 0 0 0 0 0 0 0 
0 0 1 0 0 0 0 0 0 0 
0 0 1 0 0 0 0 0 0 0 
0 0 1 0 0 0 0 0 0 0 
0 0 1 0 0 0 0 0 0 0 

0
7 10
5 17
-1 1 1 0 1 0 0 0 -1 0 
1 0 0 0 0 0 0 0 0 0 
0 -1 2 0 2 0 0 0 0 2*m1^2 
0 0 0 0 1 0 0 0 0 0 
0 0 0 0 0 1 0 0 0 0 
0 0 0 -1 2 2 0 0 0 2*m1^2 
2 0 -1 0 0 0 0 0 0 2*m1^2 
-2 2 1 0 1 0 -1 1 -1 -m1^2-2*t 
0 0 0 0 0 0 0 1 0 0 

0
7 11
5 21
0 0 1 0 0 0 0 0 0 0 
0 0 0 0 1 0 0 0 0 0 
0 -1 2 0 2 0 0 0 0 2*m1^2 
1 0 0 0 0 0 0 0 0 0 
-1 2 0 -1 1 1 0 0 -1 0 
0 0 0 -1 2 2 0 0 0 2*m1^2 
1 -1 -1 0 1 0 0 0 1 2*m1^2 
-1 0 1 0 0 0 0 1 0 -m1^2-t 
-1 1 0 0 1 0 -1 1 0 -t 

0
7 14
5 19
1 -1 -1 0 1 0 0 0 1 2*m1^2 
1 0 0 0 0 0 0 0 0 0 
0 1 0 0 0 0 0 0 0 0 
0 0 0 0 1 0 0 0 0 0 
0 0 0 0 0 1 0 0 0 0 
0 0 0 1 0 0 0 0 0 0 
2 0 -1 0 0 0 0 0 0 2*m1^2 
2 -2 -1 0 1 0 1 -1 1 3*m1^2 
0 0 0 0 0 0 0 1 0 0 

0
7 15
5 23
0 0 1 0 0 0 0 0 0 0 
0 0 0 0 1 0 0 0 0 0 
0 1 0 0 0 0 0 0 0 0 
1 0 0 0 0 0 0 0 0 0 
1 -2 0 1 1 -1 0 0 1 2*m1^2 
0 0 0 1 0 0 0 0 0 0 
-1 1 1 0 1 0 0 0 -1 0 
-1 0 1 0 0 0 0 1 0 -m1^2-t 
1 -1 0 0 1 0 1 -1 0 2*m1^2+t 

1
7 23
2 23
0 1 0 0 0 0 0 0 0 0 
1 0 0 0 0 0 0 0 0 0 
0 0 0 0 1 0 0 0 0 0 
0 0 0 1 0 0 0 0 0 0 
0 0 1 0 0 0 0 0 0 0 
0 0 0 1 0 0 0 0 0 0 
0 0 0 1 0 0 0 0 0 0 
0 0 0 1 0 0 0 0 0 0 
0 0 0 1 0 0 0 0 0 0 

1
7 26
5 21
0 1 0 0 0 0 0 0 0 0 
1 0 0 0 0 0 0 0 0 0 
0 1 0 0 0 0 0 0 0 0 
0 0 0 0 1 0 0 0 0 0 
0 0 1 0 0 0 0 0 0 0 
0 1 0 0 0 0 0 0 0 0 
0 1 0 0 0 0 0 0 0 0 
0 1 0 0 0 0 0 0 0 0 
0 1 0 0 0 0 0 0 0 0 

0
7 28
3 28
-1 1 1 0 1 0 0 0 -1 m1^2 
-1 0 1 0 0 1 0 0 0 -s-m1^2 
0 0 0 1 0 0 0 0 0 0 
0 0 0 0 1 0 0 0 0 0 
0 0 1 0 0 0 0 0 0 0 
0 1 0 0 0 0 0 0 0 0 
-2 0 2 0 0 1 0 0 0 -2*s 
-2 2 1 0 1 0 -1 1 -1 m1^2-2*t 
0 0 1 0 0 1 0 -1 0 2*t 

0
7 29
4 29
1 0 0 0 0 0 0 0 0 0 
0 1 0 0 0 0 0 0 0 -m1^2 
0 0 1 0 0 0 0 0 0 0 
0 0 0 1 0 0 0 0 0 0 
0 0 0 0 1 0 0 0 0 0 
0 0 0 0 0 1 0 0 0 0 
0 0 0 0 0 0 1 0 0 0 
0 0 0 0 0 0 0 1 0 0 
0 0 0 0 0 0 0 0 1 0 

1
7 30
5 29
0 1 0 0 0 0 0 0 0 0 
1 0 0 0 0 0 0 0 0 0 
0 0 0 1 0 0 0 0 0 0 
0 0 0 0 1 0 0 0 0 0 
0 0 1 0 0 0 0 0 0 0 
0 1 0 0 0 0 0 0 0 0 
0 1 0 0 0 0 0 0 0 0 
0 1 0 0 0 0 0 0 0 0 
0 1 0 0 0 0 0 0 0 0 

0
7 35
3 28
0 0 0 1 0 0 0 0 0 0 
0 0 0 0 1 0 0 0 0 0 
0 0 0 0 0 1 0 0 0 0 
0 -1 0 1 0 0 0 0 1 -s-m1^2 
1 -2 0 1 1 -1 0 0 1 m1^2 
0 0 1 0 0 0 0 0 0 0 
-1 1 1 0 1 0 0 0 -1 m1^2 
0 1 0 1 0 0 -1 0 0 s 
1 -1 0 0 1 0 1 -1 0 m1^2+t 

0
7 38
2 11
1 -1 -1 0 1 0 0 0 1 m1^2 
1 0 0 0 0 0 0 0 0 0 
0 1 0 0 0 0 0 0 0 0 
0 0 0 0 1 0 0 0 0 -m1^2 
0 0 0 0 0 1 0 0 0 0 
0 0 0 1 0 0 0 0 0 0 
2 0 -1 0 0 0 0 0 0 2*m1^2 
2 -2 -1 0 1 0 1 -1 1 2*m1^2 
0 0 0 0 0 0 0 1 0 0 

0
7 39
3 30
0 0 1 0 0 0 0 0 0 0 
0 0 0 0 1 0 0 0 0 0 
0 1 0 0 0 0 0 0 0 0 
1 0 0 0 0 0 0 0 0 -m1^2 
1 -2 0 1 1 -1 0 0 1 m1^2 
0 0 0 1 0 0 0 0 0 0 
-1 1 1 0 1 0 0 0 -1 m1^2 
-1 0 1 0 0 0 0 1 0 -t 
1 -1 0 0 1 0 1 -1 0 m1^2+t 

1
7 42
5 19
0 0 1 0 0 0 0 0 0 0 
1 0 0 0 0 0 0 0 0 0 
0 0 1 0 0 0 0 0 0 0 
0 0 0 0 1 0 0 0 0 0 
0 0 1 0 0 0 0 0 0 0 
0 1 0 0 0 0 0 0 0 0 
0 0 1 0 0 0 0 0 0 0 
0 0 1 0 0 0 0 0 0 0 
0 0 1 0 0 0 0 0 0 0 

0
7 43
5 29
0 0 1 0 0 0 0 0 0 0 
0 0 0 0 1 0 0 0 0 0 
0 1 0 0 0 0 0 0 0 0 
1 0 0 0 0 0 0 0 0 0 
1 -2 0 1 1 -1 0 0 1 2*m1^2 
0 0 0 1 0 0 0 0 0 0 
-1 1 1 0 1 0 0 0 -1 0 
-1 0 1 0 0 0 0 1 0 -m1^2-t 
1 -1 0 0 1 0 1 -1 0 2*m1^2+t 

0
7 44
2 11
0 0 1 0 0 0 0 0 0 0 
0 0 0 0 1 0 0 0 0 -m1^2 
0 1 0 0 0 0 0 0 0 0 
1 0 0 0 0 0 0 0 0 0 
1 -2 0 1 1 -1 0 0 1 m1^2 
0 0 0 1 0 0 0 0 0 0 
-1 1 1 0 1 0 0 0 -1 -m1^2 
-1 0 1 0 0 0 0 1 0 -m1^2-t 
1 -1 0 0 1 0 1 -1 0 m1^2+t 

0
7 45
2 15
0 0 1 0 0 0 0 0 0 0 
0 0 0 0 1 0 0 0 0 -m1^2 
0 1 0 0 0 0 0 0 0 0 
1 0 0 0 0 0 0 0 0 0 
1 -2 0 1 1 -1 0 0 1 m1^2 
0 0 0 1 0 0 0 0 0 0 
-1 1 1 0 1 0 0 0 -1 -m1^2 
-1 0 1 0 0 0 0 1 0 -m1^2-t 
1 -1 0 0 1 0 1 -1 0 m1^2+t 

0
7 46
5 27
1 -1 -1 0 1 0 0 0 1 2*m1^2 
1 0 0 0 0 0 0 0 0 0 
0 1 0 0 0 0 0 0 0 0 
0 0 0 0 1 0 0 0 0 0 
0 0 0 0 0 1 0 0 0 0 
0 0 0 1 0 0 0 0 0 0 
2 0 -1 0 0 0 0 0 0 2*m1^2 
2 -2 -1 0 1 0 1 -1 1 3*m1^2 
0 0 0 0 0 0 0 1 0 0 

0
7 47
5 31
0 0 1 0 0 0 0 0 0 0 
0 0 0 0 1 0 0 0 0 0 
0 1 0 0 0 0 0 0 0 0 
1 0 0 0 0 0 0 0 0 0 
1 -2 0 1 1 -1 0 0 1 2*m1^2 
0 0 0 1 0 0 0 0 0 0 
-1 1 1 0 1 0 0 0 -1 0 
-1 0 1 0 0 0 0 1 0 -m1^2-t 
1 -1 0 0 1 0 1 -1 0 2*m1^2+t 

1
7 51
4 29
0 0 1 0 0 0 0 0 0 0 
0 0 0 1 0 0 0 0 0 0 
0 1 0 0 0 0 0 0 0 0 
0 1 0 0 0 0 0 0 0 0 
1 0 0 0 0 0 0 0 0 0 
0 0 0 0 1 0 0 0 0 0 
0 1 0 0 0 0 0 0 0 0 
0 1 0 0 0 0 0 0 0 0 
0 1 0 0 0 0 0 0 0 0 

0
7 53
0 27
1 0 0 0 0 0 0 0 0 0 
1 -2 0 1 1 -1 0 0 1 -m1^2 
0 0 0 1 0 0 0 0 0 0 
0 0 1 0 0 0 0 0 0 -m1^2 
0 0 0 0 1 0 0 0 0 0 
0 1 0 0 0 0 0 0 0 0 
2 -3 -1 1 1 -1 0 0 2 -s 
2 0 0 0 0 0 0 -1 0 0 
0 -1 0 1 1 -1 -1 1 1 s 

1
7 54
2 15
0 0 0 0 1 0 0 0 0 0 
1 0 0 0 0 0 0 0 0 0 
0 1 0 0 0 0 0 0 0 0 
0 0 0 0 1 0 0 0 0 0 
0 0 1 0 0 0 0 0 0 0 
0 0 0 1 0 0 0 0 0 0 
0 0 0 0 1 0 0 0 0 0 
0 0 0 0 1 0 0 0 0 0 
0 0 0 0 1 0 0 0 0 0 

1
7 55
4 61
0 0 0 0 1 0 0 0 0 0 
0 0 0 1 0 0 0 0 0 0 
0 0 0 0 0 1 0 0 0 0 
0 1 0 0 0 0 0 0 0 0 
1 0 0 0 0 0 0 0 0 0 
0 0 1 0 0 0 0 0 0 0 
0 1 0 0 0 0 0 0 0 0 
0 1 0 0 0 0 0 0 0 0 
0 1 0 0 0 0 0 0 0 0 

1
7 56
2 19
0 0 1 0 0 0 0 0 0 0 
0 0 1 0 0 0 0 0 0 0 
0 0 1 0 0 0 0 0 0 0 
1 0 0 0 0 0 0 0 0 0 
0 1 0 0 0 0 0 0 0 0 
0 0 0 0 1 0 0 0 0 0 
0 0 1 0 0 0 0 0 0 0 
0 0 1 0 0 0 0 0 0 0 
0 0 1 0 0 0 0 0 0 0 

1
7 57
2 23
0 0 1 0 0 0 0 0 0 0 
0 0 0 1 0 0 0 0 0 0 
0 0 0 1 0 0 0 0 0 0 
1 0 0 0 0 0 0 0 0 0 
0 1 0 0 0 0 0 0 0 0 
0 0 0 0 1 0 0 0 0 0 
0 0 0 1 0 0 0 0 0 0 
0 0 0 1 0 0 0 0 0 0 
0 0 0 1 0 0 0 0 0 0 

1
7 58
5 23
0 0 0 1 0 0 0 0 0 0 
1 0 0 0 0 0 0 0 0 0 
0 0 0 1 0 0 0 0 0 0 
0 0 0 0 1 0 0 0 0 0 
0 0 1 0 0 0 0 0 0 0 
0 1 0 0 0 0 0 0 0 0 
0 0 0 1 0 0 0 0 0 0 
0 0 0 1 0 0 0 0 0 0 
0 0 0 1 0 0 0 0 0 0 

1
7 59
7 31
0 0 0 0 1 0 0 0 0 0 
0 0 0 1 0 0 0 0 0 0 
0 0 0 0 0 1 0 0 0 0 
0 1 0 0 0 0 0 0 0 0 
1 0 0 0 0 0 0 0 0 0 
0 0 1 0 0 0 0 0 0 0 
0 0 0 0 0 1 0 0 0 0 
0 0 0 0 0 1 0 0 0 0 
0 0 0 0 0 1 0 0 0 0 

0
7 60
3 30
-1 1 1 0 1 0 0 0 -1 m1^2 
-1 0 1 0 0 1 0 0 0 -s-m1^2 
0 0 0 1 0 0 0 0 0 0 
0 0 0 0 1 0 0 0 0 0 
0 0 1 0 0 0 0 0 0 0 
0 1 0 0 0 0 0 0 0 0 
-2 0 2 0 0 1 0 0 0 -2*s 
-2 2 1 0 1 0 -1 1 -1 m1^2-2*t 
0 0 1 0 0 1 0 -1 0 2*t 

0
7 61
4 61
1 0 0 0 0 0 0 0 0 0 
0 1 0 0 0 0 0 0 0 -m1^2 
0 0 1 0 0 0 0 0 0 0 
0 0 0 1 0 0 0 0 0 0 
0 0 0 0 1 0 0 0 0 0 
0 0 0 0 0 1 0 0 0 0 
0 0 0 0 0 0 1 0 0 0 
0 0 0 0 0 0 0 1 0 0 
0 0 0 0 0 0 0 0 1 0 

1
7 62
5 31
0 0 0 0 0 1 0 0 0 0 
1 0 0 0 0 0 0 0 0 0 
0 0 0 1 0 0 0 0 0 0 
0 0 0 0 1 0 0 0 0 0 
0 0 1 0 0 0 0 0 0 0 
0 1 0 0 0 0 0 0 0 0 
0 0 0 0 0 1 0 0 0 0 
0 0 0 0 0 1 0 0 0 0 
0 0 0 0 0 1 0 0 0 0 

