C6[0, 0, 0, 1, 1, 1, 0, 0, 0]
C6[0, 0, 1, 1, 1, 0, 0, 0, 0]
C6[0, 1, 0, 1, 0, 1, 0, 0, 0]
C6[0, 1, 0, 1, 1, 1, -1, 0, 0]
C6[0, 1, 0, 1, 1, 1, 0, 0, -1]
C6[0, 1, 0, 1, 1, 1, 0, 0, 0]
C6[0, 1, 1, 1, 0, 0, 0, 0, 0]
C6[0, 1, 1, 1, 1, 0, -1, 0, 0]
C6[0, 1, 1, 1, 1, 0, 0, 0, -1]
C6[0, 1, 1, 1, 1, 0, 0, 0, 0]
C6[1, -1, 0, 1, 1, 1, 0, 0, 0]
C6[1, -1, 1, 1, 1, 0, 0, 0, 0]
C6[1, 0, -1, 1, 1, 1, 0, 0, 0]
C6[1, 0, 0, 0, 1, 1, 0, 0, 0]
C6[1, 0, 0, 1, 0, 1, 0, 0, 0]
C6[1, 0, 0, 1, 1, 0, 0, 0, 0]
C6[1, 0, 0, 1, 1, 1, -1, 0, 0]
C6[1, 0, 0, 1, 1, 1, 0, -1, 0]
C6[1, 0, 0, 1, 1, 1, 0, 0, -1]
C6[1, 0, 0, 1, 1, 1, 0, 0, 0]
C6[1, 0, 1, 0, 1, 0, 0, 0, 0]
C6[1, 0, 1, 1, 0, 0, 0, 0, 0]
C6[1, 0, 1, 1, 1, -1, 0, 0, 0]
C6[1, 0, 1, 1, 1, 0, -1, 0, 0]
C6[1, 0, 1, 1, 1, 0, 0, -1, 0]
C6[1, 0, 1, 1, 1, 0, 0, 0, -1]
C6[1, 0, 1, 1, 1, 0, 0, 0, 0]
C6[1, 1, -1, 1, 0, 1, 0, 0, 0]
C6[1, 1, -1, 1, 1, 1, -1, 0, 0]
C6[1, 1, -1, 1, 1, 1, 0, 0, -1]
C6[1, 1, -1, 1, 1, 1, 0, 0, 0]
C6[1, 1, 0, 0, 0, 1, 0, 0, 0]
C6[1, 1, 0, 0, 1, 1, -1, 0, 0]
C6[1, 1, 0, 0, 1, 1, 0, 0, -1]
C6[1, 1, 0, 0, 1, 1, 0, 0, 0]
C6[1, 1, 0, 1, -1, 1, 0, 0, 0]
C6[1, 1, 0, 1, 0, 0, 0, 0, 0]
C6[1, 1, 0, 1, 0, 1, -1, 0, 0]
C6[1, 1, 0, 1, 0, 1, 0, -1, 0]
C6[1, 1, 0, 1, 0, 1, 0, 0, -1]
C6[1, 1, 0, 1, 0, 1, 0, 0, 0]
C6[1, 1, 0, 1, 1, 0, 0, 0, -1]
C6[1, 1, 0, 1, 1, 0, 0, 0, 0]
C6[1, 1, 0, 1, 1, 1, -2, 0, 0]
C6[1, 1, 0, 1, 1, 1, -1, -1, 0]
C6[1, 1, 0, 1, 1, 1, -1, 0, -1]
C6[1, 1, 0, 1, 1, 1, -1, 0, 0]
C6[1, 1, 0, 1, 1, 1, 0, -1, -1]
C6[1, 1, 0, 1, 1, 1, 0, -1, 0]
C6[1, 1, 0, 1, 1, 1, 0, 0, -2]
C6[1, 1, 0, 1, 1, 1, 0, 0, -1]
C6[1, 1, 0, 1, 1, 1, 0, 0, 0]
C6[1, 1, 1, 0, 0, 0, 0, 0, 0]
C6[1, 1, 1, 0, 1, 0, -1, 0, 0]
C6[1, 1, 1, 0, 1, 0, 0, 0, -1]
C6[1, 1, 1, 0, 1, 0, 0, 0, 0]
C6[1, 1, 1, 1, 0, 0, -1, 0, 0]
C6[1, 1, 1, 1, 0, 0, 0, -1, 0]
C6[1, 1, 1, 1, 0, 0, 0, 0, -1]
C6[1, 1, 1, 1, 0, 0, 0, 0, 0]
C6[1, 1, 1, 1, 1, -1, -1, 0, 0]
C6[1, 1, 1, 1, 1, -1, 0, 0, -1]
C6[1, 1, 1, 1, 1, -1, 0, 0, 0]
C6[1, 1, 1, 1, 1, 0, -2, 0, 0]
C6[1, 1, 1, 1, 1, 0, -1, -1, 0]
C6[1, 1, 1, 1, 1, 0, -1, 0, -1]
C6[1, 1, 1, 1, 1, 0, -1, 0, 0]
C6[1, 1, 1, 1, 1, 0, 0, -1, -1]
C6[1, 1, 1, 1, 1, 0, 0, -1, 0]
C6[1, 1, 1, 1, 1, 0, 0, 0, -2]
C6[1, 1, 1, 1, 1, 0, 0, 0, -1]
C6[1, 1, 1, 1, 1, 0, 0, 0, 0]
C6[0, 0, 0, 1, 1, 1, 0, 0, 0]
C6[0, 0, 1, 1, 1, 0, 0, 0, 0]
C6[0, 1, 0, 1, 0, 1, 0, 0, 0]
C6[0, 1, 0, 1, 1, 1, -1, 0, 0]
C6[0, 1, 0, 1, 1, 1, 0, 0, -1]
C6[0, 1, 0, 1, 1, 1, 0, 0, 0]
C6[0, 1, 1, 1, 0, 0, 0, 0, 0]
C6[0, 1, 1, 1, 1, 0, -1, 0, 0]
C6[0, 1, 1, 1, 1, 0, 0, 0, -1]
C6[0, 1, 1, 1, 1, 0, 0, 0, 0]
C6[1, -1, 0, 1, 1, 1, 0, 0, 0]
C6[1, -1, 1, 1, 1, 0, 0, 0, 0]
C6[1, 0, -1, 1, 1, 1, 0, 0, 0]
C6[1, 0, 0, 0, 1, 1, 0, 0, 0]
C6[1, 0, 0, 1, 0, 1, 0, 0, 0]
C6[1, 0, 0, 1, 1, 0, 0, 0, 0]
C6[1, 0, 0, 1, 1, 1, -1, 0, 0]
C6[1, 0, 0, 1, 1, 1, 0, -1, 0]
C6[1, 0, 0, 1, 1, 1, 0, 0, -1]
C6[1, 0, 0, 1, 1, 1, 0, 0, 0]
C6[1, 0, 1, 0, 1, 0, 0, 0, 0]
C6[1, 0, 1, 1, 0, 0, 0, 0, 0]
C6[1, 0, 1, 1, 1, -1, 0, 0, 0]
C6[1, 0, 1, 1, 1, 0, -1, 0, 0]
C6[1, 0, 1, 1, 1, 0, 0, -1, 0]
C6[1, 0, 1, 1, 1, 0, 0, 0, -1]
C6[1, 0, 1, 1, 1, 0, 0, 0, 0]
C6[1, 1, -1, 1, 0, 1, 0, 0, 0]
C6[1, 1, -1, 1, 1, 1, -1, 0, 0]
C6[1, 1, -1, 1, 1, 1, 0, 0, -1]
C6[1, 1, -1, 1, 1, 1, 0, 0, 0]
C6[1, 1, 0, 0, 0, 1, 0, 0, 0]
C6[1, 1, 0, 0, 1, 1, -1, 0, 0]
C6[1, 1, 0, 0, 1, 1, 0, 0, -1]
C6[1, 1, 0, 0, 1, 1, 0, 0, 0]
C6[1, 1, 0, 1, -1, 1, 0, 0, 0]
C6[1, 1, 0, 1, 0, 0, 0, 0, 0]
C6[1, 1, 0, 1, 0, 1, -1, 0, 0]
C6[1, 1, 0, 1, 0, 1, 0, -1, 0]
C6[1, 1, 0, 1, 0, 1, 0, 0, -1]
C6[1, 1, 0, 1, 0, 1, 0, 0, 0]
C6[1, 1, 0, 1, 1, 0, 0, 0, -1]
C6[1, 1, 0, 1, 1, 0, 0, 0, 0]
C6[1, 1, 0, 1, 1, 1, -2, 0, 0]
C6[1, 1, 0, 1, 1, 1, -1, 0, -1]
C6[1, 1, 0, 1, 1, 1, -1, 0, 0]
C6[1, 1, 0, 1, 1, 1, 0, -1, 0]
C6[1, 1, 0, 1, 1, 1, 0, 0, -2]
C6[1, 1, 0, 1, 1, 1, 0, 0, -1]
C6[1, 1, 0, 1, 1, 1, 0, 0, 0]
C6[1, 1, 1, 0, 0, 0, 0, 0, 0]
C6[1, 1, 1, 0, 1, 0, -1, 0, 0]
C6[1, 1, 1, 0, 1, 0, 0, 0, -1]
C6[1, 1, 1, 0, 1, 0, 0, 0, 0]
C6[1, 1, 1, 1, 0, 0, -1, 0, 0]
C6[1, 1, 1, 1, 0, 0, 0, 0, -1]
C6[1, 1, 1, 1, 0, 0, 0, 0, 0]
C6[1, 1, 1, 1, 1, -1, -1, 0, 0]
C6[1, 1, 1, 1, 1, -1, 0, 0, -1]
C6[1, 1, 1, 1, 1, -1, 0, 0, 0]
C6[1, 1, 1, 1, 1, 0, -2, 0, 0]
C6[1, 1, 1, 1, 1, 0, -1, -1, 0]
C6[1, 1, 1, 1, 1, 0, -1, 0, -1]
C6[1, 1, 1, 1, 1, 0, -1, 0, 0]
C6[1, 1, 1, 1, 1, 0, 0, -1, -1]
C6[1, 1, 1, 1, 1, 0, 0, -1, 0]
C6[1, 1, 1, 1, 1, 0, 0, 0, -2]
C6[1, 1, 1, 1, 1, 0, 0, 0, -1]
C6[1, 1, 1, 1, 1, 0, 0, 0, 0]
C6[0, 1, 0, 0, 1, 1, 0, 0, 0]
C6[0, 1, 0, 1, 1, 0, 0, 0, 0]
C6[0, 1, 1, 0, 1, 0, 0, 0, 0]
C6[0, 1, 1, 1, 1, -1, 0, 0, 0]
C6[1, 1, -1, 0, 1, 1, 0, 0, 0]
C6[1, 1, -1, 1, 1, 0, 0, 0, 0]
C6[1, 1, 0, -1, 1, 1, 0, 0, 0]
C6[1, 1, 0, 0, 1, 0, 0, 0, 0]
C6[1, 1, 0, 0, 1, 1, 0, -1, 0]
C6[1, 1, 0, 1, 1, -1, 0, 0, 0]
C6[1, 1, 0, 1, 1, 0, -1, 0, 0]
C6[1, 1, 0, 1, 1, 0, 0, -1, 0]
C6[1, 1, 1, -1, 1, 0, 0, 0, 0]
C6[1, 1, 1, 0, 1, -1, 0, 0, 0]
C6[1, 1, 1, 0, 1, 0, 0, -1, 0]
C6[1, 1, 1, 1, 0, -1, 0, 0, 0]
C6[1, 1, 1, 1, 1, -2, 0, 0, 0]
C6[1, 1, 1, 1, 1, -1, 0, -1, 0]
C6[1, 1, 0, 1, 1, 1, -1, -1, 0]
C6[1, 1, 0, 1, 1, 1, 0, -1, -1]
C6[1, 1, 1, 1, 0, 0, 0, -1, 0]