C62[-1, 1, 0, 1, 1, 1, 0]
C62[-1, 1, 1, 0, 1, 1, 0]
C62[-1, 1, 1, 1, 0, 1, 0]
C62[-1, 1, 1, 1, 1, 0, 0]
C62[-1, 1, 1, 1, 1, 1, -1]
C62[-1, 1, 1, 1, 1, 1, 0]
C62[0, 0, 0, 1, 1, 1, 0]
C62[0, 0, 1, 0, 1, 1, 0]
C62[0, 0, 1, 1, 1, 0, 0]
C62[0, 0, 1, 1, 1, 1, -1]
C62[0, 0, 1, 1, 1, 1, 0]
C62[0, 1, -1, 1, 1, 1, 0]
C62[0, 1, 0, 0, 1, 1, 0]
C62[0, 1, 0, 1, 0, 1, 0]
C62[0, 1, 0, 1, 1, 0, 0]
C62[0, 1, 0, 1, 1, 1, -1]
C62[0, 1, 0, 1, 1, 1, 0]
C62[0, 1, 1, -1, 1, 1, 0]
C62[0, 1, 1, 0, 0, 1, 0]
C62[0, 1, 1, 0, 1, 0, 0]
C62[0, 1, 1, 0, 1, 1, -1]
C62[0, 1, 1, 0, 1, 1, 0]
C62[0, 1, 1, 1, 0, 0, 0]
C62[0, 1, 1, 1, 0, 1, -1]
C62[0, 1, 1, 1, 0, 1, 0]
C62[0, 1, 1, 1, 1, -1, 0]
C62[0, 1, 1, 1, 1, 0, -1]
C62[0, 1, 1, 1, 1, 0, 0]
C62[0, 1, 1, 1, 1, 1, -2]
C62[0, 1, 1, 1, 1, 1, -1]
C62[0, 1, 1, 1, 1, 1, 0]
C62[1, -1, 0, 1, 1, 1, 0]
C62[1, 0, -1, 1, 1, 1, 0]
C62[1, 0, 0, 0, 1, 1, 0]
C62[1, 0, 0, 1, 0, 1, 0]
C62[1, 0, 0, 1, 1, 0, 0]
C62[1, 0, 0, 1, 1, 1, -1]
C62[1, 0, 0, 1, 1, 1, 0]
C62[1, 1, -1, 0, 1, 1, 0]
C62[1, 1, -1, 1, 0, 1, 0]
C62[1, 1, -1, 1, 1, 1, -1]
C62[1, 1, -1, 1, 1, 1, 0]
C62[1, 1, 0, 0, 0, 1, 0]
C62[1, 1, 0, 0, 1, 1, -1]
C62[1, 1, 0, 0, 1, 1, 0]
C62[1, 1, 0, 1, -1, 1, 0]
C62[1, 1, 0, 1, 0, 0, 0]
C62[1, 1, 0, 1, 0, 1, -1]
C62[1, 1, 0, 1, 0, 1, 0]
C62[1, 1, 0, 1, 1, 0, -1]
C62[1, 1, 0, 1, 1, 0, 0]
C62[1, 1, 0, 1, 1, 1, -2]
C62[1, 1, 0, 1, 1, 1, -1]
C62[1, 1, 0, 1, 1, 1, 0]
C62[1, 1, -2, 1, 1, 1, 0]
C62[1, 1, -1, 1, 1, 0, 0]