D11[-1, 1, 1, 0, 1, 1, 0, 0, 0]
D11[0, 0, 1, 0, 1, 1, 0, 0, 0]
D11[0, 0, 1, 1, 1, 0, 0, 0, 0]
D11[0, 1, 0, 0, 1, 1, 0, 0, 0]
D11[0, 1, 0, 1, 1, 0, 0, 0, 0]
D11[0, 1, 1, -1, 1, 1, 0, 0, 0]
D11[0, 1, 1, 0, 0, 1, 0, 0, 0]
D11[0, 1, 1, 0, 1, 0, 0, 0, 0]
D11[0, 1, 1, 0, 1, 1, -1, 0, 0]
D11[0, 1, 1, 0, 1, 1, 0, -1, 0]
D11[0, 1, 1, 0, 1, 1, 0, 0, -1]
D11[0, 1, 1, 0, 1, 1, 0, 0, 0]
D11[0, 1, 1, 1, 0, 0, 0, 0, 0]
D11[0, 1, 1, 1, 1, -1, 0, 0, 0]
D11[0, 1, 1, 1, 1, 0, 0, 0, -1]
D11[0, 1, 1, 1, 1, 0, 0, 0, 0]
D11[1, -1, 1, 0, 1, 1, 0, 0, 0]
D11[1, -1, 1, 1, 1, 0, 0, 0, 0]
D11[1, 0, 0, 0, 1, 1, 0, 0, 0]
D11[1, 0, 0, 1, 1, 0, 0, 0, 0]
D11[1, 0, 1, -1, 1, 1, 0, 0, 0]
D11[1, 0, 1, 0, 0, 1, 0, 0, 0]
D11[1, 0, 1, 0, 1, 0, 0, 0, 0]
D11[1, 0, 1, 0, 1, 1, -1, 0, 0]
D11[1, 0, 1, 0, 1, 1, 0, -1, 0]
D11[1, 0, 1, 0, 1, 1, 0, 0, -1]
D11[1, 0, 1, 0, 1, 1, 0, 0, 0]
D11[1, 0, 1, 1, 0, 0, 0, 0, 0]
D11[1, 0, 1, 1, 1, -1, 0, 0, 0]
D11[1, 0, 1, 1, 1, 0, -1, 0, 0]
D11[1, 0, 1, 1, 1, 0, 0, -1, 0]
D11[1, 0, 1, 1, 1, 0, 0, 0, -1]
D11[1, 0, 1, 1, 1, 0, 0, 0, 0]
D11[1, 1, -1, 0, 1, 1, 0, 0, 0]
D11[1, 1, -1, 1, 1, 0, 0, 0, 0]
D11[1, 1, 0, -1, 1, 1, 0, 0, 0]
D11[1, 1, 0, 0, 0, 1, 0, 0, 0]
D11[1, 1, 0, 0, 1, 0, 0, 0, 0]
D11[1, 1, 0, 0, 1, 1, -1, 0, 0]
D11[1, 1, 0, 0, 1, 1, 0, -1, 0]
D11[1, 1, 0, 0, 1, 1, 0, 0, -1]
D11[1, 1, 0, 0, 1, 1, 0, 0, 0]
D11[1, 1, 0, 1, 0, 0, 0, 0, 0]
D11[1, 1, 0, 1, 1, -1, 0, 0, 0]
D11[1, 1, 0, 1, 1, 0, -1, 0, 0]
D11[1, 1, 0, 1, 1, 0, 0, -1, 0]
D11[1, 1, 0, 1, 1, 0, 0, 0, -1]
D11[1, 1, 0, 1, 1, 0, 0, 0, 0]
D11[1, 1, 1, -1, 0, 1, 0, 0, 0]
D11[1, 1, 1, -1, 1, 1, -1, 0, 0]
D11[1, 1, 1, -1, 1, 1, 0, 0, 0]
D11[1, 1, 1, 0, 0, 0, 0, 0, 0]
D11[1, 1, 1, 0, 0, 1, -1, 0, 0]
D11[1, 1, 1, 0, 0, 1, 0, -1, 0]
D11[1, 1, 1, 0, 0, 1, 0, 0, -1]
D11[1, 1, 1, 0, 0, 1, 0, 0, 0]
D11[1, 1, 1, 0, 1, 0, -1, 0, 0]
D11[1, 1, 1, 0, 1, 0, 0, -1, 0]
D11[1, 1, 1, 0, 1, 0, 0, 0, 0]
D11[1, 1, 1, 0, 1, 1, -2, 0, 0]
D11[1, 1, 1, 0, 1, 1, -1, -1, 0]
D11[1, 1, 1, 0, 1, 1, -1, 0, -1]
D11[1, 1, 1, 0, 1, 1, -1, 0, 0]
D11[1, 1, 1, 0, 1, 1, 0, -1, 0]
D11[1, 1, 1, 0, 1, 1, 0, 0, -1]
D11[1, 1, 1, 0, 1, 1, 0, 0, 0]
D11[1, 1, 1, 1, 0, -1, 0, 0, 0]
D11[1, 1, 1, 1, 0, 0, -1, 0, 0]
D11[1, 1, 1, 1, 0, 0, 0, -1, 0]
D11[1, 1, 1, 1, 0, 0, 0, 0, -1]
D11[1, 1, 1, 1, 0, 0, 0, 0, 0]
D11[1, 1, 1, 1, 1, -1, 0, 0, 0]
D11[1, 1, 1, 1, 1, 0, -1, 0, 0]
D11[1, 1, 1, 1, 1, 0, 0, -1, 0]
D11[1, 1, 1, 1, 1, 0, 0, 0, -1]
D11[1, 1, 1, 1, 1, 0, 0, 0, 0]