D7[-1, 1, 1, 0, 1, 1, 0, 0, 0]
D7[-1, 1, 1, 1, 1, 0, 0, 0, 0]
D7[0, 0, 1, 0, 1, 1, 0, 0, 0]
D7[0, 0, 1, 1, 1, 0, 0, 0, 0]
D7[0, 1, 0, 0, 1, 1, 0, 0, 0]
D7[0, 1, 0, 1, 1, 0, 0, 0, 0]
D7[0, 1, 1, -1, 1, 1, 0, 0, 0]
D7[0, 1, 1, 0, 0, 1, 0, 0, 0]
D7[0, 1, 1, 0, 1, 0, 0, 0, 0]
D7[0, 1, 1, 0, 1, 1, -1, 0, 0]
D7[0, 1, 1, 0, 1, 1, 0, -1, 0]
D7[0, 1, 1, 0, 1, 1, 0, 0, -1]
D7[0, 1, 1, 0, 1, 1, 0, 0, 0]
D7[0, 1, 1, 1, 0, 0, 0, 0, 0]
D7[0, 1, 1, 1, 1, -1, 0, 0, 0]
D7[0, 1, 1, 1, 1, 0, -1, 0, 0]
D7[0, 1, 1, 1, 1, 0, 0, -1, 0]
D7[0, 1, 1, 1, 1, 0, 0, 0, -1]
D7[0, 1, 1, 1, 1, 0, 0, 0, 0]
D7[1, -1, 1, 0, 1, 1, 0, 0, 0]
D7[1, -1, 1, 1, 1, 0, 0, 0, 0]
D7[1, 0, 0, 0, 1, 1, 0, 0, 0]
D7[1, 0, 0, 1, 1, 0, 0, 0, 0]
D7[1, 0, 1, -1, 1, 1, 0, 0, 0]
D7[1, 0, 1, 0, 0, 1, 0, 0, 0]
D7[1, 0, 1, 0, 1, 0, 0, 0, 0]
D7[1, 0, 1, 0, 1, 1, -1, 0, 0]
D7[1, 0, 1, 0, 1, 1, 0, -1, 0]
D7[1, 0, 1, 0, 1, 1, 0, 0, -1]
D7[1, 0, 1, 0, 1, 1, 0, 0, 0]
D7[1, 0, 1, 1, 0, 0, 0, 0, 0]
D7[1, 0, 1, 1, 1, -1, 0, 0, 0]
D7[1, 0, 1, 1, 1, 0, -1, 0, 0]
D7[1, 0, 1, 1, 1, 0, 0, -1, 0]
D7[1, 0, 1, 1, 1, 0, 0, 0, -1]
D7[1, 0, 1, 1, 1, 0, 0, 0, 0]
D7[1, 1, 0, -1, 1, 1, 0, 0, 0]
D7[1, 1, 0, 0, 0, 1, 0, 0, 0]
D7[1, 1, 0, 0, 1, 0, 0, 0, 0]
D7[1, 1, 0, 0, 1, 1, 0, 0, -1]
D7[1, 1, 0, 0, 1, 1, 0, 0, 0]
D7[1, 1, 0, 1, 0, 0, 0, 0, 0]
D7[1, 1, 0, 1, 1, -1, 0, 0, 0]
D7[1, 1, 0, 1, 1, 0, 0, 0, -1]
D7[1, 1, 0, 1, 1, 0, 0, 0, 0]
D7[1, 1, 1, -1, 0, 1, 0, 0, 0]
D7[1, 1, 1, -1, 1, 1, -1, 0, 0]
D7[1, 1, 1, -1, 1, 1, 0, -1, 0]
D7[1, 1, 1, -1, 1, 1, 0, 0, 0]
D7[1, 1, 1, 0, 0, 0, 0, 0, 0]
D7[1, 1, 1, 0, 0, 1, -1, 0, 0]
D7[1, 1, 1, 0, 0, 1, 0, -1, 0]
D7[1, 1, 1, 0, 0, 1, 0, 0, -1]
D7[1, 1, 1, 0, 0, 1, 0, 0, 0]
D7[1, 1, 1, 0, 1, 0, -1, 0, 0]
D7[1, 1, 1, 0, 1, 0, 0, -1, 0]
D7[1, 1, 1, 0, 1, 0, 0, 0, 0]
D7[1, 1, 1, 0, 1, 1, -1, 0, 0]
D7[1, 1, 1, 0, 1, 1, 0, -1, 0]
D7[1, 1, 1, 0, 1, 1, 0, 0, -1]
D7[1, 1, 1, 0, 1, 1, 0, 0, 0]
D7[1, 1, 1, 1, 0, -1, 0, 0, 0]
D7[1, 1, 1, 1, 0, 0, -1, 0, 0]
D7[1, 1, 1, 1, 0, 0, 0, -1, 0]
D7[1, 1, 1, 1, 0, 0, 0, 0, -1]
D7[1, 1, 1, 1, 0, 0, 0, 0, 0]
D7[1, 1, 1, 1, 1, -1, 0, 0, 0]
D7[1, 1, 1, 1, 1, 0, -1, 0, 0]
D7[1, 1, 1, 1, 1, 0, 0, -1, 0]
D7[1, 1, 1, 1, 1, 0, 0, 0, -1]
D7[1, 1, 1, 1, 1, 0, 0, 0, 0]
D7[0, 2, 0, -1, 1, 1, 0, 0, 0]
D7[0, 2, 0, 0, 1, 0, 0, 0, 0]
D7[0, 2, 0, 0, 1, 1, 0, 0, -1]
D7[0, 2, 0, 0, 1, 1, 0, 0, 0]
D7[0, 2, 0, 1, 1, -1, 0, 0, 0]
D7[0, 2, 0, 1, 1, 0, 0, 0, -1]
D7[0, 2, 0, 1, 1, 0, 0, 0, 0]
D7[1, 1, -1, 0, 1, 1, 0, 0, 0]
D7[1, 1, -1, 1, 1, 0, 0, 0, 0]
D7[1, 1, 0, 0, 1, 1, -1, 0, 0]
D7[1, 1, 0, 0, 1, 1, 0, -1, 0]
D7[1, 1, 0, 1, 1, 0, -1, 0, 0]
D7[1, 1, 0, 1, 1, 0, 0, -1, 0]
D7[1, 2, 0, -1, 0, 1, 0, 0, 0]
D7[1, 2, 0, -1, 1, 1, 0, 0, 0]
D7[1, 2, 0, 0, 0, 0, 0, 0, 0]
D7[1, 2, 0, 0, 0, 1, 0, 0, -1]
D7[1, 2, 0, 0, 0, 1, 0, 0, 0]
D7[1, 2, 0, 0, 1, 0, 0, 0, 0]
D7[1, 2, 0, 0, 1, 1, 0, 0, -1]
D7[1, 2, 0, 0, 1, 1, 0, 0, 0]
D7[1, 2, 0, 1, 0, -1, 0, 0, 0]
D7[1, 2, 0, 1, 0, 0, 0, 0, -1]
D7[1, 2, 0, 1, 0, 0, 0, 0, 0]
D7[1, 2, 0, 1, 1, -1, 0, 0, 0]
D7[1, 2, 0, 1, 1, 0, 0, 0, -1]
D7[1, 2, 0, 1, 1, 0, 0, 0, 0]