504 4258750065201778868 1 6
4 7 5 8 6 3 

500 3584395129971741946 1 6
4 8 6 7 5 2 

498 2012267907370529641 1 6
4 7 5 8 6 1 

497 6677228646249063837 1 6
4 8 6 7 5 0 

492 1897188725865431193 2 6
6 8 3 5 2 7 
8 6 3 5 2 7 

490 5646368208378475547 2 6
5 7 6 8 3 1 
5 7 8 6 3 1 

489 14194239431961732970 2 6
6 8 3 5 0 7 
8 6 3 5 0 7 

486 2844547611651134268 2 6
6 8 1 5 2 7 
8 6 1 5 2 7 

485 15606848378789195513 2 6
6 8 5 2 0 7 
8 6 5 2 0 7 

483 7753034809899492488 2 6
6 8 1 5 0 7 
8 6 1 5 0 7 

476 18402216261244578348 1 6
4 7 2 8 6 3 

474 11413632545044565859 1 6
4 7 8 6 3 1 

473 7418554731168838784 1 6
4 7 0 8 6 3 

470 4231770037160089377 1 6
4 7 2 8 6 1 

469 10233198092280716254 1 6
4 8 6 7 2 0 

467 7765955173856453416 1 6
4 7 0 8 6 1 

462 7925149890478851965 2 6
2 7 6 8 3 1 
2 7 8 6 3 1 

461 9027024231715235826 2 6
6 8 3 2 0 7 
8 6 3 2 0 7 

455 14908279699681846417 2 6
6 8 1 2 0 7 
8 6 1 2 0 7 

444 5362999940810187416 1 6
4 8 3 7 2 5 

442 16354168165895578211 1 6
4 7 5 8 1 3 

441 11724925412138370537 1 6
4 8 3 7 5 0 

438 734679806566866897 1 6
4 8 1 7 5 2 

437 10787150720222255700 1 6
4 8 7 5 2 0 

435 5578924131951923959 1 6
4 8 1 7 5 0 

430 14175101668480497915 1 6
5 2 7 3 1 8 

429 14062688607310927854 1 6
3 8 5 2 0 7 

427 6132524432141739005 1 6
5 0 7 3 1 8 

423 6136637560602678700 1 6
1 8 5 2 0 7 

414 12122994115238930268 1 6
4 7 2 8 3 1 

413 7305094209273197886 1 6
4 8 3 7 2 0 

411 8562508359537584371 1 6
4 7 0 8 3 1 

407 8940633153397761591 1 6
4 8 1 7 2 0 

399 12149055510563775035 1 6
2 0 7 3 1 8 

380 5295775839030650670 2 6
4 2 5 6 8 3 
4 2 5 8 6 3 

378 16621255950409430056 2 6
5 4 6 8 1 3 
5 4 8 6 1 3 

377 13455849951781753513 1 6
4 5 0 6 8 3 

374 2323719447617471604 2 6
4 5 2 6 8 1 
4 5 2 8 6 1 

373 9897992242681782078 1 6
4 6 8 5 2 0 

371 10212742312367212920 1 6
4 5 0 6 8 1 

366 203401168235327902 4 6
2 5 6 8 3 1 
2 5 8 6 3 1 
5 2 6 8 3 1 
5 2 8 6 3 1 

365 4026706888497902682 4 6
6 8 3 5 2 0 
6 8 3 2 5 0 
8 6 3 5 2 0 
8 6 3 2 5 0 

363 2567492445092170684 2 6
5 0 6 8 3 1 
5 0 8 6 3 1 

359 7689164880305085176 4 6
6 8 1 5 2 0 
6 8 1 2 5 0 
8 6 1 5 2 0 
8 6 1 2 5 0 

350 15602874929013157590 2 6
2 4 6 8 3 1 
2 4 8 6 3 1 

349 17144952669672465614 1 6
4 2 0 6 8 3 

347 15817336220133328141 1 6
4 0 6 8 3 1 

343 10195998334544638481 1 6
4 2 0 6 8 1 

335 2567492445092170684 2 6
2 0 6 8 3 1 
2 0 8 6 3 1 

318 17380392593574058468 1 6
4 5 2 3 1 8 

317 17313423972009224890 1 6
4 3 8 2 5 0 

315 9968031450755409595 1 6
4 5 0 1 3 8 

311 4078840211842464389 1 6
4 1 8 5 2 0 

303 1333467818389293341 2 6
2 5 0 3 1 8 
5 2 0 3 1 8 

287 5527962962725941607 1 6
4 2 0 3 1 8 

252 14491527111915240118 1 6
4 3 6 2 5 7 

250 15328803560588589242 1 6
4 5 7 1 3 6 

249 10428858332771260740 1 6
4 3 6 5 0 7 

246 4677412895321496519 1 6
4 1 6 5 2 7 

245 18225126093866207108 1 6
4 6 5 2 0 7 

243 11447358982726457020 1 6
4 1 6 5 0 7 

238 14175101668480497915 1 6
5 2 7 3 1 6 

237 14062688607310927854 1 6
3 6 5 2 0 7 

235 6132524432141739005 1 6
5 0 7 3 1 6 

231 6136637560602678700 1 6
1 6 5 2 0 7 

222 3619213005530928719 1 6
4 2 7 3 1 6 

221 14317922027034736090 1 6
4 3 6 2 0 7 

219 5783924378322371931 1 6
4 0 7 6 3 1 

215 17743012513545002642 1 6
4 1 6 2 0 7 

207 12149055510563775035 1 6
2 0 7 3 1 6 

190 18310587644691055288 1 6
4 3 1 5 2 7 

189 16604917486078416729 2 6
3 4 2 5 0 7 
4 3 2 5 0 7 

187 17649155400706524944 1 6
4 1 3 5 0 7 

183 15247394492797015300 2 6
1 4 5 2 0 7 
4 1 5 2 0 7 

175 889563999331603552 2 6
1 3 5 2 0 7 
3 1 5 2 0 7 

159 5136109023622703847 1 6
4 3 1 2 0 7 

126 17380392593574058468 1 6
4 5 2 3 1 6 

125 9843949300638633575 1 6
4 3 6 2 5 0 

123 7541160435428377503 1 6
4 5 0 1 3 6 

119 10480658474156420440 1 6
4 1 6 5 2 0 

111 1333467818389293341 2 6
2 5 0 3 1 6 
5 2 0 3 1 6 

95 12326955912807897827 1 6
4 2 0 3 1 6 

63 5985377336549351078 2 6
4 1 3 2 5 0 
4 3 1 5 2 0 

496 3613979513056275333 1 5
4 8 6 7 5 

488 6752434166880630837 2 5
5 7 6 8 3 
5 7 8 6 3 

484 6949378247666790460 2 5
6 8 5 2 7 
8 6 5 2 7 

482 11901136421454505606 2 5
5 7 6 8 1 
5 7 8 6 1 

481 12091780681055080408 2 5
6 8 5 0 7 
8 6 5 0 7 

472 2999219583425376518 1 5
4 7 8 6 3 

468 10415312585763498554 1 5
4 8 6 7 2 

466 16872601378198876334 1 5
4 7 8 6 1 

465 2552553552591044298 1 5
4 8 6 7 0 

460 11085548246346100361 2 5
2 7 6 8 3 
2 7 8 6 3 

454 6960064180919595897 2 5
2 7 6 8 1 
2 7 8 6 1 

453 10169117296424942188 2 5
6 8 2 0 7 
8 6 2 0 7 

440 16568464886468880224 1 5
4 8 3 7 5 

436 1026522635261848984 1 5
4 8 7 5 2 

434 1065462813615665885 1 5
4 8 1 7 5 

433 8177268801713806244 1 5
4 8 7 5 0 

428 10806606791840949285 1 5
3 8 5 2 7 

426 16442876372770679416 1 5
5 7 3 1 8 

425 685885286716743453 1 5
3 8 5 0 7 

422 17810459877822479195 1 5
1 8 5 2 7 

291 4588159413583185618 1 4
5 0 1 8 

34 16057663672689140328 1 2
5 1 

270 6703386584276212159 1 4
2 3 1 8 

13 108422713436611649 1 3
3 2 0 

263 4588159413583185618 1 4
2 0 1 8 

6 16057663672689140328 1 2
2 1 

120 11870785104650231792 1 4
5 4 3 6 

116 12181802938490461678 1 4
4 6 5 2 

114 5219636802098259656 1 4
5 4 1 6 

240 265821317991060869 1 4
4 6 5 7 

113 12796492012222642070 1 4
4 6 5 0 

370 1255896974742869208 2 5
5 4 6 8 1 
5 4 8 6 1 

108 10168283582272612260 2 4
2 5 3 6 
5 2 3 6 

106 6703386584276212159 1 4
5 3 1 6 

232 15063901067453897071 1 4
5 7 3 6 

105 14816885241224482319 1 4
5 0 3 6 

362 18233207030126078661 2 5
5 6 8 3 1 
5 8 6 3 1 

102 14074711550630585124 2 4
2 5 1 6 
5 2 1 6 

226 3029996095674828340 1 4
5 7 1 6 

99 4588159413583185618 1 4
5 0 1 6 

356 12515101411917882250 4 4
6 8 2 5 
6 8 5 2 
8 6 5 2 
8 6 2 5 

92 10219354351521654723 1 4
2 4 3 6 

90 8651693490710992105 1 4
4 3 1 6 

216 11123936169716122169 1 4
4 7 3 6 

89 521650032044127092 1 4
4 0 6 3 

346 3744939600689001159 2 5
4 6 8 3 1 
4 8 6 3 1 

86 6228849495594731314 1 4
2 4 1 6 

212 8986769374682080578 1 4
4 6 2 7 

85 11677579445056724794 1 4
4 6 2 0 

342 340704975741245788 2 5
2 4 6 8 1 
2 4 8 6 1 

210 3224462700283131276 1 4
4 7 1 6 

83 13839625068710105106 1 4
4 0 6 1 

340 17003168746745711569 2 4
2 4 6 8 
2 4 8 6 

78 6703386584276212159 1 4
2 3 1 6 

204 15364151431660090884 1 4
2 7 3 6 

77 14816885241224482319 1 4
2 0 3 6 

334 18233207030126078661 2 5
2 6 8 3 1 
2 8 6 3 1 

198 7358129015961979965 1 4
2 7 1 6 

71 4588159413583185618 1 4
2 0 1 6 

60 6498764216715763686 2 4
3 4 2 5 
4 3 2 5 

58 5404151796797491025 1 4
5 4 1 3 

184 15967028558043134457 2 4
3 4 5 7 
4 3 5 7 

57 15670133940343146296 2 4
3 4 5 0 
4 3 5 0 

314 11248823217797469262 1 5
5 4 1 3 8 

54 6498764216715763686 2 4
1 4 5 2 
4 1 5 2 

180 11554333843066581690 1 4
4 5 2 7 

53 9296089515728611949 2 4
4 2 5 0 
4 5 2 0 

310 6389112867332172931 1 5
4 5 2 1 8 

178 4238013296622897843 2 4
1 4 5 7 
4 1 5 7 

51 8023684374601098437 2 4
1 4 5 0 
4 1 5 0 

308 12181802938490461678 1 4
4 8 5 2 

46 15961377741676442153 4 4
2 5 3 1 
2 5 1 3 
5 2 3 1 
5 2 1 3 

172 11554333843066581690 1 4
3 5 2 7 

45 9296089515728611949 2 4
3 2 5 0 
3 5 2 0 

302 8859114561931071871 2 5
2 5 3 1 8 
5 2 3 1 8 

170 9589174647365646901 2 4
5 7 1 3 
5 7 3 1 

43 17540382598376591068 2 4
5 0 3 1 
5 0 1 3 

300 10168283582272612260 2 4
2 5 3 8 
5 2 3 8 

166 11554333843066581690 1 4
1 5 2 7 

39 9296089515728611949 2 4
1 2 5 0 
1 5 2 0 

296 12056927191973130570 1 3
5 3 8 

284 10219354351521654723 1 4
2 4 3 8 

27 10885408293368597281 2 4
4 0 3 1 
4 0 1 3 

30 5404151796797491025 1 4
2 4 3 1 

156 7819051046235346259 2 4
3 4 2 7 
4 3 2 7 

29 8023684374601098437 2 4
3 4 2 0 
4 3 2 0 

286 7218397784479090678 1 5
2 4 3 1 8 

281 6681661481881302487 1 4
4 0 3 8 

24 13811601009566447630 2 2
3 4 
4 3 

154 11085576491209452512 1 4
4 7 3 1 

56 14357543932795968282 2 3
5 4 3 
5 3 4 

313 5978154118073916460 1 5
4 5 0 3 8 

52 11732794835329956294 2 3
4 2 5 
4 5 2 

309 13157020787978373052 1 5
4 8 5 2 0 

44 11732794835329956294 2 3
3 2 5 
3 5 2 

301 13556113185057990621 2 5
3 8 5 2 0 
3 8 2 5 0 

38 11732794835329956294 2 3
1 2 5 
1 5 2 

295 17151479036031863320 2 5
1 8 2 5 0 
1 8 5 2 0 

282 8651693490710992105 1 4
4 3 1 8 

25 5929441778008549557 2 3
3 4 0 
4 3 0 

28 16756858199187979348 2 3
2 3 4 
2 4 3 

285 9845893003022499122 1 5
4 2 0 3 8 

153 8917144385363181632 2 4
3 4 0 7 
4 3 0 7 

410 15143926490237977867 1 5
4 7 8 3 1 

280 4094615562703574106 1 3
4 3 8 

23 15670133940343146296 2 4
1 4 2 0 
4 1 2 0 

26 17730842381964932344 2 3
4 3 1 
4 1 3 

283 8936333898289333161 1 5
4 0 3 1 8 

135 8882638344883972349 1 4
1 2 0 7 

262 4189010045326060690 1 3
2 1 8 

84 8314182141702135009 1 3
2 4 6 

341 6094343064678642512 1 5
4 6 8 2 0 

162 9092131938686820227 1 3
1 5 7 

419 4413420112328929363 1 5
1 8 5 0 7 

35 108422713436611649 1 3
1 5 0 

12 16057663672689140328 1 2
2 3 

269 14816885241224482319 1 4
2 0 3 8 

76 12056927191973130570 1 3
2 3 6 

333 14311218419766985377 2 5
2 0 6 8 3 
2 0 8 6 3 

18 13811601009566447630 2 2
1 4 
4 1 

275 1350421611143869986 1 4
4 0 1 8 

147 10163397271177605791 2 4
1 4 0 7 
4 1 0 7 

404 16207652048134524848 1 4
4 8 7 2 

274 17656326354493340191 1 3
4 1 8 

20 16057663672689140328 1 2
2 4 

277 3549739056365016550 1 4
4 8 2 0 

278 6228849495594731314 1 4
2 4 1 8 

21 108422713436611649 1 3
4 2 0 

152 13871357917731074364 2 3
3 4 7 
4 3 7 

409 1319048013207050420 1 5
4 8 3 7 0 

41 108422713436611649 1 3
3 5 0 

298 6703386584276212159 1 4
5 3 1 8 

168 9092131938686820227 1 3
3 5 7 

40 16057663672689140328 1 2
5 3 

297 14816885241224482319 1 4
5 0 3 8 

149 8882638344883972349 1 4
4 2 0 7 

406 15976503867894470959 1 5
4 8 1 7 2 

22 14357543932795968282 2 3
2 1 4 
2 4 1 

279 17461611699182742368 1 5
4 2 0 1 8 

276 8314182141702135009 1 3
2 4 8 

19 5929441778008549557 2 3
1 4 0 
4 1 0 

48 16057663672689140328 1 2
5 4 

305 6868419624985508517 1 4
4 8 5 0 

140 4869945010678904462 1 3
3 2 7 

397 372456697809923794 1 5
3 8 2 0 7 

209 17968063984761347139 1 4
4 6 0 7 

336 5697750978532764374 2 3
4 6 8 
4 8 6 

79 974643194870029275 1 5
2 0 3 1 6 

82 17656326354493340191 1 3
4 1 6 

339 16968199954848701536 1 5
4 0 6 8 1 

150 13431718538604769939 2 4
1 4 2 7 
4 1 2 7 

88 4094615562703574106 1 3
4 3 6 

345 1642373447637077153 1 5
4 0 6 8 3 

70 4189010045326060690 1 3
2 1 6 

327 17271942903054826368 2 5
2 0 6 8 1 
2 0 8 6 1 

324 5080913640879023083 2 3
2 6 8 
2 8 6 

104 12056927191973130570 1 3
5 3 6 

361 14311218419766985377 2 5
5 0 6 8 3 
5 0 8 6 3 

112 9246985618930380126 1 3
5 4 6 

369 3534708867440004357 1 5
4 6 8 5 0 

7 108422713436611649 1 3
1 2 0 

134 4869945010678904462 1 3
1 2 7 

391 11316192091397332459 1 5
1 8 2 0 7 

148 4869945010678904462 1 3
4 2 7 

405 465556553311721592 1 5
4 8 7 2 0 

49 108422713436611649 1 3
4 5 0 

306 5219636802098259656 1 4
5 4 1 8 

176 9092131938686820227 1 3
4 5 7 

81 5398266633630539269 2 3
4 0 6 
4 6 0 

338 4817687843505506170 2 4
4 6 8 1 
4 8 6 1 

208 14464322681345727777 2 3
4 6 7 
4 7 6 

141 8882638344883972349 1 4
3 2 0 7 

398 5947981082189278738 1 5
2 7 3 1 8 

14 5866017786500108610 2 3
2 1 3 
2 3 1 

271 974643194870029275 1 5
2 0 3 1 8 

268 12056927191973130570 1 3
2 3 8 

163 12815071327694841775 1 4
1 5 0 7 

290 4189010045326060690 1 3
5 1 8 

169 12815071327694841775 1 4
3 5 0 7 

42 5866017786500108610 2 3
5 3 1 
5 1 3 

299 974643194870029275 1 5
5 0 3 1 8 

177 12815071327694841775 1 4
4 5 0 7 

50 16756858199187979348 2 3
5 4 1 
5 1 4 

307 7157598293976860537 1 5
4 5 0 1 8 

304 9246985618930380126 1 3
5 4 8 

47 17647238528633140233 4 5
1 3 2 5 0 
1 3 5 2 0 
3 1 2 5 0 
3 1 5 2 0 

98 4189010045326060690 1 3
5 1 6 

355 17271942903054826368 2 5
5 0 6 8 1 
5 0 8 6 1 

352 5080913640879023083 2 3
5 6 8 
5 8 6 

146 8978346329307520752 2 3
1 4 7 
4 1 7 

403 8794501459020695475 1 5
4 8 1 7 0 

273 14464322681345727777 2 3
4 0 8 
4 8 0 

400 3047226301015124850 2 3
4 7 8 
4 8 7 

143 8478472948453651970 2 5
1 3 2 0 7 
3 1 2 0 7 

142 15301602792083417724 2 4
2 7 3 1 
2 7 1 3 

15 17540382598376591068 2 4
2 0 1 3 
2 0 3 1 

294 14074711550630585124 2 4
2 5 1 8 
5 2 1 8 

312 11870785104650231792 1 4
5 4 3 8 

55 5122297836802239478 2 5
1 4 5 2 0 
4 1 5 2 0 

325 4031891465063058232 2 4
6 8 2 0 
8 6 2 0 

326 4958041139356027288 2 4
2 6 8 1 
2 8 6 1 

332 2506291337039430504 2 4
2 6 8 3 
2 8 6 3 

337 14609479646097825927 1 4
4 0 6 8 

344 4781713142573338100 2 4
4 6 8 3 
4 8 6 3 

87 17378402078716293544 1 5
4 2 0 1 6 

353 4031891465063058232 2 4
6 8 5 0 
8 6 5 0 

354 4958041139356027288 2 4
5 6 8 1 
5 8 6 1 

360 2506291337039430504 2 4
5 6 8 3 
5 8 6 3 

103 17151479036031863320 2 5
1 6 2 5 0 
1 6 5 2 0 

368 15088478831565327740 2 4
5 4 6 8 
5 4 8 6 

390 7358129015961979965 1 4
2 7 1 8 

396 15364151431660090884 1 4
2 7 3 8 

401 10346926734345230251 1 4
4 8 7 0 

402 12458032513864554005 1 4
4 7 8 1 

408 1701068046674968568 1 4
4 7 8 3 

151 12866333188238372002 2 5
1 4 2 0 7 
4 1 2 0 7 

418 3029996095674828340 1 4
5 7 1 8 

424 15063901067453897071 1 4
5 7 3 8 

167 6465303512170262161 1 5
1 5 2 0 7 

432 9160322842534451932 1 4
4 8 7 5 

452 5618055198463322343 2 4
6 8 2 7 
8 6 2 7 

464 14639998256009746887 1 4
4 7 8 6 

480 9485601687842839468 2 4
6 8 5 7 
8 6 5 7 

31 14576552553268147720 1 5
4 2 0 3 1 

59 14576552553268147720 1 5
4 5 0 1 3 

316 15195307580571515148 1 5
4 2 5 3 8 

61 5122297836802239478 2 5
3 4 2 5 0 
4 3 2 5 0 

62 6135457588441439254 2 5
4 2 5 1 3 
4 5 2 3 1 

91 2794495381864532109 1 5
4 0 6 3 1 

348 15699377914996192609 2 5
2 4 6 8 3 
2 4 8 6 3 

93 18378633959246197656 1 5
4 2 0 3 6 

94 7218397784479090678 1 5
2 4 3 1 6 

107 974643194870029275 1 5
5 0 3 1 6 

364 8391600327587854737 4 5
2 5 6 8 3 
2 5 8 6 3 
5 2 6 8 3 
5 2 8 6 3 

109 13556113185057990621 2 5
3 6 5 2 0 
3 6 2 5 0 

110 8859114561931071871 2 5
2 5 3 1 6 
5 2 3 1 6 

115 3274111855165006701 1 5
4 5 0 1 6 

372 11132284831794828173 2 5
4 6 8 5 2 
4 8 6 5 2 

117 547898187996042712 1 5
4 6 5 2 0 

118 6389112867332172931 1 5
4 5 2 1 6 

121 8379131277682296392 1 5
4 5 0 3 6 

122 11248823217797469262 1 5
5 4 1 3 6 

124 15195307580571515148 1 5
4 2 5 3 6 

155 2035436199613637535 1 5
4 3 1 0 7 

412 14085334908144577408 1 5
4 8 3 7 2 

157 9823951954268725711 2 5
3 4 2 0 7 
4 3 2 0 7 

158 16880887430385048704 1 5
4 2 7 3 1 

171 6104955753575438406 2 5
1 3 5 0 7 
3 1 5 0 7 

173 6465303512170262161 1 5
3 5 2 0 7 

174 4093111347642285728 2 5
1 3 5 2 7 
3 1 5 2 7 

179 9163758758951818385 2 5
1 4 5 0 7 
4 1 5 0 7 

181 6465303512170262161 1 5
4 5 2 0 7 

182 10330867944780972339 2 5
1 4 5 2 7 
4 1 5 2 7 

185 8206872942381466328 2 5
3 4 5 0 7 
4 3 5 0 7 

186 7727742834588596639 1 5
4 5 7 1 3 

188 11025966008712749248 2 5
3 4 2 5 7 
4 3 2 5 7 

199 11316192091397332459 1 5
1 6 2 0 7 

205 372456697809923794 1 5
3 6 2 0 7 

206 5947981082189278738 1 5
2 7 3 1 6 

211 8789861638484118653 1 5
4 0 7 6 1 

213 7389252858087950534 1 5
4 6 2 0 7 

214 4107935723078936076 1 5
4 2 7 1 6 

217 15886354912872168312 1 5
4 0 7 6 3 

218 10055385496387133050 1 5
4 7 3 1 6 

220 2501301708998874145 1 5
4 2 7 3 6 

227 4413420112328929363 1 5
1 6 5 0 7 

230 17810459877822479195 1 5
1 6 5 2 7 

233 685885286716743453 1 5
3 6 5 0 7 

234 16442876372770679416 1 5
5 7 3 1 6 

236 10806606791840949285 1 5
3 6 5 2 7 

241 12598271075808549725 1 5
4 6 5 0 7 

242 14320803065057573694 1 5
4 5 7 1 6 

244 10551526873002739134 1 5
4 6 5 2 7 

248 139820199363960736 1 5
4 5 7 3 6 

357 8543488736576877915 4 5
6 8 5 2 0 
6 8 2 5 0 
8 6 5 2 0 
8 6 2 5 0 

358 1111947670252056596 4 5
2 5 6 8 1 
2 5 8 6 1 
5 2 6 8 1 
5 2 8 6 1 

376 10509706213040190483 2 5
5 4 6 8 3 
5 4 8 6 3 

