504 4862081730094587986 1 6
4 7 5 8 6 3 

500 17434084370106800340 1 6
4 8 6 7 5 2 

498 682838844192759775 1 6
4 7 5 8 6 1 

497 17322388646552411098 1 6
4 8 6 7 5 0 

492 9438592648375457713 2 6
7 5 2 6 8 3 
7 5 2 8 6 3 

490 10315415609041162840 2 6
5 7 6 8 3 1 
5 7 8 6 3 1 

489 746051821481451544 2 6
5 7 0 6 8 3 
5 7 0 8 6 3 

486 17157122990981967775 2 6
7 5 2 6 8 1 
7 5 2 8 6 1 

485 12679777818134672534 2 6
6 8 7 5 2 0 
8 6 7 5 2 0 

483 13267238232698737721 2 6
5 7 0 6 8 1 
5 7 0 8 6 1 

476 2276490670246926783 1 6
4 7 2 8 6 3 

474 11432783387399666779 1 6
4 7 8 6 3 1 

473 15367755741714028503 1 6
4 7 0 8 6 3 

470 374652566103575745 1 6
4 7 2 8 6 1 

469 16228777568212471620 1 6
4 8 6 7 2 0 

467 12747267662518824741 1 6
4 7 0 8 6 1 

462 10155923065844358840 2 6
2 7 6 8 3 1 
2 7 8 6 3 1 

461 17972376603622326104 2 6
2 7 0 6 8 3 
2 7 0 8 6 3 

455 6375166254150516731 2 6
2 7 0 6 8 1 
2 7 0 8 6 1 

444 7661484171707355778 1 6
4 8 3 7 5 2 

442 13185024201272229572 1 6
4 7 5 8 1 3 

441 9061633691937305753 1 6
4 8 3 7 5 0 

438 2561351097387507408 1 6
4 8 1 7 5 2 

437 1148298668525882966 1 6
4 8 7 5 2 0 

435 684230285309921674 1 6
4 8 1 7 5 0 

430 11980485951499889566 1 6
7 5 2 3 1 8 

429 9842273092756848069 1 6
3 8 7 5 2 0 

427 16534103896328489523 1 6
5 7 0 3 1 8 

423 3436512951769819587 1 6
1 8 7 5 2 0 

414 10956845741628437625 1 6
4 7 2 8 3 1 

413 13725914431749398541 1 6
4 8 3 7 2 0 

411 12450412554034118463 1 6
4 7 0 8 3 1 

407 10164462009516862762 1 6
4 8 1 7 2 0 

399 7136433825124504090 1 6
2 7 0 3 1 8 

380 2059770608811284294 2 6
4 2 5 6 8 3 
4 2 5 8 6 3 

378 16621255950409430056 2 6
4 5 6 8 1 3 
4 5 8 6 1 3 

377 16589797051799099940 1 6
4 5 0 6 8 3 

374 17401475937038795287 2 6
4 5 2 6 8 1 
4 5 2 8 6 1 

373 13191095432626101022 1 6
4 6 8 5 0 2 

371 16609247184893087658 1 6
4 5 0 6 8 1 

366 18369413414348580269 4 6
2 5 6 8 3 1 
2 5 8 6 3 1 
5 2 6 8 3 1 
5 2 8 6 3 1 

365 1924229909013089722 4 6
6 8 3 5 2 0 
6 8 3 2 5 0 
8 6 3 5 2 0 
8 6 3 2 5 0 

363 6929012822656559760 2 6
5 0 6 8 3 1 
5 0 8 6 3 1 

359 9452562511398192 4 6
6 8 1 5 2 0 
6 8 1 2 5 0 
8 6 1 5 2 0 
8 6 1 2 5 0 

350 15602874929013157590 2 6
4 2 6 8 3 1 
4 2 8 6 3 1 

349 10501885250371165792 1 6
4 2 0 6 8 3 

347 1306309341748696761 1 6
4 0 6 8 3 1 

343 4873550192407208488 1 6
4 2 0 6 8 1 

335 6929012822656559760 2 6
2 0 6 8 3 1 
2 0 8 6 3 1 

318 7640160387949945742 1 6
4 5 2 3 1 8 

317 15055295403104660233 1 6
4 3 8 2 5 0 

315 5767820481593239465 1 6
4 5 0 1 3 8 

311 987352220990086762 1 6
4 1 8 5 2 0 

303 10076486400261217817 2 6
3 1 8 5 2 0 
3 1 8 2 5 0 

287 10321232184999966135 1 6
4 2 0 3 1 8 

252 12497035685773922664 1 6
4 3 6 7 5 2 

250 14360727041200363764 1 6
4 5 7 1 3 6 

249 2992504726080803182 1 6
4 3 6 5 7 0 

246 16647226372496484641 1 6
4 1 6 7 5 2 

245 4666285976153479026 1 6
4 6 7 5 2 0 

243 11288834779587948437 1 6
4 1 6 5 7 0 

238 11980485951499889566 1 6
7 5 2 3 1 6 

237 9842273092756848069 1 6
3 6 7 5 2 0 

235 16534103896328489523 1 6
5 7 0 3 1 6 

231 3436512951769819587 1 6
1 6 7 5 2 0 

222 18189341405134168750 1 6
4 2 7 3 1 6 

221 10932941515270394951 1 6
4 3 6 2 7 0 

219 6780948569388325112 1 6
4 0 7 6 3 1 

215 17167621659025651761 1 6
4 1 6 2 7 0 

207 7136433825124504090 1 6
2 7 0 3 1 6 

190 9312004650693037930 1 6
4 3 1 7 5 2 

189 5592315779893794401 1 6
4 3 7 5 2 0 

187 17982245298186709753 1 6
4 1 3 5 7 0 

183 6078790405270882908 1 6
4 1 7 5 2 0 

175 17664653194261867545 2 6
1 3 7 5 2 0 
3 1 7 5 2 0 

159 1337462858160088376 1 6
4 3 1 2 7 0 

126 7640160387949945742 1 6
4 5 2 3 1 6 

125 752253285264294352 1 6
4 3 6 2 5 0 

123 16770624732171077870 1 6
4 5 0 1 3 6 

119 12806226116524392368 1 6
4 1 6 5 2 0 

111 10076486400261217817 2 6
3 1 6 5 2 0 
3 1 6 2 5 0 

95 10312541756165786756 1 6
4 2 0 3 1 6 

63 2482476332052040831 2 6
4 1 3 2 5 0 
4 3 1 5 2 0 

496 13502135885225873121 1 5
4 7 5 8 6 

488 3293785017497801461 2 5
5 7 6 8 3 
5 7 8 6 3 

484 16733104008355258214 2 5
6 8 7 5 2 
8 6 7 5 2 

482 15734540505249413105 2 5
5 7 6 8 1 
5 7 8 6 1 

481 1030987436300181088 2 5
6 8 5 7 0 
8 6 5 7 0 

472 12893509510359162191 1 5
4 7 8 6 3 

468 3644155690430758820 1 5
4 7 2 8 6 

466 16201025452365298441 1 5
4 7 8 6 1 

465 9718031617163024365 1 5
4 8 6 7 0 

460 9284330549129869187 2 5
2 7 6 8 3 
2 7 8 6 3 

454 4722398827107653466 2 5
2 7 6 8 1 
2 7 8 6 1 

453 14455658113156572106 2 5
6 8 2 7 0 
8 6 2 7 0 

440 14025891761970157684 1 5
4 7 5 8 3 

436 15856818051966500197 1 5
4 8 7 5 2 

434 4912308639802871010 1 5
4 7 5 8 1 

433 7994834251168189207 1 5
4 8 7 5 0 

428 16285465121334775147 1 5
3 8 7 5 2 

426 9447199698333012845 1 5
5 7 3 1 8 

425 7125042322473107247 1 5
3 8 5 7 0 

422 14088867416007872323 1 5
1 8 7 5 2 

291 9055639951542359904 2 4
1 8 5 0 
5 0 1 8 

34 13811601009566447630 2 2
1 5 
5 1 

270 8651693490710992105 1 4
2 3 1 8 

13 17656326354493340191 1 3
3 2 0 

263 9055639951542359904 2 4
1 8 2 0 
2 0 1 8 

6 13811601009566447630 2 2
1 2 
2 1 

120 11870785104650231792 1 4
4 5 3 6 

116 11767287886263778670 1 4
4 6 5 2 

114 5219636802098259656 1 4
4 5 1 6 

240 8334078286695474400 1 4
4 6 5 7 

113 14478303875819611138 1 4
4 6 5 0 

370 1255896974742869208 2 5
4 5 6 8 1 
4 5 8 6 1 

108 14989961688851329924 2 4
2 5 3 6 
5 2 3 6 

106 8651693490710992105 1 4
5 3 1 6 

232 9121462169269277177 1 4
5 7 3 6 

105 2473790504219001107 1 4
3 6 5 0 

362 3744939600689001159 2 5
5 6 8 3 1 
5 8 6 3 1 

102 12277498039208301906 2 4
2 5 1 6 
5 2 1 6 

226 14849615842610928728 1 4
5 7 1 6 

99 9055639951542359904 2 4
1 6 5 0 
5 0 1 6 

356 1979881353718354196 4 4
6 8 2 5 
6 8 5 2 
8 6 5 2 
8 6 2 5 

92 10219354351521654723 1 4
4 2 3 6 

90 6703386584276212159 1 4
4 3 1 6 

216 8221324061905687151 1 4
4 7 6 3 

89 9600061292420075181 1 4
4 0 6 3 

346 18233207030126078661 2 5
4 6 8 3 1 
4 8 6 3 1 

86 6228849495594731314 1 4
4 2 1 6 

212 12596281164696039041 1 4
4 6 2 7 

85 7508486149969826361 1 4
4 6 0 2 

342 340704975741245788 2 5
4 2 6 8 1 
4 2 8 6 1 

210 10124805055315489002 1 4
4 7 6 1 

83 7508486149969826361 1 4
4 0 6 1 

340 17003168746745711569 2 4
4 2 6 8 
4 2 8 6 

78 8651693490710992105 1 4
2 3 1 6 

204 13267318090830920661 1 4
2 7 3 6 

77 2473790504219001107 1 4
3 6 2 0 

334 3744939600689001159 2 5
2 6 8 3 1 
2 8 6 3 1 

198 17913916602896146708 1 4
2 7 1 6 

71 9055639951542359904 2 4
1 6 2 0 
2 0 1 6 

60 5404151796797491025 1 4
4 3 2 5 

58 5404151796797491025 1 4
4 5 1 3 

184 18427843174480217804 1 4
4 3 5 7 

57 6228849495594731314 1 4
4 3 5 0 

314 11248823217797469262 1 5
4 5 1 3 8 

54 5404151796797491025 1 4
4 1 5 2 

180 9318651135224286762 1 4
4 7 5 2 

53 5662215514483809182 2 4
4 2 5 0 
4 5 2 0 

310 1360594967506612217 1 5
4 1 8 5 2 

178 7020320882144419986 1 4
4 1 5 7 

51 16372774043690030421 1 4
4 1 5 0 

308 11767287886263778670 1 4
4 8 5 2 

46 12281880139029830183 8 4
1 3 2 5 
1 3 5 2 
2 5 3 1 
2 5 1 3 
3 1 2 5 
3 1 5 2 
5 2 3 1 
5 2 1 3 

172 6567771856465427245 1 4
3 7 5 2 

45 13372669069175376196 2 4
3 2 5 0 
3 5 2 0 

302 5800593551728207701 2 5
2 5 3 1 8 
5 2 3 1 8 

170 9683906525362351023 2 4
5 7 1 3 
5 7 3 1 

43 12277498039208301906 2 4
1 3 5 0 
3 1 5 0 

300 14989961688851329924 2 4
2 5 3 8 
5 2 3 8 

166 6567771856465427245 1 4
1 7 5 2 

39 13372669069175376196 2 4
1 2 5 0 
1 5 2 0 

296 4094615562703574106 1 3
5 3 8 

284 10219354351521654723 1 4
4 2 3 8 

27 10050894332829205571 2 4
4 0 3 1 
4 0 1 3 

30 5404151796797491025 1 4
4 2 3 1 

156 15191748795032337310 1 4
4 3 2 7 

29 16372774043690030421 1 4
4 3 2 0 

286 7218397784479090678 1 5
4 2 3 1 8 

281 7398271745209885409 1 4
4 0 3 8 

24 16057663672689140328 1 2
4 3 

154 17260672595529311661 1 4
4 7 3 1 

56 14357543932795968282 2 3
4 3 5 
4 5 3 

313 7449755695194600640 1 5
4 5 0 3 8 

52 5866017786500108610 2 3
4 2 5 
4 5 2 

309 12302335044069658906 1 5
4 8 5 2 0 

44 17730842381964932344 2 3
3 2 5 
3 5 2 

301 11780005379931982004 2 5
3 8 5 2 0 
3 8 2 5 0 

38 17730842381964932344 2 3
1 2 5 
1 5 2 

295 5182136171594412987 2 5
1 8 2 5 0 
1 8 5 2 0 

282 6703386584276212159 1 4
4 3 1 8 

25 8314182141702135009 1 3
4 3 0 

28 16756858199187979348 2 3
4 3 2 
4 2 3 

285 16577514399274510312 1 5
4 3 8 2 0 

153 16789418960742477221 1 4
4 3 0 7 

410 3085349092764534960 1 5
4 7 8 3 1 

280 12056927191973130570 1 3
4 3 8 

23 6228849495594731314 1 4
4 1 2 0 

26 5866017786500108610 2 3
4 3 1 
4 1 3 

283 4549398533419290876 1 5
4 0 3 1 8 

135 6515970191030473325 1 4
1 2 7 0 

262 17656326354493340191 1 3
2 1 8 

84 8314182141702135009 1 3
4 2 6 

341 2590777560552054358 1 5
4 6 8 0 2 

162 15718206860164820761 1 3
1 5 7 

419 15941266092005598144 1 5
1 8 5 7 0 

35 17656326354493340191 1 3
1 5 0 

12 13811601009566447630 2 2
2 3 
3 2 

269 2473790504219001107 1 4
3 8 2 0 

76 4094615562703574106 1 3
2 3 6 

333 1387119560075412335 2 5
2 0 6 8 3 
2 0 8 6 3 

18 16057663672689140328 1 2
4 1 

275 896286628700247726 1 4
4 0 1 8 

147 6502829551041250716 1 4
4 1 0 7 

404 3957731161069949526 1 4
4 8 7 2 

274 4189010045326060690 1 3
4 1 8 

20 16057663672689140328 1 2
4 2 

277 896286628700247726 1 4
4 8 2 0 

278 6228849495594731314 1 4
4 2 1 8 

21 4189010045326060690 1 3
4 2 0 

152 3185011667795496105 1 3
4 3 7 

409 8104711603185822120 1 5
4 8 3 7 0 

41 17656326354493340191 1 3
3 5 0 

298 8651693490710992105 1 4
5 3 1 8 

168 15718206860164820761 1 3
3 5 7 

40 13811601009566447630 2 2
3 5 
5 3 

297 2473790504219001107 1 4
3 8 5 0 

149 7423945699954551606 1 4
4 2 7 0 

406 5301127316850346800 1 5
4 7 2 8 1 

22 14357543932795968282 2 3
4 2 1 
4 1 2 

279 11678274972434846913 2 5
4 1 8 2 0 
4 2 0 1 8 

276 8314182141702135009 1 3
4 2 8 

19 8314182141702135009 1 3
4 1 0 

48 16057663672689140328 1 2
4 5 

305 4024578571985490282 1 4
4 8 5 0 

140 15584310345020351800 1 3
3 2 7 

397 123917000556923641 1 5
3 8 2 7 0 

209 4948116393017434839 1 4
4 6 0 7 

336 5080913640879023083 2 3
4 6 8 
4 8 6 

79 14279963505894464328 1 5
2 0 3 1 6 

82 4189010045326060690 1 3
4 1 6 

339 8287224375908171424 1 5
4 0 6 8 1 

150 5838420357030645869 1 4
4 1 2 7 

88 12056927191973130570 1 3
4 3 6 

345 17751232547418956747 1 5
4 0 6 8 3 

70 17656326354493340191 1 3
2 1 6 

327 2279483775380471400 2 5
2 0 6 8 1 
2 0 8 6 1 

324 5697750978532764374 2 3
2 6 8 
2 8 6 

104 4094615562703574106 1 3
5 3 6 

361 1387119560075412335 2 5
5 0 6 8 3 
5 0 8 6 3 

112 9246985618930380126 1 3
4 5 6 

369 14174452771968997432 1 5
4 6 8 5 0 

7 17656326354493340191 1 3
1 2 0 

134 15584310345020351800 1 3
1 2 7 

391 8751580297422349944 1 5
1 8 2 7 0 

148 4283849178482031694 1 3
4 2 7 

405 837619802592562538 1 5
4 8 7 2 0 

49 4189010045326060690 1 3
4 5 0 

306 5219636802098259656 1 4
4 5 1 8 

176 6934375435065871965 1 3
4 5 7 

81 5524994537437787385 2 3
4 0 6 
4 6 0 

338 4958041139356027288 2 4
4 6 8 1 
4 8 6 1 

208 17615132805313434940 2 3
4 6 7 
4 7 6 

141 6515970191030473325 1 4
3 2 7 0 

398 505118274365804172 1 5
2 7 3 1 8 

14 17730842381964932344 2 3
2 1 3 
2 3 1 

271 14279963505894464328 1 5
2 0 3 1 8 

268 4094615562703574106 1 3
2 3 8 

163 14358909564894126871 1 4
1 5 7 0 

290 17656326354493340191 1 3
5 1 8 

169 14358909564894126871 1 4
3 5 7 0 

42 17730842381964932344 2 3
5 3 1 
5 1 3 

299 14279963505894464328 1 5
5 0 3 1 8 

177 6811210585565626707 1 4
4 5 7 0 

50 16756858199187979348 2 3
4 1 5 
4 5 1 

307 16168775875797781432 1 5
4 5 0 1 8 

304 9246985618930380126 1 3
4 5 8 

47 12596984167927973042 4 5
1 3 2 5 0 
1 3 5 2 0 
3 1 2 5 0 
3 1 5 2 0 

98 17656326354493340191 1 3
5 1 6 

355 2279483775380471400 2 5
5 0 6 8 1 
5 0 8 6 1 

352 5697750978532764374 2 3
5 6 8 
5 8 6 

146 14257338419100160284 1 3
4 1 7 

403 16242800061439492584 1 5
4 8 1 7 0 

273 17615132805313434940 2 3
4 0 8 
4 8 0 

400 11556023105687141039 2 3
4 7 8 
4 8 7 

143 9292644455235918826 2 5
1 3 2 7 0 
3 1 2 7 0 

142 17366999214137569631 2 4
2 7 3 1 
2 7 1 3 

15 12277498039208301906 2 4
1 3 2 0 
3 1 2 0 

294 12277498039208301906 2 4
2 5 1 8 
5 2 1 8 

312 11870785104650231792 1 4
4 5 3 8 

55 14129727173564219991 1 5
4 1 5 2 0 

325 17520452208558333313 2 4
6 8 2 0 
8 6 2 0 

326 4817687843505506170 2 4
2 6 8 1 
2 8 6 1 

332 4781713142573338100 2 4
2 6 8 3 
2 8 6 3 

337 14615264421845792724 1 4
4 0 6 8 

344 2506291337039430504 2 4
4 6 8 3 
4 8 6 3 

87 8372376930499065599 2 5
4 1 6 2 0 
4 2 0 1 6 

353 17520452208558333313 2 4
6 8 5 0 
8 6 5 0 

354 4817687843505506170 2 4
5 6 8 1 
5 8 6 1 

360 4781713142573338100 2 4
5 6 8 3 
5 8 6 3 

103 5182136171594412987 2 5
1 6 2 5 0 
1 6 5 2 0 

368 15088478831565327740 2 4
4 5 6 8 
4 5 8 6 

390 17913916602896146708 1 4
2 7 1 8 

396 13267318090830920661 1 4
2 7 3 8 

401 13741320112478598839 1 4
4 8 7 0 

402 11220666202066330380 1 4
4 7 8 1 

408 7398878361556178874 1 4
4 7 8 3 

151 17201087841759545027 1 5
4 1 2 7 0 

418 14849615842610928728 1 4
5 7 1 8 

424 9121462169269277177 1 4
5 7 3 8 

167 4408292084072115985 1 5
1 7 5 2 0 

432 2201755111452910593 1 4
4 8 7 5 

452 3001815475018223922 2 4
2 7 6 8 
2 7 8 6 

464 3790604768621978885 1 4
4 7 8 6 

480 12099417338926070879 2 4
5 7 6 8 
5 7 8 6 

31 1804643565945269363 1 5
4 2 0 3 1 

59 1804643565945269363 1 5
4 5 0 1 3 

316 8763194006948894194 1 5
4 3 8 2 5 

61 14129727173564219991 1 5
4 3 2 5 0 

62 2632691663906771051 4 5
4 2 5 1 3 
4 3 1 5 2 
4 1 3 2 5 
4 5 2 3 1 

91 17302164926095429737 1 5
4 0 6 3 1 

348 15699377914996192609 2 5
4 2 6 8 3 
4 2 8 6 3 

93 7300820447629883346 1 5
4 3 6 2 0 

94 7218397784479090678 1 5
4 2 3 1 6 

107 14279963505894464328 1 5
5 0 3 1 6 

364 15922704120777702181 4 5
2 5 6 8 3 
2 5 8 6 3 
5 2 6 8 3 
5 2 8 6 3 

109 11780005379931982004 2 5
3 6 5 2 0 
3 6 2 5 0 

110 5800593551728207701 2 5
2 5 3 1 6 
5 2 3 1 6 

115 17504001681863289399 1 5
4 5 0 1 6 

372 10955486775679109287 2 5
4 6 8 5 2 
4 8 6 5 2 

117 17280057838608569080 1 5
4 6 5 0 2 

118 1360594967506612217 1 5
4 1 6 5 2 

121 4947809765901637965 1 5
4 5 0 3 6 

122 11248823217797469262 1 5
4 5 1 3 6 

124 8763194006948894194 1 5
4 3 6 2 5 

155 8957478872992324117 1 5
4 0 7 3 1 

412 16082712194675306258 1 5
4 7 2 8 3 

157 7593415927819235337 1 5
4 3 2 7 0 

158 13249436438984377590 1 5
4 2 7 3 1 

171 3752371979798594329 2 5
1 3 5 7 0 
3 1 5 7 0 

173 4408292084072115985 1 5
3 7 5 2 0 

174 12006704093242961217 2 5
1 3 7 5 2 
3 1 7 5 2 

179 1765377452187952375 1 5
4 1 5 7 0 

181 15552708135040699316 1 5
4 7 5 2 0 

182 7705784370215253195 1 5
4 1 7 5 2 

185 9820842053207986522 1 5
4 3 5 7 0 

186 2905794636354749400 1 5
4 5 7 1 3 

188 3563730091103562129 1 5
4 3 7 5 2 

199 8751580297422349944 1 5
1 6 2 7 0 

205 123917000556923641 1 5
3 6 2 7 0 

206 505118274365804172 1 5
2 7 3 1 6 

211 2482167588604893102 1 5
4 0 7 6 1 

213 14342591116455767262 1 5
4 6 2 7 0 

214 5242198008302335462 1 5
4 2 7 1 6 

217 5721746251323753604 1 5
4 0 7 6 3 

218 2930055958698241153 1 5
4 7 6 3 1 

220 9835837602658519574 1 5
4 2 7 3 6 

227 15941266092005598144 1 5
1 6 5 7 0 

230 14088867416007872323 1 5
1 6 7 5 2 

233 7125042322473107247 1 5
3 6 5 7 0 

234 9447199698333012845 1 5
5 7 3 1 6 

236 16285465121334775147 1 5
3 6 7 5 2 

241 708497866278528034 1 5
4 6 5 7 0 

242 4239829349485327797 1 5
4 5 7 1 6 

244 10686796886537526841 1 5
4 6 7 5 2 

248 6747824602586773251 1 5
4 5 7 3 6 

357 10432999598382821541 4 5
6 8 5 2 0 
6 8 2 5 0 
8 6 5 2 0 
8 6 2 5 0 

358 9400113833533857672 4 5
2 5 6 8 1 
2 5 8 6 1 
5 2 6 8 1 
5 2 8 6 1 

376 10509706213040190483 2 5
4 5 6 8 3 
4 5 8 6 3 

