0
13 2
3 1
2 -1 0 0 2*m2^2 
1 0 0 0 0 
1 -1 1 0 s+m2^2-m1^2 
1 0 1 -1 m2^2+t 

0
13 3
3 3
0 1 0 0 0 
1 0 0 0 0 
1 1 -1 0 s+m2^2-m1^2 
1 0 -1 1 m2^2-t 

0
13 4
2 1
2 0 -1 0 2*m1^2 
1 1 -1 0 s-m2^2+m1^2 
1 0 0 0 0 
1 1 0 -1 m1^2+t 

1
13 5
2 3
0 1 0 0 0 
0 0 1 0 0 
1 0 0 0 0 
0 0 1 0 0 

0
13 6
11 6
1 0 0 0 0 
0 1 0 0 0 
0 0 1 0 0 
0 1 1 -1 -s+m2^2+m1^2 

0
13 7
11 7
1 0 0 0 0 
0 1 0 0 0 
0 0 1 0 0 
0 1 1 -1 -s+m2^2+m1^2 

0
13 9
1 9
1 0 0 0 0 
0 1 0 0 -m2^2 
0 0 1 0 -m1^2 
0 0 0 1 0 

1
13 10
3 3
0 0 1 0 0 
1 0 0 0 0 
0 0 1 0 0 
0 1 0 0 0 

1
13 12
2 3
0 0 1 0 0 
0 0 1 0 0 
1 0 0 0 0 
0 1 0 0 0 

0
13 13
6 13
1 0 0 0 0 
0 1 0 0 -m2^2 
0 0 1 0 0 
0 0 0 1 0 

1
13 14
11 7
0 0 0 1 0 
0 1 0 0 0 
0 0 1 0 0 
1 0 0 0 0 

