0
11 1
1 4
0 0 1 0 0 
-1 1 1 0 -s+m1^2 
-1 0 2 0 2*m1^2 
-1 0 1 1 m1^2+t 

1
11 3
1 5
0 0 1 0 0 
1 0 0 0 0 
0 1 0 0 0 
0 1 0 0 0 

0
11 5
1 5
0 0 1 0 0 
1 -1 1 0 s+m1^2 
1 0 0 0 0 
1 0 1 -1 m1^2+t 

0
11 6
0 6
1 0 0 0 -m1^2 
0 1 0 0 0 
0 0 1 0 0 
0 0 0 1 0 

1
11 7
10 14
0 0 0 1 0 
0 0 1 0 0 
0 1 0 0 0 
1 0 0 0 0 

0
11 9
10 9
0 0 0 1 0 
1 -1 0 1 m1^2-t 
1 0 -1 1 m1^2-t 
1 0 0 0 0 

1
11 11
10 11
0 0 0 1 0 
0 1 0 0 0 
0 0 1 0 0 
1 0 0 0 0 

1
11 13
10 11
0 0 0 1 0 
0 0 1 0 0 
0 1 0 0 0 
1 0 0 0 0 

1
11 14
0 7
0 0 0 1 0 
0 1 0 0 0 
0 0 1 0 0 
1 0 0 0 0 

1
11 15
10 15
0 0 0 1 0 
0 1 0 0 0 
0 0 1 0 0 
1 0 0 0 0 

