C51[-2, 1, 1, 1, 1, 1, 0]
C51[-1, 0, 1, 1, 1, 1, 0]
C51[-1, 1, 0, 1, 1, 1, 0]
C51[-1, 1, 1, 0, 1, 1, 0]
C51[-1, 1, 1, 1, 0, 1, 0]
C51[-1, 1, 1, 1, 1, 0, 0]
C51[-1, 1, 1, 1, 1, 1, -1]
C51[-1, 1, 1, 1, 1, 1, 0]
C51[0, 0, 0, 1, 1, 1, 0]
C51[0, 0, 1, 0, 1, 1, 0]
C51[0, 0, 1, 1, 1, 0, 0]
C51[0, 0, 1, 1, 1, 1, -1]
C51[0, 0, 1, 1, 1, 1, 0]
C51[0, 1, -1, 1, 1, 1, 0]
C51[0, 1, 0, 0, 1, 1, 0]
C51[0, 1, 0, 1, 0, 1, 0]
C51[0, 1, 0, 1, 1, 0, 0]
C51[0, 1, 0, 1, 1, 1, -1]
C51[0, 1, 0, 1, 1, 1, 0]
C51[0, 1, 1, -1, 1, 1, 0]
C51[0, 1, 1, 0, 0, 1, 0]
C51[0, 1, 1, 0, 1, 0, 0]
C51[0, 1, 1, 0, 1, 1, -1]
C51[0, 1, 1, 0, 1, 1, 0]
C51[0, 1, 1, 1, 0, 0, 0]
C51[0, 1, 1, 1, 0, 1, -1]
C51[0, 1, 1, 1, 0, 1, 0]
C51[0, 1, 1, 1, 1, -1, 0]
C51[0, 1, 1, 1, 1, 0, -1]
C51[0, 1, 1, 1, 1, 0, 0]
C51[0, 1, 1, 1, 1, 1, -2]
C51[0, 1, 1, 1, 1, 1, -1]
C51[0, 1, 1, 1, 1, 1, 0]
C51[1, -1, 0, 1, 1, 1, 0]
C51[1, 0, -1, 1, 1, 1, 0]
C51[1, 0, 0, 0, 1, 1, 0]
C51[1, 0, 0, 1, 0, 1, 0]
C51[1, 0, 0, 1, 1, 0, 0]
C51[1, 0, 0, 1, 1, 1, -1]
C51[1, 0, 0, 1, 1, 1, 0]
C51[1, 1, -1, 0, 1, 1, 0]
C51[1, 1, -1, 1, 0, 1, 0]
C51[1, 1, -1, 1, 1, 1, -1]
C51[1, 1, -1, 1, 1, 1, 0]
C51[1, 1, 0, 0, 0, 1, 0]
C51[1, 1, 0, 0, 1, 1, -1]
C51[1, 1, 0, 0, 1, 1, 0]
C51[1, 1, 0, 1, -1, 1, 0]
C51[1, 1, 0, 1, 0, 0, 0]
C51[1, 1, 0, 1, 0, 1, -1]
C51[1, 1, 0, 1, 0, 1, 0]
C51[1, 1, 0, 1, 1, 0, -1]
C51[1, 1, 0, 1, 1, 0, 0]
C51[1, 1, 0, 1, 1, 1, -2]
C51[1, 1, 0, 1, 1, 1, -1]
C51[1, 1, 0, 1, 1, 1, 0]
C51[-2, 1, 1, 1, 1, 1, 0]
C51[-1, 0, 1, 1, 1, 1, 0]
C51[-1, 1, 0, 1, 1, 1, 0]
C51[-1, 1, 1, 0, 1, 1, 0]
C51[-1, 1, 1, 1, 0, 1, 0]
C51[-1, 1, 1, 1, 1, 0, 0]
C51[-1, 1, 1, 1, 1, 1, -1]
C51[-1, 1, 1, 1, 1, 1, 0]
C51[0, 0, 0, 1, 1, 1, 0]
C51[0, 0, 1, 0, 1, 1, 0]
C51[0, 0, 1, 1, 1, 0, 0]
C51[0, 0, 1, 1, 1, 1, -1]
C51[0, 0, 1, 1, 1, 1, 0]
C51[0, 1, -1, 1, 1, 1, 0]
C51[0, 1, 0, 0, 1, 1, 0]
C51[0, 1, 0, 1, 0, 1, 0]
C51[0, 1, 0, 1, 1, 0, 0]
C51[0, 1, 0, 1, 1, 1, -1]
C51[0, 1, 0, 1, 1, 1, 0]
C51[0, 1, 1, -1, 1, 1, 0]
C51[0, 1, 1, 0, 0, 1, 0]
C51[0, 1, 1, 0, 1, 0, 0]
C51[0, 1, 1, 0, 1, 1, -1]
C51[0, 1, 1, 0, 1, 1, 0]
C51[0, 1, 1, 1, 0, 0, 0]
C51[0, 1, 1, 1, 0, 1, -1]
C51[0, 1, 1, 1, 0, 1, 0]
C51[0, 1, 1, 1, 1, -1, 0]
C51[0, 1, 1, 1, 1, 0, -1]
C51[0, 1, 1, 1, 1, 0, 0]
C51[0, 1, 1, 1, 1, 1, -2]
C51[0, 1, 1, 1, 1, 1, -1]
C51[0, 1, 1, 1, 1, 1, 0]
C51[1, -1, 0, 1, 1, 1, 0]
C51[1, 0, -1, 1, 1, 1, 0]
C51[1, 0, 0, 0, 1, 1, 0]
C51[1, 0, 0, 1, 0, 1, 0]
C51[1, 0, 0, 1, 1, 0, 0]
C51[1, 0, 0, 1, 1, 1, -1]
C51[1, 0, 0, 1, 1, 1, 0]
C51[1, 1, -1, 0, 1, 1, 0]
C51[1, 1, -1, 1, 0, 1, 0]
C51[1, 1, -1, 1, 1, 1, -1]
C51[1, 1, -1, 1, 1, 1, 0]
C51[1, 1, 0, 0, 0, 1, 0]
C51[1, 1, 0, 0, 1, 1, -1]
C51[1, 1, 0, 0, 1, 1, 0]
C51[1, 1, 0, 1, -1, 1, 0]
C51[1, 1, 0, 1, 0, 0, 0]
C51[1, 1, 0, 1, 0, 1, -1]
C51[1, 1, 0, 1, 0, 1, 0]
C51[1, 1, 0, 1, 1, 0, -1]
C51[1, 1, 0, 1, 1, 0, 0]
C51[1, 1, 0, 1, 1, 1, -2]
C51[1, 1, 0, 1, 1, 1, -1]
C51[1, 1, 0, 1, 1, 1, 0]
C51[1, 1, -2, 1, 1, 1, 0]
C51[1, 1, -1, 1, 1, 0, 0]