B41[0, -1, 1, 1, 1, 1, 0, 0, 0]
B41[0, 0, 1, 0, 1, 1, 0, 0, 0]
B41[0, 0, 1, 1, 1, 1, -1, 0, 0]
B41[0, 0, 1, 1, 1, 1, 0, 0, 0]
B41[0, 1, 1, 0, 1, 1, -1, 0, 0]
B41[0, 1, 1, 0, 1, 1, 0, 0, 0]
B41[1, -2, 1, 1, 1, 1, 0, 0, 0]
B41[1, -1, 0, 1, 1, 1, 0, 0, 0]
B41[1, -1, 1, 0, 1, 1, 0, 0, 0]
B41[1, -1, 1, 1, 0, 1, 0, 0, 0]
B41[1, -1, 1, 1, 1, 0, 0, 0, 0]
B41[1, -1, 1, 1, 1, 1, -1, 0, 0]
B41[1, -1, 1, 1, 1, 1, 0, -1, 0]
B41[1, -1, 1, 1, 1, 1, 0, 0, -1]
B41[1, -1, 1, 1, 1, 1, 0, 0, 0]
B41[1, 0, 0, 0, 1, 1, 0, 0, 0]
B41[1, 0, 0, 1, 1, 1, -1, 0, 0]
B41[1, 0, 0, 1, 1, 1, 0, 0, 0]
B41[1, 0, 1, -1, 1, 1, 0, 0, 0]
B41[1, 0, 1, 0, 0, 1, 0, 0, 0]
B41[1, 0, 1, 0, 1, 0, 0, 0, 0]
B41[1, 0, 1, 0, 1, 1, -1, 0, 0]
B41[1, 0, 1, 0, 1, 1, 0, -1, 0]
B41[1, 0, 1, 0, 1, 1, 0, 0, -1]
B41[1, 0, 1, 0, 1, 1, 0, 0, 0]
B41[1, 0, 1, 1, 0, 1, -1, 0, 0]
B41[1, 0, 1, 1, 0, 1, 0, 0, -1]
B41[1, 0, 1, 1, 0, 1, 0, 0, 0]
B41[1, 0, 1, 1, 1, 0, -1, 0, 0]
B41[1, 0, 1, 1, 1, 0, 0, 0, 0]
B41[1, 0, 1, 1, 1, 1, -2, 0, 0]
B41[1, 0, 1, 1, 1, 1, -1, -1, 0]
B41[1, 0, 1, 1, 1, 1, -1, 0, -1]
B41[1, 0, 1, 1, 1, 1, -1, 0, 0]
B41[1, 0, 1, 1, 1, 1, 0, -1, 0]
B41[1, 0, 1, 1, 1, 1, 0, 0, -1]
B41[1, 0, 1, 1, 1, 1, 0, 0, 0]
B41[1, 1, 0, 0, 1, 1, -1, 0, 0]
B41[1, 1, 0, 0, 1, 1, 0, 0, 0]
B41[1, 1, 1, -1, 0, 1, 0, 0, 0]
B41[1, 1, 1, -1, 1, 1, -1, 0, 0]
B41[1, 1, 1, -1, 1, 1, 0, 0, 0]
B41[1, 1, 1, 0, 0, 1, -1, 0, 0]
B41[1, 1, 1, 0, 0, 1, 0, 0, -1]
B41[1, 1, 1, 0, 0, 1, 0, 0, 0]
B41[1, 1, 1, 0, 1, 0, -1, 0, 0]
B41[1, 1, 1, 0, 1, 0, 0, 0, 0]
B41[1, 1, 1, 0, 1, 1, -2, 0, 0]
B41[1, 1, 1, 0, 1, 1, -1, -1, 0]
B41[1, 1, 1, 0, 1, 1, -1, 0, -1]
B41[1, 1, 1, 0, 1, 1, -1, 0, 0]
B41[1, 1, 1, 0, 1, 1, 0, -1, 0]
B41[1, 1, 1, 0, 1, 1, 0, 0, -1]
B41[1, 1, 1, 0, 1, 1, 0, 0, 0]
B41[-1, 0, 1, 1, 1, 1, 0, 0, 0]
B41[-1, 1, 1, 0, 1, 1, 0, 0, 0]
B41[0, 0, 0, 1, 1, 1, 0, 0, 0]
B41[0, 0, 1, 1, 0, 1, 0, 0, 0]
B41[0, 0, 1, 1, 1, 0, 0, 0, 0]
B41[0, 0, 1, 1, 1, 1, 0, -1, 0]
B41[0, 0, 1, 1, 1, 1, 0, 0, -1]
B41[0, 1, 0, 0, 1, 1, 0, 0, 0]
B41[0, 1, 1, -1, 1, 1, 0, 0, 0]
B41[0, 1, 1, 0, 0, 1, 0, 0, 0]
B41[0, 1, 1, 0, 1, 0, 0, 0, 0]
B41[0, 1, 1, 0, 1, 1, 0, -1, 0]
B41[0, 1, 1, 0, 1, 1, 0, 0, -1]
B41[1, 0, -1, 1, 1, 1, 0, 0, 0]
B41[1, 0, 0, 1, 0, 1, 0, 0, 0]
B41[1, 0, 0, 1, 1, 0, 0, 0, 0]
B41[1, 0, 0, 1, 1, 1, 0, -1, 0]
B41[1, 0, 0, 1, 1, 1, 0, 0, -1]
B41[1, 0, 1, 1, 0, 0, 0, 0, 0]
B41[1, 0, 1, 1, 0, 1, 0, -1, 0]
B41[1, 0, 1, 1, 1, -1, 0, 0, 0]
B41[1, 0, 1, 1, 1, 0, 0, -1, 0]
B41[1, 0, 1, 1, 1, 0, 0, 0, -1]
B41[1, 1, -1, 0, 1, 1, 0, 0, 0]
B41[1, 1, 0, -1, 1, 1, 0, 0, 0]
B41[1, 1, 0, 0, 0, 1, 0, 0, 0]
B41[1, 1, 0, 0, 1, 0, 0, 0, 0]
B41[1, 1, 0, 0, 1, 1, 0, -1, 0]
B41[1, 1, 0, 0, 1, 1, 0, 0, -1]
B41[1, 1, 1, -1, 1, 0, 0, 0, 0]
B41[1, 1, 1, -1, 1, 1, 0, -1, 0]
B41[1, 1, 1, 0, 0, 0, 0, 0, 0]
B41[1, 1, 1, 0, 0, 1, 0, -1, 0]
B41[1, 1, 1, 0, 1, -1, 0, 0, 0]
B41[1, 1, 1, 0, 1, 0, 0, -1, 0]
B41[1, 1, 1, 0, 1, 0, 0, 0, -1]
B41[0, 1, 2, 0, 0, 0, 0, 0, 0]
B41[1, 1, 2, 0, 0, -1, 0, 0, 0]
B41[1, 1, 2, 0, 0, 0, 0, -1, 0]
B41[1, 1, 2, 0, 0, 0, 0, 0, 0]
B41[0, 0, 2, 0, 1, 0, 0, 0, 0]
B41[1, 0, 2, 0, 1, -1, 0, 0, 0]
B41[1, 0, 2, 0, 1, 0, 0, -1, 0]
B41[1, 0, 2, 0, 1, 0, 0, 0, 0]
B41[0, 1, 0, 0, 0, 2, 0, 0, 0]
B41[1, 1, -1, 0, 0, 2, 0, 0, 0]
B41[1, 1, 0, 0, 0, 2, 0, -1, 0]
B41[1, 1, 0, 0, 0, 2, 0, 0, 0]
B41[0, 0, 0, 0, 1, 2, 0, 0, 0]
B41[1, 0, -1, 0, 1, 2, 0, 0, 0]
B41[1, 0, 0, 0, 1, 2, 0, -1, 0]
B41[1, 0, 0, 0, 1, 2, 0, 0, 0]
B41[0, -1, 0, 1, 1, 2, 0, 0, 0]
B41[0, 0, 0, 1, 1, 2, -1, 0, 0]
B41[0, 0, 0, 1, 1, 2, 0, 0, -1]
B41[0, 0, 0, 1, 1, 2, 0, 0, 0]
B41[1, -2, 0, 1, 1, 2, 0, 0, 0]
B41[1, -1, 0, 0, 1, 2, 0, 0, 0]
B41[1, -1, 0, 1, 0, 2, 0, 0, 0]
B41[1, -1, 0, 1, 1, 2, -1, 0, 0]
B41[1, -1, 0, 1, 1, 2, 0, 0, -1]
B41[1, -1, 0, 1, 1, 2, 0, 0, 0]
B41[1, 0, -1, 1, 1, 2, 0, 0, 0]
B41[1, 0, 0, 0, 0, 2, 0, 0, 0]
B41[1, 0, 0, 0, 1, 2, -1, 0, 0]
B41[1, 0, 0, 1, 0, 2, -1, 0, 0]
B41[1, 0, 0, 1, 0, 2, 0, 0, -1]
B41[1, 0, 0, 1, 0, 2, 0, 0, 0]
B41[1, 0, 0, 1, 1, 2, -2, 0, 0]
B41[1, 0, 0, 1, 1, 2, -1, 0, -1]
B41[1, 0, 0, 1, 1, 2, -1, 0, 0]
B41[1, 0, 0, 1, 1, 2, 0, -1, 0]
B41[1, 0, 0, 1, 1, 2, 0, 0, -1]
B41[1, 0, 0, 1, 1, 2, 0, 0, 0]
B41[1, -1, -1, 1, 1, 2, 0, 0, 0]
B41[1, -1, 0, 1, 1, 2, 0, -1, 0]
B41[1, 0, -1, 1, 1, 2, -1, 0, 0]
B41[1, 0, 0, 1, 1, 2, -1, -1, 0]
B41[-1, 0, 0, 1, 1, 2, 0, 0, 0]
B41[0, 0, -1, 1, 1, 2, 0, 0, 0]
B41[0, 0, 0, 1, 0, 2, 0, 0, 0]
B41[0, 0, 0, 1, 1, 2, 0, -1, 0]
B41[1, 0, -1, 1, 0, 2, 0, 0, 0]
B41[1, 0, 0, 1, 0, 2, 0, -1, 0]
B41[0, 1, 2, 0, 1, 0, -1, 0, 0]
B41[0, 1, 2, 0, 1, 0, 0, 0, 0]
B41[1, -1, 2, 0, 1, 0, 0, 0, 0]
B41[1, 0, 2, -1, 1, 0, 0, 0, 0]
B41[1, 0, 2, 0, 0, 0, 0, 0, 0]
B41[1, 0, 2, 0, 1, 0, -1, 0, 0]
B41[1, 0, 2, 0, 1, 0, 0, 0, -1]
B41[1, 1, 2, -1, 0, 0, 0, 0, 0]
B41[1, 1, 2, -1, 1, 0, -1, 0, 0]
B41[1, 1, 2, -1, 1, 0, 0, 0, 0]
B41[1, 1, 2, 0, 0, 0, -1, 0, 0]
B41[1, 1, 2, 0, 0, 0, 0, 0, -1]
B41[1, 1, 2, 0, 1, -1, -1, 0, 0]
B41[1, 1, 2, 0, 1, -1, 0, 0, 0]
B41[1, 1, 2, 0, 1, 0, -2, 0, 0]
B41[1, 1, 2, 0, 1, 0, -1, -1, 0]
B41[1, 1, 2, 0, 1, 0, -1, 0, -1]
B41[1, 1, 2, 0, 1, 0, -1, 0, 0]
B41[1, 1, 2, 0, 1, 0, 0, -1, 0]
B41[1, 1, 2, 0, 1, 0, 0, 0, -1]
B41[1, 1, 2, 0, 1, 0, 0, 0, 0]
B41[0, 1, 2, -1, 1, 0, 0, 0, 0]
B41[0, 1, 2, 0, 1, 0, 0, 0, -1]
B41[-1, 1, 2, 0, 1, 0, 0, 0, 0]
B41[0, 1, 2, 0, 1, -1, 0, 0, 0]
B41[0, 1, 2, 0, 1, 0, 0, -1, 0]