D21[-1, 0, 1, 1, 1, 1, 0, 0, 0]
D21[-1, 1, 1, 0, 1, 1, 0, 0, 0]
D21[-1, 1, 1, 1, 1, 0, 0, 0, 0]
D21[-1, 1, 1, 1, 1, 1, 0, 0, -1]
D21[-1, 1, 1, 1, 1, 1, 0, 0, 0]
D21[0, -1, 1, 1, 1, 1, 0, 0, 0]
D21[0, 0, 1, 0, 1, 1, 0, 0, 0]
D21[0, 0, 1, 1, 0, 1, 0, 0, 0]
D21[0, 0, 1, 1, 1, 0, 0, 0, 0]
D21[0, 0, 1, 1, 1, 1, -1, 0, 0]
D21[0, 0, 1, 1, 1, 1, 0, -1, 0]
D21[0, 0, 1, 1, 1, 1, 0, 0, -1]
D21[0, 0, 1, 1, 1, 1, 0, 0, 0]
D21[0, 1, 0, 0, 1, 1, 0, 0, 0]
D21[0, 1, 0, 1, 1, 0, 0, 0, 0]
D21[0, 1, 1, -1, 1, 1, 0, 0, 0]
D21[0, 1, 1, 0, 0, 1, 0, 0, 0]
D21[0, 1, 1, 0, 1, 0, 0, 0, 0]
D21[0, 1, 1, 0, 1, 1, -1, 0, 0]
D21[0, 1, 1, 0, 1, 1, 0, -1, 0]
D21[0, 1, 1, 0, 1, 1, 0, 0, -1]
D21[0, 1, 1, 0, 1, 1, 0, 0, 0]
D21[0, 1, 1, 1, 0, 0, 0, 0, 0]
D21[0, 1, 1, 1, 0, 1, 0, 0, -1]
D21[0, 1, 1, 1, 0, 1, 0, 0, 0]
D21[0, 1, 1, 1, 1, -1, 0, 0, 0]
D21[0, 1, 1, 1, 1, 0, -1, 0, 0]
D21[0, 1, 1, 1, 1, 0, 0, -1, 0]
D21[0, 1, 1, 1, 1, 0, 0, 0, -1]
D21[0, 1, 1, 1, 1, 0, 0, 0, 0]
D21[0, 1, 1, 1, 1, 1, -1, 0, -1]
D21[0, 1, 1, 1, 1, 1, -1, 0, 0]
D21[0, 1, 1, 1, 1, 1, 0, -1, -1]
D21[0, 1, 1, 1, 1, 1, 0, -1, 0]
D21[0, 1, 1, 1, 1, 1, 0, 0, -2]
D21[0, 1, 1, 1, 1, 1, 0, 0, -1]
D21[0, 1, 1, 1, 1, 1, 0, 0, 0]
D21[1, -2, 1, 1, 1, 1, 0, 0, 0]
D21[1, -1, 0, 1, 1, 1, 0, 0, 0]
D21[1, -1, 1, 1, 0, 1, 0, 0, 0]
D21[1, -1, 1, 1, 1, 0, 0, 0, 0]
D21[1, -1, 1, 1, 1, 1, -1, 0, 0]
D21[1, -1, 1, 1, 1, 1, 0, -1, 0]
D21[1, -1, 1, 1, 1, 1, 0, 0, -1]
D21[1, -1, 1, 1, 1, 1, 0, 0, 0]
D21[1, 0, -1, 1, 1, 1, 0, 0, 0]
D21[1, 0, 0, 0, 1, 1, 0, 0, 0]
D21[1, 0, 0, 1, 0, 1, 0, 0, 0]
D21[1, 0, 0, 1, 1, 0, 0, 0, 0]
D21[1, 0, 0, 1, 1, 1, -1, 0, 0]
D21[1, 0, 0, 1, 1, 1, 0, 0, -1]
D21[1, 0, 0, 1, 1, 1, 0, 0, 0]
D21[1, 0, 1, -1, 1, 1, 0, 0, 0]
D21[1, 0, 1, 0, 1, 0, 0, 0, 0]
D21[1, 0, 1, 0, 1, 1, -1, 0, 0]
D21[1, 0, 1, 0, 1, 1, 0, -1, 0]
D21[1, 0, 1, 0, 1, 1, 0, 0, -1]
D21[1, 0, 1, 0, 1, 1, 0, 0, 0]
D21[1, 0, 1, 1, 0, 0, 0, 0, 0]
D21[1, 0, 1, 1, 0, 1, -1, 0, 0]
D21[1, 0, 1, 1, 0, 1, 0, -1, 0]
D21[1, 0, 1, 1, 0, 1, 0, 0, -1]
D21[1, 0, 1, 1, 0, 1, 0, 0, 0]
D21[1, 0, 1, 1, 1, -1, 0, 0, 0]
D21[1, 0, 1, 1, 1, 0, -1, 0, 0]
D21[1, 0, 1, 1, 1, 0, 0, -1, 0]
D21[1, 0, 1, 1, 1, 0, 0, 0, -1]
D21[1, 0, 1, 1, 1, 0, 0, 0, 0]
D21[1, 0, 1, 1, 1, 1, -2, 0, 0]
D21[1, 0, 1, 1, 1, 1, -1, -1, 0]
D21[1, 0, 1, 1, 1, 1, -1, 0, -1]
D21[1, 0, 1, 1, 1, 1, -1, 0, 0]
D21[1, 0, 1, 1, 1, 1, 0, -2, 0]
D21[1, 0, 1, 1, 1, 1, 0, -1, -1]
D21[1, 0, 1, 1, 1, 1, 0, -1, 0]
D21[1, 0, 1, 1, 1, 1, 0, 0, -2]
D21[1, 0, 1, 1, 1, 1, 0, 0, -1]
D21[1, 0, 1, 1, 1, 1, 0, 0, 0]
D21[1, 1, -1, 0, 1, 1, 0, 0, 0]
D21[1, 1, -1, 1, 1, 0, 0, 0, 0]
D21[1, 1, -1, 1, 1, 1, 0, 0, -1]
D21[1, 1, -1, 1, 1, 1, 0, 0, 0]
D21[1, 1, 0, -1, 1, 1, 0, 0, 0]
D21[1, 1, 0, 0, 0, 1, 0, 0, 0]
D21[1, 1, 0, 0, 1, 0, 0, 0, 0]
D21[1, 1, 0, 0, 1, 1, -1, 0, 0]
D21[1, 1, 0, 0, 1, 1, 0, -1, 0]
D21[1, 1, 0, 0, 1, 1, 0, 0, -1]
D21[1, 1, 0, 0, 1, 1, 0, 0, 0]
D21[1, 1, 0, 1, 0, 0, 0, 0, 0]
D21[1, 1, 0, 1, 0, 1, 0, 0, -1]
D21[1, 1, 0, 1, 0, 1, 0, 0, 0]
D21[1, 1, 0, 1, 1, -1, 0, 0, 0]
D21[1, 1, 0, 1, 1, 0, -1, 0, 0]
D21[1, 1, 0, 1, 1, 0, 0, -1, 0]
D21[1, 1, 0, 1, 1, 0, 0, 0, -1]
D21[1, 1, 0, 1, 1, 0, 0, 0, 0]
D21[1, 1, 0, 1, 1, 1, -1, 0, -1]
D21[1, 1, 0, 1, 1, 1, -1, 0, 0]
D21[1, 1, 0, 1, 1, 1, 0, 0, -2]
D21[1, 1, 0, 1, 1, 1, 0, 0, -1]
D21[1, 1, 0, 1, 1, 1, 0, 0, 0]
D21[1, 1, 1, -1, 0, 1, 0, 0, 0]
D21[1, 1, 1, -1, 1, 1, -1, 0, 0]
D21[1, 1, 1, -1, 1, 1, 0, -1, 0]
D21[1, 1, 1, -1, 1, 1, 0, 0, 0]
D21[1, 1, 1, 0, 0, 0, 0, 0, 0]
D21[1, 1, 1, 0, 0, 1, -1, 0, 0]
D21[1, 1, 1, 0, 0, 1, 0, -1, 0]
D21[1, 1, 1, 0, 0, 1, 0, 0, -1]
D21[1, 1, 1, 0, 0, 1, 0, 0, 0]
D21[1, 1, 1, 0, 1, 0, -1, 0, 0]
D21[1, 1, 1, 0, 1, 0, 0, -1, 0]
D21[1, 1, 1, 0, 1, 0, 0, 0, 0]
D21[1, 1, 1, 0, 1, 1, -2, 0, 0]
D21[1, 1, 1, 0, 1, 1, -1, -1, 0]
D21[1, 1, 1, 0, 1, 1, -1, 0, -1]
D21[1, 1, 1, 0, 1, 1, -1, 0, 0]
D21[1, 1, 1, 0, 1, 1, 0, -1, -1]
D21[1, 1, 1, 0, 1, 1, 0, -1, 0]
D21[1, 1, 1, 0, 1, 1, 0, 0, -1]
D21[1, 1, 1, 0, 1, 1, 0, 0, 0]
D21[1, 1, 1, 1, -1, 1, 0, 0, 0]
D21[1, 1, 1, 1, 0, -1, 0, 0, 0]
D21[1, 1, 1, 1, 0, 0, -1, 0, 0]
D21[1, 1, 1, 1, 0, 0, 0, -1, 0]
D21[1, 1, 1, 1, 0, 0, 0, 0, -1]
D21[1, 1, 1, 1, 0, 0, 0, 0, 0]
D21[1, 1, 1, 1, 0, 1, -1, 0, -1]
D21[1, 1, 1, 1, 0, 1, -1, 0, 0]
D21[1, 1, 1, 1, 0, 1, 0, -1, -1]
D21[1, 1, 1, 1, 0, 1, 0, -1, 0]
D21[1, 1, 1, 1, 0, 1, 0, 0, -2]
D21[1, 1, 1, 1, 0, 1, 0, 0, -1]
D21[1, 1, 1, 1, 0, 1, 0, 0, 0]
D21[1, 1, 1, 1, 1, -1, 0, 0, 0]
D21[1, 1, 1, 1, 1, 0, -1, 0, 0]
D21[1, 1, 1, 1, 1, 0, 0, -1, 0]
D21[1, 1, 1, 1, 1, 0, 0, 0, -1]
D21[1, 1, 1, 1, 1, 0, 0, 0, 0]
D21[1, 1, 1, 1, 1, 1, -2, 0, 0]
D21[1, 1, 1, 1, 1, 1, -1, -1, 0]
D21[1, 1, 1, 1, 1, 1, -1, 0, -1]
D21[1, 1, 1, 1, 1, 1, -1, 0, 0]
D21[1, 1, 1, 1, 1, 1, 0, -2, 0]
D21[1, 1, 1, 1, 1, 1, 0, -1, -1]
D21[1, 1, 1, 1, 1, 1, 0, -1, 0]
D21[1, 1, 1, 1, 1, 1, 0, 0, -2]
D21[1, 1, 1, 1, 1, 1, 0, 0, -1]
D21[1, 1, 1, 1, 1, 1, 0, 0, 0]