A01p1[0, 1, 1, 0]
A01p1[1, 0, 0, 1]
A01p1[1, 1, 1, 1]
A11p1[0, 1, 1, 0]
A11p1[0, 0, 1, 0]
A11p1[0, 1, 1, 0]
A11p1[1, 0, 0, 1]
A11p1[1, 0, 1, 1]
A11p1[1, 1, 1, 1]
A11p1[0, 0, 1, 0]
A21p1[0, 1, 0, 0]
A21p1[0, 1, 1, 0]
A21p1[0, 1, 0, 0]
A21p1[0, 1, 1, 0]
A21p1[1, 1, 1, 0]
A21p1[1, 0, 0, 1]
A21p1[1, 1, 0, 1]
A21p1[1, 1, 1, 1]
A22p1[0, 0, 1, 0]
A22p2[0, 0, 1, 0]
A22p1[0, 1, 0, 0]
A22p2[0, 1, 0, 0]
A22p1[0, 1, 1, 0]
A22p2[0, 1, 1, 0]
B01p1[0, 1, 1, 0]
B01p1[1, 0, 0, 1]
B01p1[1, 1, 1, 1]
B11p1[0, 0, 1, 0]
B11p1[0, 1, 1, 0]
B11p1[1, 0, 0, 1]
B11p1[1, 0, 1, 1]
B11p1[1, 1, 1, 1]
B11p1[0, 1, 1, 0]
B11p1[0, 0, 1, 0]
B22p1[0, 0, 1, 0]
B22p2[0, 0, 1, 0]
B22p1[0, 1, 0, 0]
B22p2[0, 1, 0, 0]
B22p1[0, 1, 1, 0]
B22p2[0, 1, 1, 0]
B22p1[1, 1, 1, 1]
B22p2[1, 1, 1, 1]
B21p1[0, 1, 0, 0]
B21p1[0, 1, 1, 0]
B21p1[0, 1, 0, 0]
B21p1[0, 1, 1, 0]
B21p1[1, 1, 1, 0]
B21p1[1, 0, 0, 1]
B21p1[1, 1, 0, 1]
B21p1[1, 1, 1, 1]
B22p1[0, 0, 1, 0]
B22p2[0, 0, 1, 0]
B22p1[0, 1, 0, 0]
B22p2[0, 1, 0, 0]
B22p1[0, 1, 1, 0]
B22p2[0, 1, 1, 0]
B21p1[0, 1, 0, 0]
B21p1[0, 1, 1, 0]
B21p1[0, 1, 0, 0]
B21p1[0, 1, 1, 0]
B21p1[1, 1, 1, 0]
B21p1[1, 0, 0, 1]
B21p1[1, 1, 0, 1]
B21p1[1, 1, 1, 1]
A12p1[0, 0, 0, 1]
A12p1[0, 1, 1, 0]
A12p1[0, 1, 1, 1]
A12p1[0, 0, 0, 1]
A12p1[0, 0, 0, 1]
A12p1[0, 0, 0, 1]
A12p1[0, 1, 1, 0]
A12p1[0, 1, 1, 1]
A22p1[0, 0, 1, 0]
A22p2[0, 0, 1, 0]
A22p1[0, 1, 0, 0]
A22p2[0, 1, 0, 0]
A22p1[0, 1, 1, 0]
A22p2[0, 1, 1, 0]
A21p1[0, 1, 0, 0]
A21p1[0, 1, 1, 0]
A21p1[0, 1, 0, 0]
A21p1[0, 1, 1, 0]
A21p1[1, 1, 1, 0]
A22p1[0, 1, 1, 1]
A22p2[0, 1, 1, 1]
A21p1[0, 1, 0, 0]
A21p1[0, 1, 0, 0]
A21p1[0, 1, 1, 0]
A22p1[0, 0, 1, 0]
A22p2[0, 0, 1, 0]
A22p1[0, 1, 0, 0]
A22p2[0, 1, 0, 0]
A22p1[0, 1, 1, 0]
A22p2[0, 1, 1, 0]
A22p1[0, 0, 1, 0]
A22p2[0, 0, 1, 0]
A22p1[0, 1, 0, 0]
A22p2[0, 1, 0, 0]
A22p1[0, 1, 1, 0]
A22p2[0, 1, 1, 0]