504 3889900463035611001 1 6
4 7 5 3 8 6 

500 8531481772150959511 1 6
4 8 6 7 5 2 

498 2261154555546929552 1 6
4 7 5 1 8 6 

497 15351358204252737738 1 6
4 8 6 7 5 0 

492 15635566925185363368 2 6
7 5 2 6 8 3 
7 5 2 8 6 3 

490 2512398972225886611 4 6
5 7 6 8 3 1 
5 7 8 6 3 1 
7 5 6 8 3 1 
7 5 8 6 3 1 

489 6765703037698103709 4 6
5 7 0 6 8 3 
5 7 0 8 6 3 
7 5 0 6 8 3 
7 5 0 8 6 3 

486 6071547184232690740 2 6
7 5 2 6 8 1 
7 5 2 8 6 1 

485 3062786046182348445 2 6
6 8 7 5 2 0 
8 6 7 5 2 0 

483 17006746665832252330 4 6
5 7 0 6 8 1 
5 7 0 8 6 1 
7 5 0 6 8 1 
7 5 0 8 6 1 

476 16888066072451109633 1 6
4 7 2 3 8 6 

474 5786792466358207205 2 6
4 7 3 1 8 6 
7 4 3 1 8 6 

473 1522010376257162807 1 6
4 7 0 3 8 6 

470 6065127611409485927 1 6
4 7 2 1 8 6 

469 14862879005107973766 1 6
4 8 6 7 2 0 

467 3510185355501801462 1 6
4 7 0 1 8 6 

462 17409067066809725900 4 6
2 7 6 8 3 1 
2 7 8 6 3 1 
7 2 6 8 3 1 
7 2 8 6 3 1 

461 8209331532790103565 4 6
6 8 3 7 2 0 
6 8 3 2 7 0 
8 6 3 2 7 0 
8 6 3 7 2 0 

459 6929012822656559760 2 6
0 7 6 8 3 1 
0 7 8 6 3 1 

455 6517674893530422319 8 6
2 7 0 6 8 1 
2 7 0 8 6 1 
6 8 1 7 2 0 
6 8 1 2 7 0 
7 2 0 6 8 1 
7 2 0 8 6 1 
8 6 1 2 7 0 
8 6 1 7 2 0 

444 1096587794184499985 1 6
4 3 8 7 5 2 

442 8676613910352414631 1 6
4 7 5 3 1 8 

441 12825114467077213032 1 6
4 3 8 7 5 0 

438 12002889005496227475 1 6
4 1 8 7 5 2 

437 2689912363426377693 2 6
4 8 7 5 2 0 
8 4 7 5 2 0 

435 15860572397900249445 1 6
4 1 8 7 5 0 

430 2545686199926457577 1 6
7 5 2 3 1 8 

429 4195268715609107340 1 6
3 8 7 5 2 0 

427 9427637431755039417 2 6
5 7 0 3 1 8 
7 5 0 3 1 8 

423 4756220113695200051 1 6
1 8 7 5 2 0 

414 12739361027220082617 1 6
4 7 2 3 1 8 

413 14502075344788747071 1 6
4 3 8 7 2 0 

411 8754022850160891455 1 6
4 7 0 3 1 8 

407 3939060536405670860 1 6
4 1 8 7 2 0 

399 13428559773775718790 2 6
2 7 0 3 1 8 
7 2 0 3 1 8 

380 13695756807846640509 2 6
4 2 5 6 8 3 
4 2 5 8 6 3 

378 11010461895509560859 4 6
4 5 6 8 3 1 
4 5 8 6 3 1 
5 4 6 8 3 1 
5 4 8 6 3 1 

377 15895186663348332860 1 6
4 0 5 6 8 3 

374 17323914861111767693 2 6
4 5 2 6 8 1 
4 5 2 8 6 1 

373 2332798825802353874 1 6
4 6 8 0 5 2 

371 13549329238836614566 1 6
4 0 5 6 8 1 

366 2983098543328139050 4 6
2 5 6 8 3 1 
2 5 8 6 3 1 
5 2 6 8 3 1 
5 2 8 6 3 1 

365 12354811073029123297 4 6
6 8 3 0 5 2 
6 8 3 0 2 5 
8 6 3 0 2 5 
8 6 3 0 5 2 

363 6929012822656559760 2 6
0 5 6 8 3 1 
0 5 8 6 3 1 

359 2609402433198906148 4 6
6 8 1 0 5 2 
6 8 1 0 2 5 
8 6 1 0 2 5 
8 6 1 0 5 2 

350 4438048482041355847 4 6
2 4 6 8 3 1 
2 4 8 6 3 1 
4 2 6 8 3 1 
4 2 8 6 3 1 

349 12096028297945651823 1 6
4 0 2 6 8 3 

347 15817336220133328141 1 6
0 4 6 8 3 1 

343 6633224988623618561 1 6
4 0 2 6 8 1 

335 6929012822656559760 2 6
0 2 6 8 3 1 
0 2 8 6 3 1 

318 15942811865425394373 1 6
4 5 2 3 1 8 

317 9043892375927611631 1 6
4 3 8 0 2 5 

315 14857656610067010546 1 6
4 0 5 3 1 8 

311 7401536875446888422 1 6
4 1 8 0 5 2 

303 712642792115131952 2 6
3 1 8 0 5 2 
3 1 8 0 2 5 

287 5825631509550548593 1 6
4 0 2 3 1 8 

252 9446230091734778542 1 6
4 3 6 7 5 2 

250 12423685049128896827 1 6
4 7 5 3 1 6 

249 421175429824631405 1 6
4 3 6 7 5 0 

246 2692883800864748215 1 6
4 1 6 7 5 2 

245 7013525223391404686 2 6
4 6 7 5 2 0 
6 4 7 5 2 0 

243 11902316044389391374 1 6
4 1 6 7 5 0 

238 2545686199926457577 1 6
7 5 2 3 1 6 

237 4195268715609107340 1 6
3 6 7 5 2 0 

235 9427637431755039417 2 6
5 7 0 3 1 6 
7 5 0 3 1 6 

231 4756220113695200051 1 6
1 6 7 5 2 0 

222 3865692603632704815 1 6
4 7 2 3 1 6 

221 16648980713425097025 1 6
4 3 6 7 2 0 

219 17625199377742408987 1 6
4 7 0 3 1 6 

215 15765616778507208311 1 6
4 1 6 7 2 0 

207 13428559773775718790 2 6
2 7 0 3 1 6 
7 2 0 3 1 6 

190 9918609283863814055 1 6
4 3 1 7 5 2 

189 1717779363189625352 1 6
3 4 7 5 2 0 

187 2483369227685006783 1 6
4 3 1 7 5 0 

183 5579401098442982903 1 6
1 4 7 5 2 0 

387 9055639951542359904 2 4
0 7 1 8 
1 8 0 7 

323 4817687843505506170 2 4
0 6 8 1 
0 8 6 1 

306 13775163095167349403 2 4
4 5 1 8 
5 4 1 8 

294 835276218342091669 2 4
1 8 5 2 
1 8 2 5 

418 5586955677828348619 2 4
5 7 1 8 
7 5 1 8 

291 9055639951542359904 2 4
0 5 1 8 
1 8 0 5 

278 5871201165218803500 2 4
2 4 1 8 
4 2 1 8 

402 9736859970975346845 2 4
4 7 1 8 
7 4 1 8 

275 1350421611143869986 1 4
0 4 1 8 

209 11608573522951737483 2 4
4 6 0 7 
6 4 0 7 

466 4524131255509405945 2 5
4 7 1 8 6 
7 4 1 8 6 

201 2473790504219001107 1 4
3 6 0 7 

449 17520452208558333313 2 4
6 8 0 7 
8 6 0 7 

195 9055639951542359904 2 4
0 7 1 6 
1 6 0 7 

452 5568158931765736262 8 4
2 7 6 8 
2 7 8 6 
6 8 7 2 
6 8 2 7 
7 2 6 8 
7 2 8 6 
8 6 7 2 
8 6 2 7 

169 1337254812143825937 2 4
3 5 7 0 
3 7 5 0 

426 10447389357493672896 2 5
5 7 3 1 8 
7 5 3 1 8 

163 1337254812143825937 2 4
1 5 7 0 
1 7 5 0 

153 8363790758073195775 1 4
3 4 7 0 

410 16014829825460256273 2 5
4 7 3 1 8 
7 4 3 1 8 

401 17907932805838067554 2 4
4 8 7 0 
8 4 7 0 

147 17427048137121713927 1 4
1 4 7 0 

404 9116344959574332654 2 4
4 8 7 2 
8 4 7 2 

141 4817687843505506170 2 4
3 2 7 0 
3 7 2 0 

398 325566649988153406 2 5
2 7 3 1 8 
7 2 3 1 8 

393 2473790504219001107 1 4
3 8 0 7 

139 12277498039208301906 2 4
1 3 0 7 
3 1 0 7 

396 16706246648776914870 2 4
2 7 3 8 
7 2 3 8 

135 4817687843505506170 2 4
1 2 7 0 
1 7 2 0 

120 6327628170762034960 2 4
4 5 3 6 
5 4 3 6 

116 13697909126296567058 2 4
4 6 5 2 
6 4 5 2 

368 10033919425389183793 4 4
4 5 6 8 
4 5 8 6 
5 4 6 8 
5 4 8 6 

111 712642792115131952 2 6
3 1 6 0 5 2 
3 1 6 0 2 5 

114 13775163095167349403 2 4
4 5 1 6 
5 4 1 6 

240 16954421592595156864 2 4
4 6 5 7 
6 4 5 7 

113 4135888722880830898 2 4
4 6 0 5 
6 4 0 5 

370 12328872306165567229 4 5
4 5 6 8 1 
4 5 8 6 1 
5 4 6 8 1 
5 4 8 6 1 

156 6466001861708672411 1 4
3 4 7 2 

29 1602608418064193060 1 4
3 4 0 2 

286 7656325977389374643 2 5
2 4 3 1 8 
4 2 3 1 8 

44 8634870613964526517 2 3
3 2 5 
3 5 2 

301 975850733452255382 2 5
3 8 0 5 2 
3 8 0 2 5 

28 7777280951167004470 2 3
3 2 4 
3 4 2 

285 14454420751757608128 1 5
4 3 8 0 2 

81 5398266633630539269 2 3
0 4 6 
0 6 4 

22 14464322681345727777 2 3
1 2 4 
1 4 2 

279 16512093707418350276 2 5
4 1 8 0 2 
4 0 2 1 8 

329 4781713142573338100 2 4
0 6 8 3 
0 8 6 3 

75 8651693490710992105 1 4
0 3 1 6 

259 17656326354493340191 1 3
0 1 8 

277 5871201165218803500 2 4
4 8 0 2 
8 4 0 2 

150 6041515667341660060 1 4
1 4 7 2 

23 1350421611143869986 1 4
1 4 0 2 

56 14464322681345727777 2 3
3 4 5 
3 5 4 

313 1005155923893043843 1 5
4 3 8 0 5 

137 17656326354493340191 1 3
3 0 7 

3 13811601009566447630 2 2
0 1 
1 0 

162 14763710330307144267 2 3
1 5 7 
1 7 5 

419 8080578575400997074 2 5
1 8 5 7 0 
1 8 7 5 0 

35 17656326354493340191 1 3
1 0 5 

134 5697750978532764374 2 3
1 2 7 
1 7 2 

391 2279483775380471400 2 5
1 8 2 7 0 
1 8 7 2 0 

7 17656326354493340191 1 3
1 0 2 

265 4094615562703574106 1 3
0 3 8 

11 17730842381964932344 2 3
0 1 3 
0 3 1 

267 8651693490710992105 1 4
0 3 1 8 

140 5697750978532764374 2 3
3 2 7 
3 7 2 

397 16993311082628029121 2 5
3 8 7 2 0 
3 8 2 7 0 

13 17656326354493340191 1 3
3 0 2 

131 17656326354493340191 1 3
1 0 7 

112 5180365401916553282 6 3
4 5 6 
4 6 5 
5 4 6 
5 6 4 
6 5 4 
6 4 5 

369 2701444106721768715 1 5
4 6 8 0 5 

152 7977311541644482511 2 3
3 4 7 
3 7 4 

409 15274695441762772858 1 5
4 7 0 3 8 

25 5929441778008549557 2 3
0 3 4 
3 0 4 

390 17520452208558333313 2 4
2 7 1 8 
7 2 1 8 

263 9055639951542359904 2 4
0 2 1 8 
1 8 0 2 

9 13811601009566447630 2 2
0 3 
3 0 

50 7777280951167004470 2 3
1 4 5 
1 5 4 

307 2275058635820679479 1 5
4 1 8 0 5 

304 5180365401916553282 6 3
4 5 8 
4 8 5 
5 4 8 
5 8 4 
8 5 4 
8 4 5 

47 13408917316804264635 4 5
1 3 0 2 5 
1 3 0 5 2 
3 1 0 2 5 
3 1 0 5 2 

38 8634870613964526517 2 3
1 2 5 
1 5 2 

295 3097592223581046590 2 5
1 8 0 5 2 
1 8 0 2 5 

168 14763710330307144267 2 3
3 5 7 
3 7 5 

425 1314404737227121558 2 5
3 8 5 7 0 
3 8 7 5 0 

41 17656326354493340191 1 3
3 0 5 

73 4094615562703574106 1 3
0 3 6 

67 17656326354493340191 1 3
0 1 6 

321 5697750978532764374 2 3
0 6 8 
0 8 6 

212 6302551238620928965 4 4
4 6 2 7 
4 6 7 2 
6 4 2 7 
6 4 7 2 

85 11608573522951737483 2 4
4 6 0 2 
6 4 0 2 

342 4029303908655827827 4 5
2 4 6 8 1 
2 4 8 6 1 
4 2 6 8 1 
4 2 8 6 1 

146 9790497849770534921 2 3
1 4 7 
1 7 4 

403 4716320502285553665 1 5
4 7 0 1 8 

19 5929441778008549557 2 3
0 1 4 
1 0 4 

273 14464322681345727777 2 3
0 4 8 
0 8 4 

400 301608002787460125 6 3
4 7 8 
4 8 7 
7 4 8 
7 8 4 
8 7 4 
8 4 7 

143 9400113833533857672 4 5
1 3 2 7 0 
1 3 7 2 0 
3 1 2 7 0 
3 1 7 2 0 

300 4983252161963081937 2 4
3 8 5 2 
3 8 2 5 

43 12277498039208301906 2 4
1 3 0 5 
3 1 0 5 

46 4464135113881190930 4 4
1 3 2 5 
1 3 5 2 
3 1 2 5 
3 1 5 2 

232 4498452903570584108 2 4
5 7 3 6 
7 5 3 6 

105 2473790504219001107 1 4
3 6 0 5 

269 2473790504219001107 1 4
3 8 0 2 

142 1979881353718354196 4 4
2 7 3 1 
2 7 1 3 
7 2 3 1 
7 2 1 3 

15 12277498039208301906 2 4
1 3 0 2 
3 1 0 2 

408 1256069142110649494 2 4
4 7 3 8 
7 4 3 8 

151 6060319855428486720 1 5
1 4 7 2 0 

281 6681661481881302487 1 4
0 4 3 8 

154 6779773879202997074 2 4
4 7 3 1 
7 4 3 1 

27 10885408293368597281 2 4
0 4 3 1 
0 4 1 3 

284 15364610404643005460 2 4
2 4 3 8 
4 2 3 8 

340 6302551238620928965 4 4
2 4 6 8 
2 4 8 6 
4 2 6 8 
4 2 8 6 

83 13839625068710105106 1 4
0 4 6 1 

86 5871201165218803500 2 4
2 4 1 6 
4 2 1 6 

30 8366814671184371901 2 4
2 4 3 1 
4 2 3 1 

216 16092729346259642940 2 4
4 7 3 6 
7 4 3 6 

89 521650032044127092 1 4
0 4 6 3 

166 822643310015681936 1 4
1 7 5 2 

39 8369928167215517133 2 4
1 0 2 5 
1 0 5 2 

424 4498452903570584108 2 4
5 7 3 8 
7 5 3 8 

167 340462802635996831 1 5
1 7 5 2 0 

297 2473790504219001107 1 4
3 8 0 5 

170 18250994044714910535 4 4
5 7 1 3 
5 7 3 1 
7 5 3 1 
7 5 1 3 

356 11817618753924715730 4 4
6 8 2 5 
6 8 5 2 
8 6 5 2 
8 6 2 5 

99 9055639951542359904 2 4
0 5 1 6 
1 6 0 5 

102 835276218342091669 2 4
1 6 5 2 
1 6 2 5 

172 822643310015681936 1 4
3 7 5 2 

45 8369928167215517133 2 4
3 0 2 5 
3 0 5 2 

302 15123512964542885831 2 5
2 5 3 1 8 
5 2 3 1 8 

432 14985943103838419052 2 4
4 8 7 5 
8 4 7 5 

175 13414966588836751521 2 6
1 3 7 5 2 0 
3 1 7 5 2 0 

305 5406392056858795067 2 4
4 8 0 5 
8 4 0 5 

178 4183753754397426794 1 4
1 4 7 5 

51 1602608418064193060 1 4
1 4 0 5 

308 13697909126296567058 2 4
4 8 5 2 
8 4 5 2 

54 18311064358276448373 1 4
1 4 5 2 

184 6418106841632012880 1 4
3 4 7 5 

57 1350421611143869986 1 4
3 4 0 5 

314 15254218241057525250 2 5
4 5 3 1 8 
5 4 3 1 8 

312 6327628170762034960 2 4
4 5 3 8 
5 4 3 8 

55 13716280708132667647 1 5
1 4 0 5 2 

58 8366814671184371901 2 4
4 5 1 3 
5 4 1 3 

60 18311064358276448373 1 4
3 4 2 5 

325 17520452208558333313 2 4
6 8 0 2 
8 6 0 2 

198 17520452208558333313 2 4
2 7 1 6 
7 2 1 6 

71 9055639951542359904 2 4
0 2 1 6 
1 6 0 2 

204 16706246648776914870 2 4
2 7 3 6 
7 2 3 6 

77 2473790504219001107 1 4
3 6 0 2 

337 14609479646097825927 1 4
0 4 6 8 

210 8620157615861520895 2 4
4 7 1 6 
7 4 1 6 

92 15364610404643005460 2 4
2 4 3 6 
4 2 3 6 

353 17520452208558333313 2 4
6 8 0 5 
8 6 0 5 

226 5586955677828348619 2 4
5 7 1 6 
7 5 1 6 

108 4983252161963081937 2 4
3 6 5 2 
3 6 2 5 

464 9116344959574332654 2 4
4 7 8 6 
7 4 8 6 

480 18159398951093837362 4 4
5 7 6 8 
5 7 8 6 
7 5 6 8 
7 5 8 6 

31 8690037624244865919 1 5
4 3 1 0 2 

59 8690037624244865919 1 5
4 1 3 0 5 

316 8776979851896490145 1 5
4 3 8 2 5 

61 13716280708132667647 1 5
3 4 0 2 5 

62 841618084451470194 2 5
4 3 1 5 2 
4 1 3 2 5 

79 14279963505894464328 1 5
0 2 3 1 6 

87 11871365375119590347 1 5
4 0 2 6 1 

91 2794495381864532109 1 5
0 4 6 3 1 

348 2100020251956204520 4 5
2 4 6 8 3 
2 4 8 6 3 
4 2 6 8 3 
4 2 8 6 3 

93 9406184021581592727 1 5
4 0 2 6 3 

94 7656325977389374643 2 5
2 4 3 1 6 
4 2 3 1 6 

103 3097592223581046590 2 5
1 6 0 5 2 
1 6 0 2 5 

107 14279963505894464328 1 5
0 5 3 1 6 

364 18141945969878676774 4 5
2 5 6 8 3 
2 5 8 6 3 
5 2 6 8 3 
5 2 8 6 3 

109 975850733452255382 2 5
3 6 0 5 2 
3 6 0 2 5 

110 15123512964542885831 2 5
2 5 3 1 6 
5 2 3 1 6 

115 3515138901253237449 1 5
4 0 5 6 1 

372 17589355834540419352 2 5
4 6 8 5 2 
4 8 6 5 2 

117 9527057798084165022 2 5
4 6 0 5 2 
6 4 0 5 2 

118 5009672583774126009 1 5
4 1 6 5 2 

121 17913406442088376396 1 5
4 0 5 6 3 

122 15254218241057525250 2 5
4 5 3 1 6 
5 4 3 1 6 

124 8776979851896490145 1 5
4 3 6 2 5 

155 14299344879237893197 1 5
4 7 0 3 1 

412 17318481220367230684 1 5
4 7 2 3 8 

157 11445082980768566048 1 5
3 4 7 2 0 

158 3770121851149502007 1 5
4 7 2 3 1 

171 228365439078910920 4 5
1 3 5 7 0 
1 3 7 5 0 
3 1 5 7 0 
3 1 7 5 0 

428 6379090224491825249 1 5
3 8 7 5 2 

173 340462802635996831 1 5
3 7 5 2 0 

174 5689312743591395379 2 5
1 3 7 5 2 
3 1 7 5 2 

179 2260561874457055902 1 5
1 4 7 5 0 

436 14572538776854345278 2 5
4 8 7 5 2 
8 4 7 5 2 

182 2831696975759634956 1 5
1 4 7 5 2 

185 3646458111395675570 1 5
3 4 7 5 0 

186 12252531185159560831 1 5
4 7 5 3 1 

188 10654999688332078279 1 5
3 4 7 5 2 

199 2279483775380471400 2 5
1 6 2 7 0 
1 6 7 2 0 

203 14279963505894464328 1 5
0 7 3 1 6 

460 10234341217018974287 4 5
2 7 6 8 3 
2 7 8 6 3 
7 2 6 8 3 
7 2 8 6 3 

205 16993311082628029121 2 5
3 6 2 7 0 
3 6 7 2 0 

206 325566649988153406 2 5
2 7 3 1 6 
7 2 3 1 6 

211 15593895685845872433 1 5
4 1 6 7 0 

468 287899329659801567 2 5
4 7 2 8 6 
4 8 6 7 2 

213 964593644927953065 4 5
4 6 2 7 0 
4 6 7 2 0 
6 4 2 7 0 
6 4 7 2 0 

214 10487801317886427699 1 5
4 7 2 1 6 

217 3586755448821966236 1 5
4 3 6 7 0 

218 3390145364675661285 2 5
4 7 3 1 6 
7 4 3 1 6 

220 15502087358196262965 1 5
4 7 2 3 6 

227 8080578575400997074 2 5
1 6 5 7 0 
1 6 7 5 0 

484 3021136800975965599 2 5
6 8 7 5 2 
8 6 7 5 2 

230 10139961049268916380 1 5
1 6 7 5 2 

233 1314404737227121558 2 5
3 6 5 7 0 
3 6 7 5 0 

234 10447389357493672896 2 5
5 7 3 1 6 
7 5 3 1 6 

236 6379090224491825249 1 5
3 6 7 5 2 

241 9512556406955468232 2 5
4 6 5 7 0 
6 4 5 7 0 

242 17579941104660849061 1 5
4 7 5 1 6 

244 15932246324430079131 2 5
4 6 7 5 2 
6 4 7 5 2 

248 15794470902164860802 1 5
4 7 5 3 6 

271 14279963505894464328 1 5
0 2 3 1 8 

283 8936333898289333161 1 5
0 4 3 1 8 

299 14279963505894464328 1 5
0 5 3 1 8 

309 6498926548458336637 2 5
4 8 0 5 2 
8 4 0 5 2 

310 5009672583774126009 1 5
4 1 8 5 2 

327 2279483775380471400 2 5
0 2 6 8 1 
0 2 8 6 1 

331 3744939600689001159 2 5
0 6 8 3 1 
0 8 6 3 1 

333 1387119560075412335 2 5
0 2 6 8 3 
0 2 8 6 3 

339 16968199954848701536 1 5
0 4 6 8 1 

341 1972280957674465470 1 5
4 6 8 0 2 

345 1642373447637077153 1 5
0 4 6 8 3 

355 2279483775380471400 2 5
0 5 6 8 1 
0 5 8 6 1 

357 14795155023043024095 4 5
6 8 0 5 2 
6 8 0 2 5 
8 6 0 2 5 
8 6 0 5 2 

358 14497693136420194452 4 5
2 5 6 8 1 
2 5 8 6 1 
5 2 6 8 1 
5 2 8 6 1 

361 1387119560075412335 2 5
0 5 6 8 3 
0 5 8 6 3 

376 5528746015189933060 4 5
4 5 6 8 3 
4 5 8 6 3 
5 4 6 8 3 
5 4 8 6 3 

119 7449447238097742426 1 6
4 6 1 0 5 2 

395 14279963505894464328 1 5
0 7 3 1 8 

405 12353522339522992914 2 5
4 8 7 2 0 
8 4 7 2 0 

406 18209191629047893414 1 5
4 7 2 1 8 

422 10139961049268916380 1 5
1 8 7 5 2 

433 1111724308908576627 2 5
4 8 7 5 0 
8 4 7 5 0 

434 17298788969078862523 1 5
4 7 5 1 8 

440 9561057297673201614 1 5
4 7 5 3 8 

451 2279483775380471400 2 5
0 7 6 8 1 
0 7 8 6 1 

453 6452873930458632724 4 5
6 8 7 2 0 
6 8 2 7 0 
8 6 2 7 0 
8 6 7 2 0 

454 6452873930458632724 4 5
2 7 6 8 1 
2 7 8 6 1 
7 2 6 8 1 
7 2 8 6 1 

457 1387119560075412335 2 5
0 7 6 8 3 
0 7 8 6 3 

465 6179749097051427677 1 5
4 8 6 7 0 

472 8196248133150526450 2 5
4 7 3 8 6 
7 4 3 8 6 

481 11037186840493472387 4 5
6 8 7 5 0 
6 8 5 7 0 
8 6 5 7 0 
8 6 7 5 0 

482 7185285854806889846 4 5
5 7 6 8 1 
5 7 8 6 1 
7 5 6 8 1 
7 5 8 6 1 

488 17153891732567204935 4 5
5 7 6 8 3 
5 7 8 6 3 
7 5 6 8 3 
7 5 8 6 3 

496 54384981478515667 1 5
4 7 5 8 6 

63 9253482846349141624 2 6
4 1 3 0 2 5 
4 3 1 0 5 2 

95 2160080766232502601 1 6
4 0 2 6 3 1 

123 15690679103750703482 1 6
4 0 5 6 3 1 

125 2707305092755434562 1 6
4 6 3 0 2 5 

126 15942811865425394373 1 6
4 5 2 3 1 6 

159 1658247867026192911 1 6
4 3 1 7 2 0 

