0
9 3
5 17
1 0 0 0 0 0 0 0 0 0 
0 0 0 0 1 0 0 0 0 0 
0 0 1 0 0 0 0 0 0 0 
0 -1 1 1 1 -1 0 0 0 s 
0 -1 2 0 2 0 0 0 0 2*m1^2 
0 0 0 0 0 1 0 0 0 0 
1 -1 0 0 1 0 1 -1 0 2*m1^2+t 
0 0 0 0 0 0 0 1 0 0 
1 -1 -1 0 1 0 0 0 1 2*m1^2 

0
9 7
5 21
1 0 0 0 0 0 0 0 0 0 
0 0 0 0 1 0 0 0 0 0 
0 0 1 0 0 0 0 0 0 0 
0 -1 1 1 1 -1 0 0 0 s 
0 -1 2 0 2 0 0 0 0 2*m1^2 
0 0 0 0 0 1 0 0 0 0 
1 -1 0 0 1 0 1 -1 0 2*m1^2+t 
0 0 0 0 0 0 0 1 0 0 
1 -1 -1 0 1 0 0 0 1 2*m1^2 

0
9 9
5 17
1 0 0 0 0 0 0 0 0 0 
0 1 -1 -1 1 1 0 0 0 s 
0 0 1 0 0 0 0 0 0 0 
0 0 0 0 1 0 0 0 0 0 
0 0 0 -1 2 2 0 0 0 2*m1^2 
0 0 0 0 0 1 0 0 0 0 
1 0 -1 -1 1 1 1 -1 0 2*s+2*m1^2+t 
0 0 0 0 0 0 0 1 0 0 
1 0 -2 -1 1 1 0 0 1 2*s+2*m1^2 

0
9 11
8 26
0 0 0 0 1 0 0 0 0 0 
0 0 0 1 0 0 0 0 0 0 
-1 1 1 0 1 0 0 0 -1 2*m1^2 
0 1 0 0 0 0 0 0 0 0 
-1 0 1 0 0 1 0 0 0 -s 
-1 2 0 -1 1 1 0 0 -1 2*m1^2 
0 1 0 1 0 0 -1 0 0 s+2*m1^2 
-1 1 0 0 1 0 -1 1 0 2*m1^2-t 
0 1 0 1 0 0 0 0 -1 s+2*m1^2 

0
9 13
5 21
1 0 0 0 0 0 0 0 0 0 
0 1 -1 -1 1 1 0 0 0 s 
0 0 1 0 0 0 0 0 0 0 
0 0 0 0 1 0 0 0 0 0 
0 0 0 -1 2 2 0 0 0 2*m1^2 
0 0 0 0 0 1 0 0 0 0 
1 0 -1 -1 1 1 1 -1 0 2*s+2*m1^2+t 
0 0 0 0 0 0 0 1 0 0 
1 0 -2 -1 1 1 0 0 1 2*s+2*m1^2 

0
9 19
5 19
1 0 0 0 0 0 0 0 0 0 
0 0 0 0 1 0 0 0 0 0 
0 0 1 0 0 0 0 0 0 0 
0 1 -1 -1 1 1 0 0 0 s 
0 1 0 0 0 0 0 0 0 0 
0 0 0 0 0 1 0 0 0 0 
-1 1 0 0 1 0 -1 1 0 -t 
0 0 0 0 0 0 0 1 0 0 
-1 1 1 0 1 0 0 0 -1 0 

1
9 22
2 19
0 0 1 0 0 0 0 0 0 0 
1 0 0 0 0 0 0 0 0 0 
0 1 0 0 0 0 0 0 0 0 
0 0 1 0 0 0 0 0 0 0 
0 0 0 0 1 0 0 0 0 0 
0 0 1 0 0 0 0 0 0 0 
0 0 1 0 0 0 0 0 0 0 
0 0 1 0 0 0 0 0 0 0 
0 0 1 0 0 0 0 0 0 0 

0
9 23
5 23
1 0 0 0 0 0 0 0 0 0 
0 0 0 0 1 0 0 0 0 0 
0 0 1 0 0 0 0 0 0 0 
0 1 -1 -1 1 1 0 0 0 s 
0 1 0 0 0 0 0 0 0 0 
0 0 0 0 0 1 0 0 0 0 
-1 1 0 0 1 0 -1 1 0 -t 
0 0 0 0 0 0 0 1 0 0 
-1 1 1 0 1 0 0 0 -1 0 

1
9 25
5 19
1 0 0 0 0 0 0 0 0 0 
0 0 1 0 0 0 0 0 0 0 
0 0 1 0 0 0 0 0 0 0 
0 0 0 0 1 0 0 0 0 0 
0 1 0 0 0 0 0 0 0 0 
0 0 1 0 0 0 0 0 0 0 
0 0 1 0 0 0 0 0 0 0 
0 0 1 0 0 0 0 0 0 0 
0 0 1 0 0 0 0 0 0 0 

0
9 27
8 27
0 0 0 0 1 0 0 0 0 0 
0 1 0 0 0 0 0 0 0 0 
1 -1 -1 0 1 0 0 0 1 0 
0 0 0 1 0 0 0 0 0 0 
1 0 0 0 0 0 0 0 0 0 
1 -2 0 1 1 -1 0 0 1 0 
0 0 0 0 0 0 1 0 0 0 
1 -1 0 0 1 0 1 -1 0 t 
0 0 0 0 0 0 0 0 1 0 

0
9 28
3 28
0 -1 0 1 0 0 0 0 1 -s-m1^2 
0 -1 1 1 1 -1 0 0 0 s 
0 0 0 1 0 0 0 0 0 0 
0 0 0 0 1 0 0 0 0 0 
0 0 1 0 0 0 0 0 0 0 
0 1 0 0 0 0 0 0 0 0 
-1 0 1 1 1 -1 -1 1 0 2*s+m1^2-t 
0 0 0 1 0 0 -1 0 1 t 
-1 0 2 1 1 -1 0 0 -1 2*s+m1^2 

0
9 29
5 29
1 0 0 0 0 0 0 0 0 0 
0 -1 1 1 1 -1 0 0 0 s 
0 0 1 0 0 0 0 0 0 0 
0 0 0 0 1 0 0 0 0 0 
0 0 0 1 0 0 0 0 0 0 
0 0 0 0 0 1 0 0 0 0 
-1 0 1 1 1 -1 -1 1 0 2*s-t 
0 0 0 0 0 0 0 1 0 0 
-1 0 2 1 1 -1 0 0 -1 2*s 

0
9 30
6 30
1 0 0 0 0 0 0 0 0 -m1^2 
0 1 0 0 0 0 0 0 0 0 
0 0 1 0 0 0 0 0 0 0 
0 0 0 1 0 0 0 0 0 0 
0 0 0 0 1 0 0 0 0 0 
0 0 0 0 0 1 0 0 0 0 
0 0 0 0 0 0 1 0 0 0 
0 0 0 0 0 0 0 1 0 0 
0 0 0 0 0 0 0 0 1 0 

1
9 35
5 21
1 0 0 0 0 0 0 0 0 0 
0 0 0 0 1 0 0 0 0 0 
0 1 0 0 0 0 0 0 0 0 
0 1 0 0 0 0 0 0 0 0 
0 1 0 0 0 0 0 0 0 0 
0 0 1 0 0 0 0 0 0 0 
0 1 0 0 0 0 0 0 0 0 
0 1 0 0 0 0 0 0 0 0 
0 1 0 0 0 0 0 0 0 0 

0
9 38
2 11
0 2 0 0 0 0 0 0 -1 -m1^2 
1 0 0 0 0 0 0 0 0 0 
0 1 0 0 0 0 0 0 0 0 
1 0 1 0 0 -1 0 0 0 s 
1 3 1 0 -1 0 0 0 -1 m1^2 
0 0 0 1 0 0 0 0 0 0 
2 0 0 0 0 0 0 -1 0 2*m1^2 
0 1 0 0 0 0 1 0 -1 t 
2 0 -1 0 0 0 0 0 0 2*m1^2 

0
9 39
5 53
1 0 0 0 0 0 0 0 0 0 
0 0 0 0 1 0 0 0 0 0 
0 0 1 0 0 0 0 0 0 0 
0 -1 1 1 1 -1 0 0 0 s 
0 -1 2 0 2 0 0 0 0 2*m1^2 
0 0 0 0 0 1 0 0 0 0 
1 -1 0 0 1 0 1 -1 0 2*m1^2+t 
0 0 0 0 0 0 0 1 0 0 
1 -1 -1 0 1 0 0 0 1 2*m1^2 

1
9 41
5 21
1 0 0 0 0 0 0 0 0 0 
0 1 0 0 0 0 0 0 0 0 
0 1 0 0 0 0 0 0 0 0 
0 0 0 0 1 0 0 0 0 0 
0 1 0 0 0 0 0 0 0 0 
0 0 1 0 0 0 0 0 0 0 
0 1 0 0 0 0 0 0 0 0 
0 1 0 0 0 0 0 0 0 0 
0 1 0 0 0 0 0 0 0 0 

1
9 43
9 15
1 0 0 0 0 0 0 0 0 0 
0 1 0 0 0 0 0 0 0 0 
0 0 0 0 1 0 0 0 0 0 
0 0 0 1 0 0 0 0 0 0 
0 0 0 0 1 0 0 0 0 0 
0 0 1 0 0 0 0 0 0 0 
0 0 0 0 1 0 0 0 0 0 
0 0 0 0 1 0 0 0 0 0 
0 0 0 0 1 0 0 0 0 0 

0
9 44
2 11
0 2 0 0 0 0 0 0 -1 -m1^2 
1 0 -1 0 0 1 0 0 0 s 
0 1 0 0 0 0 0 0 0 0 
1 0 0 0 0 0 0 0 0 0 
1 2 0 1 -1 1 0 0 -1 m1^2 
0 0 0 1 0 0 0 0 0 0 
2 0 -1 0 0 1 0 -1 0 2*s+2*m1^2 
0 1 0 0 0 0 1 0 -1 t 
2 0 -2 0 0 1 0 0 0 2*s+2*m1^2 

0
9 45
5 53
1 0 0 0 0 0 0 0 0 0 
0 1 -1 -1 1 1 0 0 0 s 
0 0 1 0 0 0 0 0 0 0 
0 0 0 0 1 0 0 0 0 0 
0 0 0 -1 2 2 0 0 0 2*m1^2 
0 0 0 0 0 1 0 0 0 0 
1 0 -1 -1 1 1 1 -1 0 2*s+2*m1^2+t 
0 0 0 0 0 0 0 1 0 0 
1 0 -2 -1 1 1 0 0 1 2*s+2*m1^2 

0
9 46
6 46
1 0 0 0 0 0 0 0 0 -m1^2 
0 1 0 0 0 0 0 0 0 0 
0 0 1 0 0 0 0 0 0 0 
0 0 0 1 0 0 0 0 0 0 
0 0 0 0 1 0 0 0 0 0 
0 0 0 0 0 1 0 0 0 0 
0 0 0 0 0 0 1 0 0 0 
0 0 0 0 0 0 0 1 0 0 
0 0 0 0 0 0 0 0 1 0 

0
9 50
3 28
-1 0 1 0 0 1 0 0 0 -s-m1^2 
0 0 0 0 1 0 0 0 0 0 
0 0 0 0 0 1 0 0 0 0 
0 -1 1 1 1 -1 0 0 0 s 
0 0 0 1 0 0 0 0 0 0 
0 0 1 0 0 0 0 0 0 0 
1 -1 0 0 1 0 1 -1 0 m1^2+t 
0 0 1 0 0 1 0 -1 0 2*t 
1 -1 -1 0 1 0 0 0 1 m1^2 

1
9 51
5 29
1 0 0 0 0 0 0 0 0 0 
0 0 0 0 1 0 0 0 0 0 
0 1 0 0 0 0 0 0 0 0 
0 1 0 0 0 0 0 0 0 0 
0 0 0 1 0 0 0 0 0 0 
0 0 1 0 0 0 0 0 0 0 
0 1 0 0 0 0 0 0 0 0 
0 1 0 0 0 0 0 0 0 0 
0 1 0 0 0 0 0 0 0 0 

0
9 54
3 30
0 2 0 0 0 0 0 0 -1 -m1^2 
0 0 0 0 1 0 0 0 0 0 
0 1 0 0 0 0 0 0 0 0 
0 -1 1 1 1 -1 0 0 0 s 
0 0 1 0 0 0 0 0 0 0 
0 0 0 1 0 0 0 0 0 0 
1 -1 0 0 1 0 1 -1 0 m1^2+t 
0 1 0 0 0 0 1 0 -1 t 
1 -1 -1 0 1 0 0 0 1 m1^2 

0
9 55
5 55
1 0 0 0 0 0 0 0 0 0 
0 0 0 0 1 0 0 0 0 0 
0 0 1 0 0 0 0 0 0 0 
0 1 -1 -1 1 1 0 0 0 s 
0 1 0 0 0 0 0 0 0 0 
0 0 0 0 0 1 0 0 0 0 
-1 1 0 0 1 0 -1 1 0 -t 
0 0 0 0 0 0 0 1 0 0 
-1 1 1 0 1 0 0 0 -1 0 

1
9 56
2 19
0 0 1 0 0 0 0 0 0 0 
0 0 1 0 0 0 0 0 0 0 
0 0 1 0 0 0 0 0 0 0 
1 0 0 0 0 0 0 0 0 0 
0 1 0 0 0 0 0 0 0 0 
0 0 0 0 1 0 0 0 0 0 
0 0 1 0 0 0 0 0 0 0 
0 0 1 0 0 0 0 0 0 0 
0 0 1 0 0 0 0 0 0 0 

1
9 57
5 23
1 0 0 0 0 0 0 0 0 0 
0 0 0 1 0 0 0 0 0 0 
0 0 0 1 0 0 0 0 0 0 
0 0 0 0 1 0 0 0 0 0 
0 1 0 0 0 0 0 0 0 0 
0 0 1 0 0 0 0 0 0 0 
0 0 0 1 0 0 0 0 0 0 
0 0 0 1 0 0 0 0 0 0 
0 0 0 1 0 0 0 0 0 0 

0
9 58
6 30
1 -2 0 1 1 -1 0 0 1 -2*m1^2 
0 0 0 1 0 0 0 0 0 0 
0 -1 1 1 1 -1 0 0 0 s 
0 1 0 0 0 0 0 0 0 0 
0 0 1 0 0 0 0 0 0 0 
0 0 0 0 1 0 0 0 0 0 
0 1 0 1 0 0 -1 0 0 s+2*m1^2 
0 -1 0 1 1 -1 -1 1 1 s 
0 1 0 1 0 0 0 0 -1 s+2*m1^2 

1
9 59
9 31
1 0 0 0 0 0 0 0 0 0 
0 0 0 1 0 0 0 0 0 0 
0 0 0 0 0 1 0 0 0 0 
0 1 0 0 0 0 0 0 0 0 
0 0 0 0 1 0 0 0 0 0 
0 0 1 0 0 0 0 0 0 0 
0 0 0 0 0 1 0 0 0 0 
0 0 0 0 0 1 0 0 0 0 
0 0 0 0 0 1 0 0 0 0 

0
9 60
3 30
0 -1 0 1 0 0 0 0 1 -s-m1^2 
0 -1 1 1 1 -1 0 0 0 s 
0 0 0 1 0 0 0 0 0 0 
0 0 0 0 1 0 0 0 0 0 
0 0 1 0 0 0 0 0 0 0 
0 1 0 0 0 0 0 0 0 0 
-1 0 1 1 1 -1 -1 1 0 2*s+m1^2-t 
0 0 0 1 0 0 -1 0 1 t 
-1 0 2 1 1 -1 0 0 -1 2*s+m1^2 

1
9 61
5 55
1 0 0 0 0 0 0 0 0 0 
0 0 0 1 0 0 0 0 0 0 
0 0 0 0 0 1 0 0 0 0 
0 0 0 0 1 0 0 0 0 0 
0 1 0 0 0 0 0 0 0 0 
0 0 1 0 0 0 0 0 0 0 
0 0 0 1 0 0 0 0 0 0 
0 0 0 1 0 0 0 0 0 0 
0 0 0 1 0 0 0 0 0 0 

0
9 62
6 62
1 0 0 0 0 0 0 0 0 -m1^2 
0 1 0 0 0 0 0 0 0 0 
0 0 1 0 0 0 0 0 0 0 
0 0 0 1 0 0 0 0 0 0 
0 0 0 0 1 0 0 0 0 0 
0 0 0 0 0 1 0 0 0 0 
0 0 0 0 0 0 1 0 0 0 
0 0 0 0 0 0 0 1 0 0 
0 0 0 0 0 0 0 0 1 0 

