B2[1,1,0,1,0,0,0,0,0]    # 11
B2[1,1,0,0,1,0,0,0,0]    # 19
B3[0,0,1,1,1,0,0,0,0]    # 28
B3[0,0,1,1,2,0,0,0,0]    # 28
B3[0,0,1,2,1,0,0,0,0]    # 28
B5[0,1,1,1,1,0,0,0,0]    # 30
B5[0,1,1,1,0,1,0,0,0]    # 46
B5[0,1,1,1,1,1,0,0,0]    # 62
B8[1,1,0,0,0,0,0,0,0]    #  3
B8[1,1,0,0,1,0,0,0,0]    # 19
B8bis[1,1,0,1,0,0,0,0,0] # 11
B8bis[1,1,0,1,1,0,0,0,0] # 27
B8bis[1,1,0,1,2,0,0,0,0] # 27
B8bis[1,1,0,2,1,0,0,0,0] # 27
B8bis[2,1,0,1,1,0,0,0,0] # 27
B8bis[1,0,1,1,1,0,0,0,0] # 29
B8bis[1,0,1,1,2,0,0,0,0] # 29
B8bis[1,1,1,1,1,0,0,0,0] # 31
B8bis[1,1,1,1,2,0,0,0,0] # 31
B8bis[1,1,1,2,1,0,0,0,0] # 31
B8bis[1,1,1,0,0,1,0,0,0] # 39
B8bis[1,1,1,1,0,1,0,0,0] # 47
B8bis[1,1,1,1,1,1,0,0,0] # 63
