B14[-1, 0, 1, 1, 1, 1, 0, 0, 0]
B14[-1, 1, 1, 0, 1, 1, 0, 0, 0]
B14[-1, 1, 1, 1, 1, 1, -1, 0, 0]
B14[-1, 1, 1, 1, 1, 1, 0, 0, -1]
B14[-1, 1, 1, 1, 1, 1, 0, 0, 0]
B14[0, -1, 1, 1, 1, 1, 0, 0, 0]
B14[0, 0, 0, 1, 1, 1, 0, 0, 0]
B14[0, 0, 1, 0, 1, 1, 0, 0, 0]
B14[0, 0, 1, 1, 0, 1, 0, 0, 0]
B14[0, 0, 1, 1, 1, 0, 0, 0, 0]
B14[0, 0, 1, 1, 1, 1, -1, 0, 0]
B14[0, 0, 1, 1, 1, 1, 0, -1, 0]
B14[0, 0, 1, 1, 1, 1, 0, 0, -1]
B14[0, 0, 1, 1, 1, 1, 0, 0, 0]
B14[0, 1, 0, 0, 1, 1, 0, 0, 0]
B14[0, 1, 0, 1, 1, 1, -1, 0, 0]
B14[0, 1, 0, 1, 1, 1, 0, 0, -1]
B14[0, 1, 0, 1, 1, 1, 0, 0, 0]
B14[0, 1, 1, -1, 1, 1, 0, 0, 0]
B14[0, 1, 1, 0, 0, 1, 0, 0, 0]
B14[0, 1, 1, 0, 1, 0, 0, 0, 0]
B14[0, 1, 1, 0, 1, 1, -1, 0, 0]
B14[0, 1, 1, 0, 1, 1, 0, -1, 0]
B14[0, 1, 1, 0, 1, 1, 0, 0, 0]
B14[0, 1, 1, 1, 0, 1, -1, 0, 0]
B14[0, 1, 1, 1, 0, 1, 0, 0, -1]
B14[0, 1, 1, 1, 0, 1, 0, 0, 0]
B14[0, 1, 1, 1, 1, 0, -1, 0, 0]
B14[0, 1, 1, 1, 1, 0, 0, 0, -1]
B14[0, 1, 1, 1, 1, 0, 0, 0, 0]
B14[0, 1, 1, 1, 1, 1, -2, 0, 0]
B14[0, 1, 1, 1, 1, 1, -1, -1, 0]
B14[0, 1, 1, 1, 1, 1, -1, 0, -1]
B14[0, 1, 1, 1, 1, 1, -1, 0, 0]
B14[0, 1, 1, 1, 1, 1, 0, -1, -1]
B14[0, 1, 1, 1, 1, 1, 0, -1, 0]
B14[0, 1, 1, 1, 1, 1, 0, 0, -1]
B14[0, 1, 1, 1, 1, 1, 0, 0, 0]
B14[1, -1, 0, 1, 1, 1, 0, 0, 0]
B14[1, -1, 1, 1, 1, 0, 0, 0, 0]
B14[1, -1, 1, 1, 1, 1, 0, -1, 0]
B14[1, -1, 1, 1, 1, 1, 0, 0, 0]
B14[1, 0, -1, 1, 1, 1, 0, 0, 0]
B14[1, 0, 0, 0, 1, 1, 0, 0, 0]
B14[1, 0, 0, 1, 0, 1, 0, 0, 0]
B14[1, 0, 0, 1, 1, 0, 0, 0, 0]
B14[1, 0, 0, 1, 1, 1, -1, 0, 0]
B14[1, 0, 0, 1, 1, 1, 0, -1, 0]
B14[1, 0, 0, 1, 1, 1, 0, 0, -1]
B14[1, 0, 0, 1, 1, 1, 0, 0, 0]
B14[1, 0, 1, 0, 1, 0, 0, 0, 0]
B14[1, 0, 1, 0, 1, 1, 0, -1, 0]
B14[1, 0, 1, 0, 1, 1, 0, 0, 0]
B14[1, 0, 1, 1, 0, 0, 0, 0, 0]
B14[1, 0, 1, 1, 0, 1, 0, -1, 0]
B14[1, 0, 1, 1, 0, 1, 0, 0, 0]
B14[1, 0, 1, 1, 1, -1, 0, 0, 0]
B14[1, 0, 1, 1, 1, 0, -1, 0, 0]
B14[1, 0, 1, 1, 1, 0, 0, -1, 0]
B14[1, 0, 1, 1, 1, 0, 0, 0, -1]
B14[1, 0, 1, 1, 1, 0, 0, 0, 0]
B14[1, 0, 1, 1, 1, 1, -1, -1, 0]
B14[1, 0, 1, 1, 1, 1, -1, 0, 0]
B14[1, 0, 1, 1, 1, 1, 0, -2, 0]
B14[1, 0, 1, 1, 1, 1, 0, -1, -1]
B14[1, 0, 1, 1, 1, 1, 0, -1, 0]
B14[1, 0, 1, 1, 1, 1, 0, 0, -1]
B14[1, 0, 1, 1, 1, 1, 0, 0, 0]
B14[1, 1, -1, 0, 1, 1, 0, 0, 0]
B14[1, 1, -1, 1, 1, 1, -1, 0, 0]
B14[1, 1, -1, 1, 1, 1, 0, 0, -1]
B14[1, 1, -1, 1, 1, 1, 0, 0, 0]
B14[1, 1, 0, 0, 0, 1, 0, 0, 0]
B14[1, 1, 0, 0, 1, 0, 0, 0, 0]
B14[1, 1, 0, 0, 1, 1, -1, 0, 0]
B14[1, 1, 0, 0, 1, 1, 0, -1, 0]
B14[1, 1, 0, 0, 1, 1, 0, 0, -1]
B14[1, 1, 0, 0, 1, 1, 0, 0, 0]
B14[1, 1, 0, 1, 0, 1, -1, 0, 0]
B14[1, 1, 0, 1, 0, 1, 0, 0, -1]
B14[1, 1, 0, 1, 0, 1, 0, 0, 0]
B14[1, 1, 0, 1, 1, 0, -1, 0, 0]
B14[1, 1, 0, 1, 1, 0, 0, 0, -1]
B14[1, 1, 0, 1, 1, 0, 0, 0, 0]
B14[1, 1, 0, 1, 1, 1, -2, 0, 0]
B14[1, 1, 0, 1, 1, 1, -1, -1, 0]
B14[1, 1, 0, 1, 1, 1, -1, 0, -1]
B14[1, 1, 0, 1, 1, 1, -1, 0, 0]
B14[1, 1, 0, 1, 1, 1, 0, -1, -1]
B14[1, 1, 0, 1, 1, 1, 0, -1, 0]
B14[1, 1, 0, 1, 1, 1, 0, 0, -2]
B14[1, 1, 0, 1, 1, 1, 0, 0, -1]
B14[1, 1, 0, 1, 1, 1, 0, 0, 0]
B14[1, 1, 1, -1, 1, 1, 0, -1, 0]
B14[1, 1, 1, -1, 1, 1, 0, 0, 0]
B14[1, 1, 1, 0, 0, 0, 0, 0, 0]
B14[1, 1, 1, 0, 0, 1, 0, -1, 0]
B14[1, 1, 1, 0, 0, 1, 0, 0, 0]
B14[1, 1, 1, 0, 1, 0, -1, 0, 0]
B14[1, 1, 1, 0, 1, 0, 0, -1, 0]
B14[1, 1, 1, 0, 1, 0, 0, 0, -1]
B14[1, 1, 1, 0, 1, 0, 0, 0, 0]
B14[1, 1, 1, 0, 1, 1, -1, -1, 0]
B14[1, 1, 1, 0, 1, 1, -1, 0, 0]
B14[1, 1, 1, 0, 1, 1, 0, -2, 0]
B14[1, 1, 1, 0, 1, 1, 0, -1, -1]
B14[1, 1, 1, 0, 1, 1, 0, -1, 0]
B14[1, 1, 1, 0, 1, 1, 0, 0, -1]
B14[1, 1, 1, 0, 1, 1, 0, 0, 0]
B14[1, 1, 1, 1, -1, 1, 0, 0, 0]
B14[1, 1, 1, 1, 0, 0, -1, 0, 0]
B14[1, 1, 1, 1, 0, 0, 0, 0, -1]
B14[1, 1, 1, 1, 0, 0, 0, 0, 0]
B14[1, 1, 1, 1, 0, 1, -1, -1, 0]
B14[1, 1, 1, 1, 0, 1, -1, 0, 0]
B14[1, 1, 1, 1, 0, 1, 0, -1, 0]
B14[1, 1, 1, 1, 0, 1, 0, 0, -1]
B14[1, 1, 1, 1, 0, 1, 0, 0, 0]
B14[1, 1, 1, 1, 1, -1, -1, 0, 0]
B14[1, 1, 1, 1, 1, -1, 0, 0, -1]
B14[1, 1, 1, 1, 1, -1, 0, 0, 0]
B14[1, 1, 1, 1, 1, 0, -2, 0, 0]
B14[1, 1, 1, 1, 1, 0, -1, -1, 0]
B14[1, 1, 1, 1, 1, 0, -1, 0, -1]
B14[1, 1, 1, 1, 1, 0, -1, 0, 0]
B14[1, 1, 1, 1, 1, 0, 0, -1, -1]
B14[1, 1, 1, 1, 1, 0, 0, -1, 0]
B14[1, 1, 1, 1, 1, 0, 0, 0, -2]
B14[1, 1, 1, 1, 1, 0, 0, 0, -1]
B14[1, 1, 1, 1, 1, 0, 0, 0, 0]
B14[1, 1, 1, 1, 1, 1, -2, -1, 0]
B14[1, 1, 1, 1, 1, 1, -2, 0, 0]
B14[1, 1, 1, 1, 1, 1, -1, -2, 0]
B14[1, 1, 1, 1, 1, 1, -1, -1, -1]
B14[1, 1, 1, 1, 1, 1, -1, -1, 0]
B14[1, 1, 1, 1, 1, 1, -1, 0, -1]
B14[1, 1, 1, 1, 1, 1, -1, 0, 0]
B14[1, 1, 1, 1, 1, 1, 0, -2, -1]
B14[1, 1, 1, 1, 1, 1, 0, -2, 0]
B14[1, 1, 1, 1, 1, 1, 0, -1, -1]
B14[1, 1, 1, 1, 1, 1, 0, -1, 0]
B14[1, 1, 1, 1, 1, 1, 0, 0, -2]
B14[1, 1, 1, 1, 1, 1, 0, 0, -1]
B14[1, 1, 1, 1, 1, 1, 0, 0, 0]
B14[-1, 0, 1, 1, 1, 1, 0, 0, 0]
B14[-1, 1, 1, 0, 1, 1, 0, 0, 0]
B14[-1, 1, 1, 1, 1, 1, -1, 0, 0]
B14[-1, 1, 1, 1, 1, 1, 0, 0, -1]
B14[-1, 1, 1, 1, 1, 1, 0, 0, 0]
B14[0, -1, 1, 1, 1, 1, 0, 0, 0]
B14[0, 0, 0, 1, 1, 1, 0, 0, 0]
B14[0, 0, 1, 0, 1, 1, 0, 0, 0]
B14[0, 0, 1, 1, 0, 1, 0, 0, 0]
B14[0, 0, 1, 1, 1, 0, 0, 0, 0]
B14[0, 0, 1, 1, 1, 1, -1, 0, 0]
B14[0, 0, 1, 1, 1, 1, 0, -1, 0]
B14[0, 0, 1, 1, 1, 1, 0, 0, -1]
B14[0, 0, 1, 1, 1, 1, 0, 0, 0]
B14[0, 1, 0, 0, 1, 1, 0, 0, 0]
B14[0, 1, 0, 1, 1, 1, -1, 0, 0]
B14[0, 1, 0, 1, 1, 1, 0, 0, -1]
B14[0, 1, 0, 1, 1, 1, 0, 0, 0]
B14[0, 1, 1, -1, 1, 1, 0, 0, 0]
B14[0, 1, 1, 0, 0, 1, 0, 0, 0]
B14[0, 1, 1, 0, 1, 0, 0, 0, 0]
B14[0, 1, 1, 0, 1, 1, -1, 0, 0]
B14[0, 1, 1, 0, 1, 1, 0, -1, 0]
B14[0, 1, 1, 0, 1, 1, 0, 0, 0]
B14[0, 1, 1, 1, 0, 1, -1, 0, 0]
B14[0, 1, 1, 1, 0, 1, 0, 0, -1]
B14[0, 1, 1, 1, 0, 1, 0, 0, 0]
B14[0, 1, 1, 1, 1, 0, -1, 0, 0]
B14[0, 1, 1, 1, 1, 0, 0, 0, -1]
B14[0, 1, 1, 1, 1, 0, 0, 0, 0]
B14[0, 1, 1, 1, 1, 1, -2, 0, 0]
B14[0, 1, 1, 1, 1, 1, -1, -1, 0]
B14[0, 1, 1, 1, 1, 1, -1, 0, -1]
B14[0, 1, 1, 1, 1, 1, -1, 0, 0]
B14[0, 1, 1, 1, 1, 1, 0, -1, -1]
B14[0, 1, 1, 1, 1, 1, 0, -1, 0]
B14[0, 1, 1, 1, 1, 1, 0, 0, -1]
B14[0, 1, 1, 1, 1, 1, 0, 0, 0]
B14[1, -1, 0, 1, 1, 1, 0, 0, 0]
B14[1, -1, 1, 1, 1, 0, 0, 0, 0]
B14[1, -1, 1, 1, 1, 1, 0, -1, 0]
B14[1, -1, 1, 1, 1, 1, 0, 0, 0]
B14[1, 0, -1, 1, 1, 1, 0, 0, 0]
B14[1, 0, 0, 0, 1, 1, 0, 0, 0]
B14[1, 0, 0, 1, 0, 1, 0, 0, 0]
B14[1, 0, 0, 1, 1, 0, 0, 0, 0]
B14[1, 0, 0, 1, 1, 1, -1, 0, 0]
B14[1, 0, 0, 1, 1, 1, 0, -1, 0]
B14[1, 0, 0, 1, 1, 1, 0, 0, -1]
B14[1, 0, 0, 1, 1, 1, 0, 0, 0]
B14[1, 0, 1, 0, 1, 0, 0, 0, 0]
B14[1, 0, 1, 0, 1, 1, 0, -1, 0]
B14[1, 0, 1, 0, 1, 1, 0, 0, 0]
B14[1, 0, 1, 1, 0, 0, 0, 0, 0]
B14[1, 0, 1, 1, 0, 1, 0, -1, 0]
B14[1, 0, 1, 1, 0, 1, 0, 0, 0]
B14[1, 0, 1, 1, 1, -1, 0, 0, 0]
B14[1, 0, 1, 1, 1, 0, -1, 0, 0]
B14[1, 0, 1, 1, 1, 0, 0, -1, 0]
B14[1, 0, 1, 1, 1, 0, 0, 0, -1]
B14[1, 0, 1, 1, 1, 0, 0, 0, 0]
B14[1, 0, 1, 1, 1, 1, -1, -1, 0]
B14[1, 0, 1, 1, 1, 1, -1, 0, 0]
B14[1, 0, 1, 1, 1, 1, 0, -2, 0]
B14[1, 0, 1, 1, 1, 1, 0, -1, -1]
B14[1, 0, 1, 1, 1, 1, 0, -1, 0]
B14[1, 0, 1, 1, 1, 1, 0, 0, -1]
B14[1, 0, 1, 1, 1, 1, 0, 0, 0]
B14[1, 1, -1, 0, 1, 1, 0, 0, 0]
B14[1, 1, -1, 1, 1, 1, -1, 0, 0]
B14[1, 1, -1, 1, 1, 1, 0, 0, -1]
B14[1, 1, -1, 1, 1, 1, 0, 0, 0]
B14[1, 1, 0, 0, 0, 1, 0, 0, 0]
B14[1, 1, 0, 0, 1, 0, 0, 0, 0]
B14[1, 1, 0, 0, 1, 1, -1, 0, 0]
B14[1, 1, 0, 0, 1, 1, 0, -1, 0]
B14[1, 1, 0, 0, 1, 1, 0, 0, -1]
B14[1, 1, 0, 0, 1, 1, 0, 0, 0]
B14[1, 1, 0, 1, 0, 1, -1, 0, 0]
B14[1, 1, 0, 1, 0, 1, 0, 0, -1]
B14[1, 1, 0, 1, 0, 1, 0, 0, 0]
B14[1, 1, 0, 1, 1, 0, -1, 0, 0]
B14[1, 1, 0, 1, 1, 0, 0, 0, -1]
B14[1, 1, 0, 1, 1, 0, 0, 0, 0]
B14[1, 1, 0, 1, 1, 1, -2, 0, 0]
B14[1, 1, 0, 1, 1, 1, -1, -1, 0]
B14[1, 1, 0, 1, 1, 1, -1, 0, -1]
B14[1, 1, 0, 1, 1, 1, -1, 0, 0]
B14[1, 1, 0, 1, 1, 1, 0, -1, -1]
B14[1, 1, 0, 1, 1, 1, 0, -1, 0]
B14[1, 1, 0, 1, 1, 1, 0, 0, -2]
B14[1, 1, 0, 1, 1, 1, 0, 0, -1]
B14[1, 1, 0, 1, 1, 1, 0, 0, 0]
B14[1, 1, 1, -1, 1, 1, 0, -1, 0]
B14[1, 1, 1, -1, 1, 1, 0, 0, 0]
B14[1, 1, 1, 0, 0, 0, 0, 0, 0]
B14[1, 1, 1, 0, 0, 1, 0, -1, 0]
B14[1, 1, 1, 0, 0, 1, 0, 0, 0]
B14[1, 1, 1, 0, 1, 0, -1, 0, 0]
B14[1, 1, 1, 0, 1, 0, 0, -1, 0]
B14[1, 1, 1, 0, 1, 0, 0, 0, -1]
B14[1, 1, 1, 0, 1, 0, 0, 0, 0]
B14[1, 1, 1, 0, 1, 1, -1, -1, 0]
B14[1, 1, 1, 0, 1, 1, -1, 0, 0]
B14[1, 1, 1, 0, 1, 1, 0, -2, 0]
B14[1, 1, 1, 0, 1, 1, 0, -1, -1]
B14[1, 1, 1, 0, 1, 1, 0, -1, 0]
B14[1, 1, 1, 0, 1, 1, 0, 0, -1]
B14[1, 1, 1, 0, 1, 1, 0, 0, 0]
B14[1, 1, 1, 1, -1, 1, 0, 0, 0]
B14[1, 1, 1, 1, 0, 0, -1, 0, 0]
B14[1, 1, 1, 1, 0, 0, 0, 0, -1]
B14[1, 1, 1, 1, 0, 0, 0, 0, 0]
B14[1, 1, 1, 1, 0, 1, -1, -1, 0]
B14[1, 1, 1, 1, 0, 1, -1, 0, 0]
B14[1, 1, 1, 1, 0, 1, 0, -1, 0]
B14[1, 1, 1, 1, 0, 1, 0, 0, -1]
B14[1, 1, 1, 1, 0, 1, 0, 0, 0]
B14[1, 1, 1, 1, 1, -1, -1, 0, 0]
B14[1, 1, 1, 1, 1, -1, 0, 0, -1]
B14[1, 1, 1, 1, 1, -1, 0, 0, 0]
B14[1, 1, 1, 1, 1, 0, -2, 0, 0]
B14[1, 1, 1, 1, 1, 0, -1, -1, 0]
B14[1, 1, 1, 1, 1, 0, -1, 0, -1]
B14[1, 1, 1, 1, 1, 0, -1, 0, 0]
B14[1, 1, 1, 1, 1, 0, 0, -1, -1]
B14[1, 1, 1, 1, 1, 0, 0, -1, 0]
B14[1, 1, 1, 1, 1, 0, 0, 0, -2]
B14[1, 1, 1, 1, 1, 0, 0, 0, -1]
B14[1, 1, 1, 1, 1, 0, 0, 0, 0]
B14[1, 1, 1, 1, 1, 1, -2, -1, 0]
B14[1, 1, 1, 1, 1, 1, -2, 0, 0]
B14[1, 1, 1, 1, 1, 1, -1, -2, 0]
B14[1, 1, 1, 1, 1, 1, -1, -1, -1]
B14[1, 1, 1, 1, 1, 1, -1, -1, 0]
B14[1, 1, 1, 1, 1, 1, -1, 0, -1]
B14[1, 1, 1, 1, 1, 1, -1, 0, 0]
B14[1, 1, 1, 1, 1, 1, 0, -2, -1]
B14[1, 1, 1, 1, 1, 1, 0, -2, 0]
B14[1, 1, 1, 1, 1, 1, 0, -1, -1]
B14[1, 1, 1, 1, 1, 1, 0, -1, 0]
B14[1, 1, 1, 1, 1, 1, 0, 0, -2]
B14[1, 1, 1, 1, 1, 1, 0, 0, -1]
B14[1, 1, 1, 1, 1, 1, 0, 0, 0]
B14[0, 1, 1, 0, 1, 1, 0, 0, -1]
B14[2, 0, -1, 0, 1, 1, 0, 0, 0]
B14[2, 0, 0, 0, 1, 0, 0, 0, 0]
B14[2, 0, 0, 0, 1, 1, 0, -1, 0]
B14[2, 0, 0, 0, 1, 1, 0, 0, 0]
B14[2, 0, 1, 0, 1, -1, 0, 0, 0]
B14[2, 0, 1, 0, 1, 0, 0, -1, 0]
B14[2, 0, 1, 0, 1, 0, 0, 0, 0]
B14[2, 0, 1, 0, 1, 1, 0, -2, 0]
B14[2, 0, 1, 0, 1, 1, 0, -1, 0]
B14[2, 0, 1, 0, 1, 1, 0, 0, 0]
B14[-1, 0, 1, 0, 1, 2, 0, 0, 0]
B14[-1, 0, 1, 1, 0, 2, 0, 0, 0]
B14[-1, 0, 1, 1, 1, 2, 0, 0, 0]
B14[0, 0, 0, 0, 1, 2, 0, 0, 0]
B14[0, 0, 0, 1, 0, 2, 0, 0, 0]
B14[0, 0, 0, 1, 1, 2, 0, 0, 0]
B14[0, 0, 1, 0, 1, 2, 0, -1, 0]
B14[0, 0, 1, 0, 1, 2, 0, 0, 0]
B14[0, 0, 1, 1, 0, 2, 0, -1, 0]
B14[0, 0, 1, 1, 0, 2, 0, 0, 0]
B14[0, 0, 1, 1, 1, 2, 0, -1, 0]
B14[0, 0, 1, 1, 1, 2, 0, 0, 0]
B14[1, 0, -1, 0, 1, 2, 0, 0, 0]
B14[1, 0, -1, 1, 0, 2, 0, 0, 0]
B14[1, 0, -1, 1, 1, 2, 0, 0, 0]
B14[1, 0, 0, 0, 1, 2, 0, -1, 0]
B14[1, 0, 0, 0, 1, 2, 0, 0, 0]
B14[1, 0, 0, 1, 0, 2, 0, -1, 0]
B14[1, 0, 0, 1, 0, 2, 0, 0, 0]
B14[1, 0, 0, 1, 1, 2, 0, -1, 0]
B14[1, 0, 0, 1, 1, 2, 0, 0, 0]
B14[1, 0, 1, 0, 1, 2, 0, -2, 0]
B14[1, 0, 1, 0, 1, 2, 0, -1, 0]
B14[1, 0, 1, 0, 1, 2, 0, 0, 0]
B14[1, 0, 1, 1, 0, 2, 0, -2, 0]
B14[1, 0, 1, 1, 0, 2, 0, -1, 0]
B14[1, 0, 1, 1, 0, 2, 0, 0, 0]
B14[1, 0, 1, 1, 1, 2, 0, -2, 0]
B14[1, 0, 1, 1, 1, 2, 0, -1, 0]
B14[1, 0, 1, 1, 1, 2, 0, 0, 0]
B14[-1, 0, 2, 0, 1, 1, 0, 0, 0]
B14[-1, 1, 2, 0, 0, 1, 0, 0, 0]
B14[-1, 1, 2, 0, 1, 1, 0, 0, 0]
B14[0, 0, 2, 0, 1, 0, 0, 0, 0]
B14[0, 0, 2, 0, 1, 1, 0, -1, 0]
B14[0, 0, 2, 0, 1, 1, 0, 0, 0]
B14[0, 1, 1, 0, 1, 1, 0, 0, -1]
B14[0, 1, 2, 0, 0, 0, 0, 0, 0]
B14[0, 1, 2, 0, 0, 1, 0, -1, 0]
B14[0, 1, 2, 0, 0, 1, 0, 0, 0]
B14[0, 1, 2, 0, 1, 0, 0, 0, 0]
B14[0, 1, 2, 0, 1, 1, 0, -1, 0]
B14[0, 1, 2, 0, 1, 1, 0, 0, 0]
B14[1, 0, 2, 0, 1, -1, 0, 0, 0]
B14[1, 0, 2, 0, 1, 0, 0, -1, 0]
B14[1, 0, 2, 0, 1, 0, 0, 0, 0]
B14[1, 0, 2, 0, 1, 1, 0, -2, 0]
B14[1, 0, 2, 0, 1, 1, 0, -1, 0]
B14[1, 0, 2, 0, 1, 1, 0, 0, 0]
B14[1, 1, 0, -1, 1, 1, 0, 0, 0]
B14[1, 1, 1, -1, 1, 0, 0, 0, 0]
B14[1, 1, 1, 0, 1, -1, 0, 0, 0]
B14[1, 1, 2, 0, 0, -1, 0, 0, 0]
B14[1, 1, 2, 0, 0, 0, 0, -1, 0]
B14[1, 1, 2, 0, 0, 0, 0, 0, 0]
B14[1, 1, 2, 0, 0, 1, 0, -2, 0]
B14[1, 1, 2, 0, 0, 1, 0, -1, 0]
B14[1, 1, 2, 0, 0, 1, 0, 0, 0]
B14[1, 1, 2, 0, 1, -1, 0, 0, 0]
B14[1, 1, 2, 0, 1, 0, 0, -1, 0]
B14[1, 1, 2, 0, 1, 0, 0, 0, 0]
B14[1, 1, 2, 0, 1, 1, 0, -2, 0]
B14[1, 1, 2, 0, 1, 1, 0, -1, 0]
B14[1, 1, 2, 0, 1, 1, 0, 0, 0]