504 11668454735650327485 1 6
4 5 7 3 8 6 

500 1953313747470652897 1 6
4 8 6 2 7 5 

498 1570197977241037257 1 6
4 7 5 1 8 6 

497 17029634362353328258 1 6
4 8 6 5 7 0 

492 4421547007172725327 2 6
2 7 5 3 6 8 
2 7 5 3 8 6 

490 3832018042155595243 2 6
5 7 3 6 8 1 
5 7 3 8 6 1 

489 13040681050084540404 2 6
3 6 8 5 0 7 
3 8 6 5 0 7 

486 2292909367497722660 2 6
2 7 5 6 8 1 
2 7 5 8 6 1 

485 10311656012688697720 2 6
6 8 2 7 5 0 
8 6 2 7 5 0 

483 17362164840147732709 2 6
6 8 1 5 0 7 
8 6 1 5 0 7 

476 3312229328698587329 1 6
4 2 7 3 8 6 

474 809251009795112411 2 6
4 7 1 3 8 6 
7 4 1 3 8 6 

473 2949064747000681965 1 6
4 7 0 3 8 6 

470 16423739688077682584 1 6
4 7 2 1 8 6 

469 13699281904088645720 1 6
4 8 6 7 2 0 

467 14110730003723828063 1 6
4 7 0 1 8 6 

462 9598113618096700989 2 6
2 7 3 6 8 1 
2 7 3 8 6 1 

461 17837113054959581478 2 6
2 7 0 3 6 8 
2 7 0 3 8 6 

455 16302051357334012612 2 6
2 7 0 6 8 1 
2 7 0 8 6 1 

444 16397976854103104216 1 6
4 8 3 2 7 5 

442 6583371151074010086 1 6
4 7 5 1 8 3 

441 13802159177317618285 1 6
4 8 3 5 7 0 

438 16488349444803953072 1 6
4 1 8 7 2 5 

437 12093956338384100699 2 6
4 8 2 7 5 0 
8 4 2 7 5 0 

435 3347093481901256218 1 6
4 1 8 7 5 0 

430 13483149197728476878 1 6
2 7 5 3 8 1 

429 948070985154401937 1 6
3 8 2 7 5 0 

427 1595469895443518008 1 6
3 8 1 5 0 7 

423 2773613757165048232 1 6
1 8 2 7 5 0 

414 47772137963763234 1 6
4 7 2 1 3 8 

413 13630713081284890437 1 6
4 3 8 2 7 0 

411 16238942336221975444 1 6
4 7 0 1 3 8 

407 5414161806809679910 1 6
4 1 8 7 2 0 

399 9844930970850417526 1 6
2 7 0 3 8 1 

380 4745976932083180613 2 6
4 5 2 3 6 8 
4 5 2 3 8 6 

378 7641948351102463994 2 6
5 4 3 6 8 1 
5 4 3 8 6 1 

377 2413232823024401942 1 6
4 5 0 3 6 8 

374 14437912192381496294 2 6
4 5 2 6 8 1 
4 5 2 8 6 1 

373 6293737853343130400 1 6
4 6 8 5 2 0 

371 4749991616273370825 1 6
4 5 0 6 8 1 

366 3706982347558236645 4 6
2 5 3 6 8 1 
2 5 3 8 6 1 
5 2 3 6 8 1 
5 2 3 8 6 1 

365 17203790952514079796 4 6
3 6 8 5 2 0 
3 6 8 2 5 0 
3 8 6 5 2 0 
3 8 6 2 5 0 

363 4379130549974612417 2 6
5 0 3 6 8 1 
5 0 3 8 6 1 

359 8390529797307461905 4 6
2 5 0 6 8 1 
2 5 0 8 6 1 
5 2 0 6 8 1 
5 2 0 8 6 1 

350 10804060167337527502 2 6
2 4 3 6 8 1 
2 4 3 8 6 1 

349 14202842952372994705 1 6
4 2 0 3 6 8 

347 15625084219173613968 2 6
0 4 3 6 8 1 
4 0 3 6 8 1 

343 9148051746146108571 1 6
4 2 0 6 8 1 

335 4379130549974612417 2 6
2 0 3 6 8 1 
2 0 3 8 6 1 

318 2509841564885019821 1 6
4 5 2 8 3 1 

317 2777992906427595709 1 6
4 8 3 5 2 0 

315 9397004398259918813 1 6
4 5 0 8 3 1 

311 9810407291077492845 1 6
4 8 1 5 2 0 

303 13882837075479164339 2 6
3 8 1 5 2 0 
3 8 1 2 5 0 

287 6548987401207518304 1 6
4 2 0 3 8 1 

252 6687697424323361802 1 6
4 6 3 2 7 5 

250 3777768032140633916 1 6
4 7 5 1 6 3 

249 17651969362247344096 1 6
4 6 3 5 0 7 

246 10120443117084104775 1 6
4 1 6 7 2 5 

245 10345139164912090152 2 6
4 6 2 7 5 0 
6 4 2 7 5 0 

243 7773574021718707355 1 6
4 1 6 7 5 0 

238 13483149197728476878 1 6
2 7 5 3 6 1 

237 948070985154401937 1 6
3 6 2 7 5 0 

235 1595469895443518008 1 6
3 6 1 5 0 7 

231 2773613757165048232 1 6
1 6 2 7 5 0 

222 7889650810750892184 1 6
4 7 2 1 3 6 

221 6576233082653441235 1 6
4 3 6 2 7 0 

219 15407341879162851034 1 6
4 7 0 1 3 6 

215 3312453341691157684 1 6
4 1 6 7 2 0 

207 9844930970850417526 1 6
2 7 0 3 6 1 

190 5404531975760014721 1 6
4 1 3 7 2 5 

189 12841934592529804755 1 6
3 4 2 7 5 0 

187 11644196594797373391 1 6
4 1 3 7 5 0 

183 17943566865826044500 1 6
1 4 7 2 5 0 

175 14900856497825686178 2 6
1 3 2 7 5 0 
3 1 2 7 5 0 

159 15312052871380782876 1 6
4 1 3 7 2 0 

354 16948341469190026870 2 4
5 6 8 1 
5 8 6 1 

326 16948341469190026870 2 4
2 6 8 1 
2 8 6 1 

306 9729615283854494237 1 4
5 4 8 1 

291 16090410299939311218 2 4
1 8 5 0 
5 0 1 8 

34 6418788559813620734 2 2
1 5 
5 1 

278 4202095454877244025 1 4
2 4 1 8 

402 16838967850405845407 2 4
4 7 1 8 
7 4 1 8 

275 12373101254842352157 2 4
0 4 1 8 
4 0 1 8 

270 2587734571263235388 1 4
2 3 8 1 

13 2478828171418144674 1 3
3 2 0 

390 9472176783627315832 1 4
2 7 1 8 

263 16090410299939311218 2 4
1 8 2 0 
2 0 1 8 

6 6418788559813620734 2 2
1 2 
2 1 

209 14464701420057260074 2 4
4 6 0 7 
6 4 0 7 

466 4887717821957590538 2 5
4 7 1 8 6 
7 4 1 8 6 

153 2552729933884771177 1 4
3 4 0 7 

410 15848205748502733874 2 5
4 7 1 3 8 
7 4 1 3 8 

401 15069703983052520013 2 4
4 8 7 0 
8 4 7 0 

147 2273164880200228805 1 4
1 4 7 0 

404 18016334635987716928 2 4
4 8 7 2 
8 4 7 2 

120 5870724785645776982 1 4
5 4 6 3 

116 16471184526898767610 2 4
4 6 5 2 
6 4 5 2 

368 696360648397692703 2 4
5 4 6 8 
5 4 8 6 

111 13882837075479164339 2 6
3 6 1 5 2 0 
3 6 1 2 5 0 

114 9729615283854494237 1 4
5 4 6 1 

240 8390707950564621752 2 4
4 6 5 7 
6 4 5 7 

113 7729850425946207963 2 4
4 6 5 0 
6 4 5 0 

370 8101062721611166564 2 5
5 4 6 8 1 
5 4 8 6 1 

108 16201144997092008514 2 4
3 6 5 2 
3 6 2 5 

360 14288042240927219367 2 4
5 3 6 8 
5 3 8 6 

103 9694147777200307286 2 5
1 6 2 5 0 
1 6 5 2 0 

106 2587734571263235388 1 4
5 3 6 1 

232 5273052611693286303 1 4
3 6 5 7 

105 6741145358646130843 1 4
3 6 5 0 

362 4546661380259675145 2 5
5 3 6 8 1 
5 3 8 6 1 

356 16870034378063661611 4 4
2 5 6 8 
2 5 8 6 
5 2 6 8 
5 2 8 6 

99 16090410299939311218 2 4
1 6 5 0 
5 0 1 6 

102 18366606457128684722 2 4
2 5 1 6 
5 2 1 6 

353 17887240034749953921 2 4
6 8 5 0 
8 6 5 0 

226 1147502908348920912 1 4
1 6 5 7 

92 9697172600118156650 1 4
2 4 3 6 

216 16709454206779536824 2 4
4 7 3 6 
7 4 3 6 

89 11083303319793752353 2 4
0 4 6 3 
4 0 6 3 

340 14546617778498373617 2 4
2 4 6 8 
2 4 8 6 

83 4019525077869292401 2 4
0 4 6 1 
4 0 6 1 

86 4202095454877244025 1 4
2 4 1 6 

28 9276123899861040501 2 3
2 3 4 
3 2 4 

285 8943422101647884508 1 5
4 3 8 2 0 

81 9413728465799325139 6 3
0 4 6 
0 6 4 
4 0 6 
4 6 0 
6 4 0 
6 0 4 

104 3184404308598469865 1 3
5 3 6 

361 2832465722290948169 2 5
5 0 3 6 8 
5 0 3 8 6 

172 13248820353386375832 1 4
3 2 7 5 

45 5358079355474402359 2 4
3 2 5 0 
3 5 2 0 

302 1519880112753816539 2 5
2 5 3 8 1 
5 2 3 8 1 

84 2746071953399998598 2 3
2 4 6 
2 6 4 

341 16475487183757113832 1 5
4 6 8 0 2 

76 3184404308598469865 1 3
2 3 6 

333 2832465722290948169 2 5
2 0 3 6 8 
2 0 3 8 6 

56 12428080146228384626 2 3
3 5 4 
5 3 4 

313 9893640005258147252 1 5
4 8 3 5 0 

298 2587734571263235388 1 4
5 3 8 1 

41 2478828171418144674 1 3
3 5 0 

44 10030130039971291860 2 3
3 2 5 
3 5 2 

301 13993937774918511587 2 5
3 8 5 2 0 
3 8 2 5 0 

332 14288042240927219367 2 4
2 3 6 8 
2 3 8 6 

78 2587734571263235388 1 4
2 3 6 1 

168 11128756936938589010 1 3
3 5 7 

425 14119465798607255553 1 5
3 8 5 0 7 

12 6418788559813620734 2 2
2 3 
3 2 

269 6741145358646130843 1 4
3 8 2 0 

325 17887240034749953921 2 4
6 8 2 0 
8 6 2 0 

198 9472176783627315832 1 4
2 7 1 6 

71 16090410299939311218 2 4
1 6 2 0 
2 0 1 6 

112 16904224500720461835 2 3
5 4 6 
5 6 4 

369 849006624390541609 1 5
4 5 0 6 8 

38 10030130039971291860 2 3
1 2 5 
1 5 2 

295 9694147777200307286 2 5
1 8 2 5 0 
1 8 5 2 0 

25 2746071953399998598 2 3
3 0 4 
3 4 0 

152 4882412057636435475 2 3
3 4 7 
3 7 4 

409 6527753002269240446 1 5
4 8 3 7 0 

166 13248820353386375832 1 4
1 2 7 5 

39 5358079355474402359 2 4
1 2 5 0 
1 5 2 0 

296 3184404308598469865 1 3
5 3 8 

294 18366606457128684722 2 4
2 5 1 8 
5 2 1 8 

40 6418788559813620734 2 2
3 5 
5 3 

297 6741145358646130843 1 4
3 8 5 0 

22 12428080146228384626 2 3
1 2 4 
2 1 4 

279 6483886871312698022 2 5
4 1 8 2 0 
4 2 0 1 8 

276 2746071953399998598 2 3
2 4 8 
2 8 4 

19 2746071953399998598 2 3
1 0 4 
1 4 0 

134 2739023906096162018 1 3
1 2 7 

391 161678526288387292 1 5
1 8 2 7 0 

7 2478828171418144674 1 3
1 2 0 

140 2739023906096162018 1 3
3 2 7 

397 8564290139041095665 1 5
3 8 2 7 0 

162 11128756936938589010 1 3
1 5 7 

419 9647042818501898173 1 5
1 8 5 0 7 

35 2478828171418144674 1 3
1 5 0 

135 7983251557070347311 1 4
1 2 7 0 

262 2478828171418144674 1 3
2 1 8 

212 10646429081674489635 2 4
4 6 2 7 
6 4 2 7 

85 4019525077869292401 2 4
4 6 0 2 
6 4 0 2 

342 5292514158874377474 2 5
2 4 6 8 1 
2 4 8 6 1 

141 7983251557070347311 1 4
3 2 7 0 

398 13898417281978374700 1 5
2 7 3 8 1 

14 10030130039971291860 2 3
2 1 3 
2 3 1 

271 10858887750028001058 1 5
2 0 3 8 1 

268 3184404308598469865 1 3
2 3 8 

163 7260068969296832072 1 4
1 5 0 7 

290 2478828171418144674 1 3
5 1 8 

308 16471184526898767610 2 4
4 8 5 2 
8 4 5 2 

51 5543426917927175521 1 4
1 4 5 0 

54 13579026762848876138 1 4
1 4 5 2 

169 7260068969296832072 1 4
3 5 0 7 

426 12289705294229415384 1 5
5 7 3 8 1 

42 10030130039971291860 2 3
5 3 1 
5 1 3 

299 10858887750028001058 1 5
5 0 3 8 1 

60 13579026762848876138 1 4
3 4 2 5 

50 9276123899861040501 2 3
1 5 4 
5 1 4 

307 16287197569391119062 1 5
4 5 0 8 1 

304 16904224500720461835 2 3
5 4 8 
5 8 4 

47 2429544871456040167 4 5
1 3 2 5 0 
1 3 5 2 0 
3 1 2 5 0 
3 1 5 2 0 

70 2478828171418144674 1 3
2 1 6 

327 9096261757347529788 2 5
2 0 6 8 1 
2 0 8 6 1 

324 3577719769199348051 2 3
2 6 8 
2 8 6 

156 12090020041620714133 1 4
3 4 2 7 

29 5543426917927175521 1 4
3 4 2 0 

286 8520744690124812739 1 5
2 4 3 8 1 

98 2478828171418144674 1 3
5 1 6 

355 9096261757347529788 2 5
5 0 6 8 1 
5 0 8 6 1 

352 3577719769199348051 2 3
5 6 8 
5 8 6 

95 1491773877509738935 1 6
4 2 0 3 6 1 

184 5152696365380585407 1 4
3 4 5 7 

57 4202095454877244025 1 4
3 4 5 0 

314 17935406476354236908 1 5
5 4 8 3 1 

146 5501888995646483529 2 3
1 4 7 
1 7 4 

403 3864210569286994061 1 5
4 7 0 1 8 

400 6854453316659280362 6 3
4 7 8 
4 8 7 
7 4 8 
7 8 4 
8 7 4 
8 4 7 

143 5171368441957593738 2 5
1 3 2 7 0 
3 1 2 7 0 

300 16201144997092008514 2 4
3 8 5 2 
3 8 2 5 

43 18366606457128684722 2 4
1 3 5 0 
3 1 5 0 

46 10903747253575081480 8 4
1 3 2 5 
1 3 5 2 
2 5 3 1 
2 5 1 3 
3 1 2 5 
3 1 5 2 
5 2 3 1 
5 2 1 3 

396 17648511481985043730 1 4
2 7 3 8 

142 4464899825584318410 2 4
2 7 3 1 
2 7 1 3 

15 18366606457128684722 2 4
1 3 2 0 
3 1 2 0 

277 12373101254842352157 2 4
4 8 2 0 
8 4 2 0 

150 458172597828237784 1 4
1 4 7 2 

23 4202095454877244025 1 4
1 4 2 0 

281 16732689803254213289 2 4
0 4 3 8 
4 0 3 8 

154 6204974700445447065 2 4
4 7 1 3 
7 4 1 3 

27 8689860048811768742 4 4
0 4 3 1 
0 4 1 3 
4 0 3 1 
4 0 1 3 

284 9697172600118156650 1 4
2 4 3 8 

30 13579026762848876138 1 4
2 4 3 1 

170 2992373649537731297 2 4
1 3 5 7 
3 1 5 7 

305 13604458710165932738 2 4
4 8 5 0 
8 4 5 0 

178 15915083155406530453 1 4
1 4 7 5 

312 5870724785645776982 1 4
5 4 8 3 

55 10239872437180500591 1 5
1 4 5 2 0 

58 13579026762848876138 1 4
5 4 1 3 

204 17648511481985043730 1 4
2 7 3 6 

77 6741145358646130843 1 4
3 6 2 0 

334 4546661380259675145 2 5
2 3 6 8 1 
2 3 8 6 1 

337 2804727758338700589 2 4
0 4 6 8 
4 0 6 8 

210 1757414607844231807 2 4
4 7 1 6 
7 4 1 6 

408 18299782581589200312 2 4
4 7 8 3 
7 4 8 3 

151 704774432393954107 1 5
1 4 7 2 0 

418 1147502908348920912 1 4
1 8 5 7 

424 5273052611693286303 1 4
3 8 5 7 

167 17533934879751520170 1 5
1 2 7 5 0 

432 16706683831296399863 2 4
4 8 5 7 
8 4 5 7 

452 13289812603871096668 2 4
2 7 6 8 
2 7 8 6 

464 8798062775859157289 2 4
4 7 8 6 
7 4 8 6 

480 10785760608849841082 2 4
6 8 5 7 
8 6 5 7 

31 2801028730307883755 1 5
4 3 1 2 0 

59 2801028730307883755 1 5
4 1 3 5 0 

316 10663799536012700388 1 5
4 8 3 5 2 

61 10239872437180500591 1 5
3 4 2 5 0 

62 6220030702805974527 4 5
4 2 5 1 3 
4 3 1 5 2 
4 1 3 2 5 
4 5 2 3 1 

79 10858887750028001058 1 5
2 0 3 6 1 

87 13162063298092327781 2 5
4 1 6 2 0 
4 2 0 1 6 

91 4686386396009880543 2 5
0 4 3 6 1 
4 0 3 6 1 

348 18309653984013802048 2 5
2 4 3 6 8 
2 4 3 8 6 

93 8806926913020133465 1 5
4 3 6 2 0 

94 8520744690124812739 1 5
2 4 3 6 1 

107 10858887750028001058 1 5
5 0 3 6 1 

364 6188703186720087339 4 5
2 5 3 6 8 
2 5 3 8 6 
5 2 3 6 8 
5 2 3 8 6 

109 13993937774918511587 2 5
3 6 5 2 0 
3 6 2 5 0 

110 1519880112753816539 2 5
2 5 3 6 1 
5 2 3 6 1 

115 12487157076596494893 1 5
4 5 0 6 1 

372 4635636351882006055 2 5
4 5 2 6 8 
4 5 2 8 6 

117 1242228612478073828 2 5
4 6 5 2 0 
6 4 5 2 0 

118 4529820954576418397 1 5
4 5 2 6 1 

121 18202044312471495890 1 5
4 6 3 5 0 

122 17935406476354236908 1 5
5 4 6 3 1 

124 10663799536012700388 1 5
4 6 3 5 2 

155 7776865124294918090 1 5
4 1 3 7 0 

412 16830476466761518452 1 5
4 2 7 3 8 

157 13392307108521228998 1 5
3 4 2 7 0 

158 5297306434287804526 1 5
4 7 2 1 3 

171 6050734748822818154 2 5
1 3 5 0 7 
3 1 5 0 7 

428 9860383849555254188 1 5
3 8 2 7 5 

173 17533934879751520170 1 5
3 2 7 5 0 

174 12869042119419318987 2 5
1 3 2 7 5 
3 1 2 7 5 

179 2306763668893625478 1 5
1 4 7 5 0 

436 12477620574408234092 2 5
4 8 2 7 5 
8 4 2 7 5 

182 18042675669278427892 1 5
1 4 7 2 5 

185 16061296712652067388 1 5
3 4 5 0 7 

186 6233744655621932393 1 5
4 1 3 7 5 

188 3812986912861808414 1 5
3 4 2 7 5 

199 161678526288387292 1 5
1 6 2 7 0 

205 8564290139041095665 1 5
3 6 2 7 0 

206 13898417281978374700 1 5
2 7 3 6 1 

211 20924769668637727 1 5
4 1 6 7 0 

468 6099499134236995675 1 5
4 7 2 8 6 

213 6187574500998034223 2 5
4 6 2 7 0 
6 4 2 7 0 

214 456946267499676546 1 5
4 7 2 1 6 

217 8606999889940278209 1 5
4 6 3 0 7 

218 16419637340148483434 2 5
4 7 1 3 6 
7 4 1 3 6 

220 6768115183859902458 1 5
4 2 7 3 6 

227 9647042818501898173 1 5
1 6 5 0 7 

484 15382923234174576844 2 5
6 8 2 7 5 
8 6 2 7 5 

230 13634760908811394935 1 5
1 6 2 7 5 

233 14119465798607255553 1 5
3 6 5 0 7 

234 12289705294229415384 1 5
5 7 3 6 1 

236 9860383849555254188 1 5
3 6 2 7 5 

241 235821300571802085 2 5
4 6 5 0 7 
6 4 5 0 7 

242 6667302410268364609 1 5
4 1 6 7 5 

244 14188807648093379328 2 5
4 6 2 7 5 
6 4 2 7 5 

248 253311197959008302 1 5
4 6 3 5 7 

283 6706926802051162106 2 5
0 4 3 8 1 
4 0 3 8 1 

309 8217636989525107439 2 5
4 8 5 2 0 
8 4 5 2 0 

310 4529820954576418397 1 5
4 5 2 8 1 

339 6355554041977625929 2 5
0 4 6 8 1 
4 0 6 8 1 

345 12203802711152712139 2 5
0 4 3 6 8 
4 0 3 6 8 

357 4894228309158726386 4 5
6 8 5 2 0 
6 8 2 5 0 
8 6 5 2 0 
8 6 2 5 0 

358 17653694534453909739 4 5
2 5 6 8 1 
2 5 8 6 1 
5 2 6 8 1 
5 2 8 6 1 

376 11518264655535007144 2 5
5 4 3 6 8 
5 4 3 8 6 

119 12010863804877712294 1 6
4 6 1 5 2 0 

405 11282296586427059659 2 5
4 8 7 2 0 
8 4 7 2 0 

406 12279352740774898815 1 5
4 7 2 1 8 

422 13634760908811394935 1 5
1 8 2 7 5 

433 13455633122081566089 2 5
4 8 5 7 0 
8 4 5 7 0 

434 5025144508174147475 1 5
4 1 8 7 5 

440 9250455936248636168 1 5
4 8 3 5 7 

453 2379996048646834871 2 5
6 8 2 7 0 
8 6 2 7 0 

454 1337859981879089891 2 5
2 7 6 8 1 
2 7 8 6 1 

460 5276625724792295814 2 5
2 7 3 6 8 
2 7 3 8 6 

465 8316969545822108632 1 5
4 8 6 7 0 

472 2357202564198107012 2 5
4 7 3 8 6 
7 4 3 8 6 

481 7035321659728400223 2 5
6 8 5 0 7 
8 6 5 0 7 

482 12899983011683915496 2 5
5 7 6 8 1 
5 7 8 6 1 

488 3038018222062653098 2 5
5 7 3 6 8 
5 7 3 8 6 

496 16897533229782304727 1 5
4 5 7 8 6 

63 11864335310475265382 2 6
4 1 3 2 5 0 
4 3 1 5 2 0 

123 16991634830307206936 1 6
4 5 0 6 3 1 

125 9262609775917114712 1 6
4 6 3 5 2 0 

126 2509841564885019821 1 6
4 5 2 6 3 1 

