B9[0,-1,0,0,0,0,0,0,1]*(t*a8)
B9[0,0,0,1,0,0,-1,0,0]*(s*a3)
B9[0,0,0,0,1,0,0,0,0]*(-2*m1^2*a4*t)
B9[-1,0,0,0,0,1,0,0,0]*(t*a5)
B9[0,0,0,0,0,1,0,-1,0]*(s*a5)
B9[0,0,0,0,0,1,0,0,0]*(-m1^2*t*a5-s*m1^2*a5)
B9[0,-1,0,0,0,0,1,0,0]*(-a6*t)
B9[0,0,0,0,0,0,0,0,0]*(a7*t-t*a8-t*a2+a6*t)
B9[0,0,0,0,0,0,1,0,0]*(-a6*m1^2*t)
B9[-1,0,0,0,0,0,0,1,0]*(-a7*t)
B9[-1,0,1,0,0,0,0,0,0]*(t*a2)
B9[0,0,0,0,0,0,0,0,1]*(m1^2*t*a8)
B9[0,0,1,0,0,0,0,0,0]*(-m1^2*t*a2)
B9[0,0,-1,0,0,1,0,0,0]*(-t*a5-s*a5)
B9[0,-1,0,0,1,0,0,0,0]*(-a4*t)
B9[0,0,0,1,0,0,0,0,-1]*(-s*a3)
B9[0,0,0,0,1,0,0,0,-1]*(a4*t)
B9[0,0,-1,0,1,0,0,0,0]*(-a4*t)
B9[-1,0,0,0,1,0,0,0,0]*(a4*t)

B9[0,-1,0,1,0,0,0,0,0]*(-3*s*a3)
B9[0,0,0,1,0,0,-1,0,0]*(2*s*a3)
B9[0,0,0,1,0,0,0,0,0]*(-s^2*a3-2*s*a3*m1^2)
B9[-1,0,0,0,0,1,0,0,0]*(-s*a5)
B9[0,0,0,0,0,1,0,-1,0]*(s*a5)
B9[0,0,0,0,0,0,-1,0,1]*(-s*a8)
B9[0,-1,0,0,0,0,1,0,0]*(s*a6)
B9[0,0,0,0,0,0,0,0,0]*(-s*a7-s*a6-t*a2+t*a5+s*a3+s*a5)
B9[0,0,0,0,0,0,1,0,0]*(s*a6*m1^2)
B9[-1,0,0,0,0,0,0,1,0]*(s*a7)
B9[0,0,0,0,0,0,0,0,1]*(s*m1^2*a8-s*t*a8)
B9[0,0,0,-1,1,0,0,0,0]*(-a4*t)
B9[0,0,0,0,1,0,0,0,0]*(-s*m1^2*a4+s*a4*t)
B9[0,0,-1,0,0,1,0,0,0]*(-t*a5-s*a5)
B9[0,0,0,-1,0,0,0,0,1]*(t*a8)
B9[0,-1,0,0,0,0,0,0,1]*(-t*a8+s*a8)
B9[0,-1,0,0,1,0,0,0,0]*(-s*a4+a4*t)
B9[0,0,0,0,1,0,0,-1,0]*(-s*a4)
B9[-1,0,0,0,1,0,0,0,0]*(s*a4)
B9[0,0,0,0,1,0,-1,0,0]*(s*a4)
B9[-1,0,1,0,0,0,0,0,0]*(s*a2)
B9[0,0,1,0,0,0,0,-1,0]*(-s*a2)
B9[0,0,1,0,0,-1,0,0,0]*(t*a2)
B9[0,0,-1,0,1,0,0,0,0]*(-a4*t)
B9[0,0,0,0,1,-1,0,0,0]*(a4*t)

B9[0,-1,0,1,0,0,0,0,0]*(3*s*a3)
B9[0,0,0,0,0,0,0,0,0]*(-a7*t+t*a8+t*a2+s*a8-s*a3-a6*t+s*a2-s*a5)
B9[0,0,0,1,0,0,-1,0,0]*(-s*a3)
B9[0,0,0,1,0,0,0,0,0]*(s^2*a3+2*s*a3*m1^2)
B9[0,0,0,0,0,0,0,0,1]*(-m1^2*t*a8-s*m1^2*a8)
B9[0,0,0,1,0,0,0,0,-1]*(-s*a3)
B9[-1,0,0,0,1,0,0,0,0]*(-s*a4-a4*t)
B9[-1,0,0,0,0,1,0,0,0]*(-t*a5+s*a5)
B9[0,0,-1,0,0,1,0,0,0]*(t*a5+s*a5)
B9[0,-1,0,0,0,0,0,0,1]*(-t*a8-s*a8)
B9[0,0,0,0,0,1,0,-1,0]*(-s*a5)
B9[0,0,0,0,0,1,0,0,0]*(m1^2*t*a5)
B9[0,0,-1,0,1,0,0,0,0]*(s*a4+a4*t)
B9[0,0,1,0,0,0,0,0,0]*(m1^2*t*a2+s*m1^2*a2)
B9[0,-1,0,0,1,0,0,0,0]*(s*a4+a4*t)
B9[0,-1,0,0,0,0,1,0,0]*(-s*a6+2*a6*t)
B9[0,0,0,-1,0,0,1,0,0]*(-a6*t)
B9[0,0,0,0,1,0,0,0,0]*(2*s*m1^2*a4+2*m1^2*a4*t)
B9[0,0,0,0,0,0,1,0,0]*(s*a6*t-s*a6*m1^2+a6*m1^2*t)
B9[-1,0,1,0,0,0,0,0,0]*(-t*a2-s*a2)
B9[0,0,0,0,0,0,1,0,-1]*(s*a6)
B9[0,0,0,0,0,0,0,1,0]*(s*m1^2*a7)
B9[-1,0,0,0,0,0,0,1,0]*(a7*t-s*a7)
B9[0,0,-1,0,0,0,0,1,0]*(a7*t+s*a7)
B9[0,0,0,0,0,-1,0,1,0]*(-a7*t)
B9[0,0,0,0,1,0,0,0,-1]*(-s*a4-a4*t)

