0
0 12
0 6
0 0 0 0 0 0 0 0 1 0 
0 0 0 0 0 1 0 0 0 0 
0 1 0 0 0 0 0 0 0 0 
0 0 1 0 0 0 0 0 0 0 
0 1 -1 -1 1 1 0 0 0 s 
0 2 0 -1 0 0 0 0 0 2*s 
1 0 0 0 0 1 0 -1 0 s+m1^2+t 
0 1 0 0 0 0 -1 0 1 m1^2+t 
1 0 -1 0 0 1 0 0 0 s 

0
0 13
0 7
1 0 0 0 0 0 0 0 0 0 
0 2 0 -1 0 0 0 0 0 2*s 
0 0 1 0 0 0 0 0 0 0 
0 1 0 0 0 0 0 0 0 0 
0 1 -1 -1 1 1 0 0 0 s 
0 0 0 0 0 1 0 0 0 0 
0 1 0 -1 0 0 1 0 0 3*s 
0 0 0 0 0 0 0 1 0 0 
0 1 0 -1 0 0 0 0 1 3*s 

1
0 25
0 19
1 0 0 0 0 0 0 0 0 0 
0 0 1 0 0 0 0 0 0 0 
0 0 1 0 0 0 0 0 0 0 
0 1 0 0 0 0 0 0 0 0 
0 0 0 0 1 0 0 0 0 0 
0 0 1 0 0 0 0 0 0 0 
0 0 1 0 0 0 0 0 0 0 
0 0 1 0 0 0 0 0 0 0 
0 0 1 0 0 0 0 0 0 0 

0
0 34
0 6
1 0 1 0 0 -1 0 0 0 s 
0 1 0 0 0 0 0 0 0 0 
0 0 2 0 0 -1 0 0 0 2*s 
0 0 0 1 0 0 0 0 0 0 
0 -1 1 1 1 -1 0 0 0 s 
0 0 1 0 0 0 0 0 0 0 
0 0 0 0 0 0 1 0 0 0 
0 0 1 0 0 -1 0 1 0 2*s 
0 0 0 0 0 0 0 0 1 0 

1
0 35
0 7
1 0 0 0 0 0 0 0 0 0 
0 1 0 0 0 0 0 0 0 0 
0 0 0 1 0 0 0 0 0 0 
0 0 0 1 0 0 0 0 0 0 
0 0 0 1 0 0 0 0 0 0 
0 0 1 0 0 0 0 0 0 0 
0 0 0 1 0 0 0 0 0 0 
0 0 0 1 0 0 0 0 0 0 
0 0 0 1 0 0 0 0 0 0 

0
0 38
0 14
0 2 0 0 0 0 0 0 -1 2*m1^2 
0 0 1 0 0 0 0 0 0 0 
0 1 0 0 0 0 0 0 0 0 
0 0 2 0 0 -1 0 0 0 2*s 
0 2 2 0 -1 0 0 0 0 4*m1^2 
0 0 0 1 0 0 0 0 0 0 
1 0 1 0 0 0 0 -1 0 m1^2+t 
0 1 0 0 0 0 1 0 -1 m1^2+t 
1 0 0 0 0 0 0 0 0 0 

0
0 40
0 6
1 0 1 0 0 -1 0 0 0 s 
0 2 0 -1 0 0 0 0 0 2*s 
0 0 2 0 0 -1 0 0 0 2*s 
0 1 0 0 0 0 0 0 0 0 
0 0 0 0 1 0 0 0 0 0 
0 0 1 0 0 0 0 0 0 0 
0 1 0 -1 0 0 1 0 0 3*s 
0 0 1 0 0 -1 0 1 0 2*s 
0 1 0 -1 0 0 0 0 1 3*s 

1
0 41
0 7
1 0 0 0 0 0 0 0 0 0 
0 0 0 1 0 0 0 0 0 0 
0 0 0 1 0 0 0 0 0 0 
0 1 0 0 0 0 0 0 0 0 
0 0 0 1 0 0 0 0 0 0 
0 0 1 0 0 0 0 0 0 0 
0 0 0 1 0 0 0 0 0 0 
0 0 0 1 0 0 0 0 0 0 
0 0 0 1 0 0 0 0 0 0 

0
0 42
0 14
1 0 1 0 0 -1 0 0 0 s 
0 0 0 1 0 0 0 0 0 0 
0 0 2 0 0 -1 0 0 0 2*s 
0 1 0 0 0 0 0 0 0 0 
0 2 2 0 -1 0 0 0 0 4*m1^2 
0 0 1 0 0 0 0 0 0 0 
0 1 0 1 0 0 -1 0 0 s+2*m1^2 
0 0 1 0 0 -1 0 1 0 2*s 
0 1 0 1 0 0 0 0 -1 s+2*m1^2 

1
0 43
0 15
1 0 0 0 0 0 0 0 0 0 
0 1 0 0 0 0 0 0 0 0 
0 0 0 0 1 0 0 0 0 0 
0 0 0 1 0 0 0 0 0 0 
0 0 0 0 1 0 0 0 0 0 
0 0 1 0 0 0 0 0 0 0 
0 0 0 0 1 0 0 0 0 0 
0 0 0 0 1 0 0 0 0 0 
0 0 0 0 1 0 0 0 0 0 

0
0 44
0 14
0 2 0 0 0 0 0 0 -1 2*m1^2 
0 0 0 0 0 1 0 0 0 0 
0 1 0 0 0 0 0 0 0 0 
0 0 1 0 0 0 0 0 0 0 
0 1 1 1 -1 1 0 0 0 -s+4*m1^2 
0 0 0 1 0 0 0 0 0 0 
1 0 0 0 0 1 0 -1 0 s+m1^2+t 
0 1 0 0 0 0 1 0 -1 m1^2+t 
1 0 -1 0 0 1 0 0 0 s 

0
0 45
0 39
1 0 0 0 0 0 0 0 0 0 
0 2 0 -1 0 0 0 0 0 2*s 
0 0 1 0 0 0 0 0 0 0 
0 1 0 0 0 0 0 0 0 0 
0 1 -1 -1 1 1 0 0 0 s 
0 0 0 0 0 1 0 0 0 0 
0 1 0 -1 0 0 1 0 0 3*s 
0 0 0 0 0 0 0 1 0 0 
0 1 0 -1 0 0 0 0 1 3*s 

0
0 50
0 28
0 2 0 0 0 0 0 0 -1 2*m1^2 
0 0 1 0 0 0 0 0 0 0 
0 1 0 0 0 0 0 0 0 0 
0 0 0 0 0 1 0 0 0 0 
0 0 0 0 1 0 0 0 0 0 
0 0 0 1 0 0 0 0 0 0 
-1 0 1 0 0 0 0 1 0 m1^2-t 
0 1 0 0 0 0 1 0 -1 m1^2+t 
-1 0 2 0 0 0 0 0 0 2*m1^2 

1
0 51
0 29
1 0 0 0 0 0 0 0 0 0 
0 0 0 1 0 0 0 0 0 0 
0 1 0 0 0 0 0 0 0 0 
0 1 0 0 0 0 0 0 0 0 
0 0 0 0 1 0 0 0 0 0 
0 0 1 0 0 0 0 0 0 0 
0 1 0 0 0 0 0 0 0 0 
0 1 0 0 0 0 0 0 0 0 
0 1 0 0 0 0 0 0 0 0 

0
0 54
0 30
0 2 0 0 0 0 0 0 -1 2*m1^2 
0 0 1 0 0 0 0 0 0 0 
0 1 0 0 0 0 0 0 0 0 
0 0 0 0 0 1 0 0 0 0 
0 0 0 0 1 0 0 0 0 0 
0 0 0 1 0 0 0 0 0 0 
-1 0 1 0 0 0 0 1 0 m1^2-t 
0 1 0 0 0 0 1 0 -1 m1^2+t 
-1 0 2 0 0 0 0 0 0 2*m1^2 

0
0 56
0 22
1 0 1 0 0 -1 0 0 0 s 
0 2 0 -1 0 0 0 0 0 2*s 
0 0 2 0 0 -1 0 0 0 2*s 
0 1 0 0 0 0 0 0 0 0 
0 0 0 0 1 0 0 0 0 0 
0 0 1 0 0 0 0 0 0 0 
0 1 0 -1 0 0 1 0 0 3*s 
0 0 1 0 0 -1 0 1 0 2*s 
0 1 0 -1 0 0 0 0 1 3*s 

1
0 57
0 23
1 0 0 0 0 0 0 0 0 0 
0 0 0 1 0 0 0 0 0 0 
0 0 0 1 0 0 0 0 0 0 
0 1 0 0 0 0 0 0 0 0 
0 0 0 0 1 0 0 0 0 0 
0 0 1 0 0 0 0 0 0 0 
0 0 0 1 0 0 0 0 0 0 
0 0 0 1 0 0 0 0 0 0 
0 0 0 1 0 0 0 0 0 0 

0
0 58
0 30
-1 0 1 0 0 1 0 0 0 -s+2*m1^2 
0 0 0 1 0 0 0 0 0 0 
0 0 0 0 0 1 0 0 0 0 
0 1 0 0 0 0 0 0 0 0 
0 0 0 0 1 0 0 0 0 0 
0 0 1 0 0 0 0 0 0 0 
0 1 0 1 0 0 -1 0 0 s+2*m1^2 
0 0 1 0 0 1 0 -1 0 2*m1^2+2*t 
0 1 0 1 0 0 0 0 -1 s+2*m1^2 

1
0 59
0 31
1 0 0 0 0 0 0 0 0 0 
0 0 0 1 0 0 0 0 0 0 
0 0 0 0 0 1 0 0 0 0 
0 1 0 0 0 0 0 0 0 0 
0 0 0 0 1 0 0 0 0 0 
0 0 1 0 0 0 0 0 0 0 
0 0 0 0 0 1 0 0 0 0 
0 0 0 0 0 1 0 0 0 0 
0 0 0 0 0 1 0 0 0 0 

0
0 60
0 30
0 -1 0 1 0 0 0 0 1 -s 
0 0 0 0 0 1 0 0 0 0 
0 0 0 1 0 0 0 0 0 0 
0 0 1 0 0 0 0 0 0 0 
0 0 0 0 1 0 0 0 0 0 
0 1 0 0 0 0 0 0 0 0 
1 0 0 0 0 1 0 -1 0 s+m1^2+t 
0 0 0 1 0 0 -1 0 1 m1^2+t 
1 0 -1 0 0 1 0 0 0 s 

1
0 61
0 55
1 0 0 0 0 0 0 0 0 0 
0 0 0 1 0 0 0 0 0 0 
0 0 0 0 0 1 0 0 0 0 
0 1 0 0 0 0 0 0 0 0 
0 0 0 0 1 0 0 0 0 0 
0 0 1 0 0 0 0 0 0 0 
0 0 0 1 0 0 0 0 0 0 
0 0 0 1 0 0 0 0 0 0 
0 0 0 1 0 0 0 0 0 0 

