0
0 6
0 6
0 0 0 0 0 0 0 0 1 0 
0 0 1 0 0 0 0 0 0 0 
0 1 0 0 0 0 0 0 0 0 
0 0 2 0 0 -1 0 0 0 2*s 
0 0 0 0 1 0 0 0 0 0 
0 2 0 -1 0 0 0 0 0 2*s 
1 0 1 0 0 0 0 -1 0 m1^2+t 
0 1 0 0 0 0 -1 0 1 m1^2+t 
1 0 0 0 0 0 0 0 0 0 

0
0 14
0 14
1 0 0 0 0 0 0 0 0 0 
0 0 0 1 0 0 0 0 0 0 
0 0 1 0 0 0 0 0 0 0 
0 1 0 0 0 0 0 0 0 0 
0 1 1 1 -1 1 0 0 0 -s+4*m1^2 
0 0 0 0 0 1 0 0 0 0 
0 1 0 1 0 0 -1 0 0 s+2*m1^2 
0 0 0 0 0 0 0 1 0 0 
0 1 0 1 0 0 0 0 -1 s+2*m1^2 

0
0 15
0 15
1 0 0 0 0 0 0 0 0 0 
0 0 0 1 0 0 0 0 0 0 
0 0 1 0 0 0 0 0 0 0 
0 1 0 0 0 0 0 0 0 0 
0 1 1 1 -1 1 0 0 0 -s+4*m1^2 
0 0 0 0 0 1 0 0 0 0 
0 1 0 1 0 0 -1 0 0 s+2*m1^2 
0 0 0 0 0 0 0 1 0 0 
0 1 0 1 0 0 0 0 -1 s+2*m1^2 

0
0 19
0 19
0 0 0 0 1 0 0 0 0 0 
0 1 0 0 0 0 0 0 0 0 
1 -1 -1 0 1 0 0 0 1 -3*m1^2 
0 0 0 1 0 0 0 0 0 0 
1 0 0 0 0 0 0 0 0 0 
1 -2 0 1 1 -1 0 0 1 -3*m1^2 
0 0 0 0 0 0 1 0 0 0 
1 -1 0 0 1 0 1 -1 0 -m1^2+t 
0 0 0 0 0 0 0 0 1 0 

0
0 22
0 22
0 0 0 0 0 0 0 0 1 0 
0 0 1 0 0 0 0 0 0 0 
0 1 0 0 0 0 0 0 0 0 
0 0 2 0 0 -1 0 0 0 2*s 
0 0 0 0 1 0 0 0 0 0 
0 2 0 -1 0 0 0 0 0 2*s 
1 0 1 0 0 0 0 -1 0 m1^2+t 
0 1 0 0 0 0 -1 0 1 m1^2+t 
1 0 0 0 0 0 0 0 0 0 

0
0 27
0 27
0 0 0 0 1 0 0 0 0 0 
0 1 0 0 0 0 0 0 0 0 
1 -1 -1 0 1 0 0 0 1 -3*m1^2 
0 0 0 1 0 0 0 0 0 0 
1 0 0 0 0 0 0 0 0 0 
1 -2 0 1 1 -1 0 0 1 -3*m1^2 
0 0 0 0 0 0 1 0 0 0 
1 -1 0 0 1 0 1 -1 0 -m1^2+t 
0 0 0 0 0 0 0 0 1 0 

1
0 27
0 27
1 0 0 0 0 0 0 0 0 0 
0 0 0 1 0 0 0 0 0 0 
0 0 1 0 0 0 0 0 0 0 
0 1 0 0 0 0 0 0 0 0 
0 0 0 0 1 0 0 0 0 0 
0 0 1 0 0 0 0 0 0 0 
0 0 1 0 0 0 0 0 0 0 
0 0 1 0 0 0 0 0 0 0 
0 0 1 0 0 0 0 0 0 0 

1
0 27
0 27
0 0 0 0 1 0 0 0 0 0 
0 0 0 1 0 0 0 0 0 0 
0 0 1 0 0 0 0 0 0 0 
0 1 0 0 0 0 0 0 0 0 
1 0 0 0 0 0 0 0 0 0 
0 0 1 0 0 0 0 0 0 0 
0 0 1 0 0 0 0 0 0 0 
0 0 1 0 0 0 0 0 0 0 
0 0 1 0 0 0 0 0 0 0 

0
0 28
0 28
0 -1 0 1 0 0 0 0 1 -s 
0 0 0 0 0 1 0 0 0 0 
0 0 0 1 0 0 0 0 0 0 
0 0 1 0 0 0 0 0 0 0 
0 0 0 0 1 0 0 0 0 0 
0 1 0 0 0 0 0 0 0 0 
1 0 0 0 0 1 0 -1 0 s+m1^2+t 
0 0 0 1 0 0 -1 0 1 m1^2+t 
1 0 -1 0 0 1 0 0 0 s 

1
0 39
0 39
1 0 0 0 0 0 0 0 0 0 
0 1 0 0 0 0 0 0 0 0 
0 0 0 0 0 1 0 0 0 0 
0 0 0 1 0 0 0 0 0 0 
0 0 0 1 0 0 0 0 0 0 
0 0 1 0 0 0 0 0 0 0 
0 0 0 1 0 0 0 0 0 0 
0 0 0 1 0 0 0 0 0 0 
0 0 0 1 0 0 0 0 0 0 

0
0 46
0 46
-1 0 1 0 0 1 0 0 0 -s+2*m1^2 
0 1 0 0 0 0 0 0 0 0 
0 0 0 0 0 1 0 0 0 0 
0 0 0 1 0 0 0 0 0 0 
0 1 1 1 -1 1 0 0 0 -s+4*m1^2 
0 0 1 0 0 0 0 0 0 0 
0 0 0 0 0 0 1 0 0 0 
0 0 1 0 0 1 0 -1 0 2*m1^2+2*t 
0 0 0 0 0 0 0 0 1 0 

0
0 46
0 46
0 -1 0 1 0 0 0 0 1 -s 
0 0 1 0 0 0 0 0 0 0 
0 0 0 1 0 0 0 0 0 0 
0 0 0 0 0 1 0 0 0 0 
0 1 1 1 -1 1 0 0 0 -s+4*m1^2 
0 1 0 0 0 0 0 0 0 0 
-1 0 1 0 0 0 0 1 0 m1^2-t 
0 0 0 1 0 0 -1 0 1 m1^2+t 
-1 0 2 0 0 0 0 0 0 2*m1^2 

0
0 46
0 46
0 2 0 0 0 0 0 0 -1 2*m1^2 
0 0 1 0 0 0 0 0 0 0 
0 1 0 0 0 0 0 0 0 0 
0 0 0 0 0 1 0 0 0 0 
0 0 0 0 1 0 0 0 0 0 
0 0 0 1 0 0 0 0 0 0 
-1 0 1 0 0 0 0 1 0 m1^2-t 
0 1 0 0 0 0 1 0 -1 m1^2+t 
-1 0 2 0 0 0 0 0 0 2*m1^2 

0
0 46
0 46
1 0 0 0 0 0 0 0 0 0 
0 0 0 1 0 0 0 0 0 0 
0 0 1 0 0 0 0 0 0 0 
0 1 0 0 0 0 0 0 0 0 
0 1 1 1 -1 1 0 0 0 -s+4*m1^2 
0 0 0 0 0 1 0 0 0 0 
0 1 0 1 0 0 -1 0 0 s+2*m1^2 
0 0 0 0 0 0 0 1 0 0 
0 1 0 1 0 0 0 0 -1 s+2*m1^2 

0
0 46
0 46
-1 0 1 0 0 1 0 0 0 -s+2*m1^2 
0 0 0 1 0 0 0 0 0 0 
0 0 0 0 0 1 0 0 0 0 
0 1 0 0 0 0 0 0 0 0 
0 0 0 0 1 0 0 0 0 0 
0 0 1 0 0 0 0 0 0 0 
0 1 0 1 0 0 -1 0 0 s+2*m1^2 
0 0 1 0 0 1 0 -1 0 2*m1^2+2*t 
0 1 0 1 0 0 0 0 -1 s+2*m1^2 

0
0 46
0 46
0 -1 0 1 0 0 0 0 1 -s 
0 0 0 0 0 1 0 0 0 0 
0 0 0 1 0 0 0 0 0 0 
0 0 1 0 0 0 0 0 0 0 
0 0 0 0 1 0 0 0 0 0 
0 1 0 0 0 0 0 0 0 0 
1 0 0 0 0 1 0 -1 0 s+m1^2+t 
0 0 0 1 0 0 -1 0 1 m1^2+t 
1 0 -1 0 0 1 0 0 0 s 

0
0 46
0 46
0 2 0 0 0 0 0 0 -1 2*m1^2 
0 0 0 0 0 1 0 0 0 0 
0 1 0 0 0 0 0 0 0 0 
0 0 1 0 0 0 0 0 0 0 
0 1 1 1 -1 1 0 0 0 -s+4*m1^2 
0 0 0 1 0 0 0 0 0 0 
1 0 0 0 0 1 0 -1 0 s+m1^2+t 
0 1 0 0 0 0 1 0 -1 m1^2+t 
1 0 -1 0 0 1 0 0 0 s 

0
0 47
0 47
1 0 0 0 0 0 0 0 0 0 
0 0 0 1 0 0 0 0 0 0 
0 0 1 0 0 0 0 0 0 0 
0 1 0 0 0 0 0 0 0 0 
0 1 1 1 -1 1 0 0 0 -s+4*m1^2 
0 0 0 0 0 1 0 0 0 0 
0 1 0 1 0 0 -1 0 0 s+2*m1^2 
0 0 0 0 0 0 0 1 0 0 
0 1 0 1 0 0 0 0 -1 s+2*m1^2 

1
0 47
0 47
1 0 0 0 0 0 0 0 0 0 
0 1 0 0 0 0 0 0 0 0 
0 0 0 0 0 1 0 0 0 0 
0 0 0 1 0 0 0 0 0 0 
0 0 0 0 1 0 0 0 0 0 
0 0 1 0 0 0 0 0 0 0 
0 0 0 0 1 0 0 0 0 0 
0 0 0 0 1 0 0 0 0 0 
0 0 0 0 1 0 0 0 0 0 

1
0 47
0 47
1 0 0 0 0 0 0 0 0 0 
0 0 0 1 0 0 0 0 0 0 
0 0 0 0 0 1 0 0 0 0 
0 1 0 0 0 0 0 0 0 0 
0 0 0 0 1 0 0 0 0 0 
0 0 1 0 0 0 0 0 0 0 
0 0 0 0 1 0 0 0 0 0 
0 0 0 0 1 0 0 0 0 0 
0 0 0 0 1 0 0 0 0 0 

0
0 62
0 62
0 -1 0 1 0 0 0 0 1 -s 
0 0 0 0 0 1 0 0 0 0 
0 0 0 1 0 0 0 0 0 0 
0 0 1 0 0 0 0 0 0 0 
0 0 0 0 1 0 0 0 0 0 
0 1 0 0 0 0 0 0 0 0 
1 0 0 0 0 1 0 -1 0 s+m1^2+t 
0 0 0 1 0 0 -1 0 1 m1^2+t 
1 0 -1 0 0 1 0 0 0 s 

0
0 62
0 62
0 2 0 0 0 0 0 0 -1 2*m1^2 
0 0 1 0 0 0 0 0 0 0 
0 1 0 0 0 0 0 0 0 0 
0 0 0 0 0 1 0 0 0 0 
0 0 0 0 1 0 0 0 0 0 
0 0 0 1 0 0 0 0 0 0 
-1 0 1 0 0 0 0 1 0 m1^2-t 
0 1 0 0 0 0 1 0 -1 m1^2+t 
-1 0 2 0 0 0 0 0 0 2*m1^2 

0
0 62
0 62
-1 0 1 0 0 1 0 0 0 -s+2*m1^2 
0 0 0 1 0 0 0 0 0 0 
0 0 0 0 0 1 0 0 0 0 
0 1 0 0 0 0 0 0 0 0 
0 0 0 0 1 0 0 0 0 0 
0 0 1 0 0 0 0 0 0 0 
0 1 0 1 0 0 -1 0 0 s+2*m1^2 
0 0 1 0 0 1 0 -1 0 2*m1^2+2*t 
0 1 0 1 0 0 0 0 -1 s+2*m1^2 

1
0 63
0 63
1 0 0 0 0 0 0 0 0 0 
0 0 0 1 0 0 0 0 0 0 
0 0 0 0 0 1 0 0 0 0 
0 1 0 0 0 0 0 0 0 0 
0 0 0 0 1 0 0 0 0 0 
0 0 1 0 0 0 0 0 0 0 
0 0 0 0 0 0 1 0 0 0 
0 0 0 0 0 0 1 0 0 0 
0 0 0 0 0 0 1 0 0 0 

