D12[0, -1, 1, 1, 1, 1, 0, 0, 0]
D12[0, 0, 1, 0, 1, 1, 0, 0, 0]
D12[0, 0, 1, 1, 1, 0, 0, 0, 0]
D12[0, 0, 1, 1, 1, 1, 0, 0, -1]
D12[0, 0, 1, 1, 1, 1, 0, 0, 0]
D12[0, 1, 1, -1, 1, 1, 0, 0, 0]
D12[0, 1, 1, 0, 1, 0, 0, 0, 0]
D12[0, 1, 1, 0, 1, 1, 0, 0, -1]
D12[0, 1, 1, 0, 1, 1, 0, 0, 0]
D12[0, 1, 1, 1, 1, -1, 0, 0, 0]
D12[0, 1, 1, 1, 1, 0, 0, 0, -1]
D12[0, 1, 1, 1, 1, 0, 0, 0, 0]
D12[0, 1, 1, 1, 1, 1, 0, 0, -2]
D12[0, 1, 1, 1, 1, 1, 0, 0, -1]
D12[0, 1, 1, 1, 1, 1, 0, 0, 0]
D12[1, -1, 0, 1, 1, 1, 0, 0, 0]
D12[1, -1, 1, 1, 1, 1, -1, 0, 0]
D12[1, -1, 1, 1, 1, 1, 0, -1, 0]
D12[1, -1, 1, 1, 1, 1, 0, 0, 0]
D12[1, 0, 0, 0, 1, 1, 0, 0, 0]
D12[1, 0, 0, 1, 1, 0, 0, 0, 0]
D12[1, 0, 0, 1, 1, 1, 0, 0, -1]
D12[1, 0, 0, 1, 1, 1, 0, 0, 0]
D12[1, 0, 1, 0, 1, 1, -1, 0, 0]
D12[1, 0, 1, 0, 1, 1, 0, -1, 0]
D12[1, 0, 1, 0, 1, 1, 0, 0, 0]
D12[1, 0, 1, 1, 0, 1, 0, 0, 0]
D12[1, 0, 1, 1, 1, 0, -1, 0, 0]
D12[1, 0, 1, 1, 1, 0, 0, -1, 0]
D12[1, 0, 1, 1, 1, 0, 0, 0, 0]
D12[1, 0, 1, 1, 1, 1, -1, 0, -1]
D12[1, 0, 1, 1, 1, 1, -1, 0, 0]
D12[1, 0, 1, 1, 1, 1, 0, -1, -1]
D12[1, 0, 1, 1, 1, 1, 0, -1, 0]
D12[1, 0, 1, 1, 1, 1, 0, 0, -1]
D12[1, 0, 1, 1, 1, 1, 0, 0, 0]
D12[1, 1, 0, -1, 1, 1, 0, 0, 0]
D12[1, 1, 0, 0, 1, 0, 0, 0, 0]
D12[1, 1, 0, 0, 1, 1, 0, 0, -1]
D12[1, 1, 0, 0, 1, 1, 0, 0, 0]
D12[1, 1, 0, 1, 1, -1, 0, 0, 0]
D12[1, 1, 0, 1, 1, 0, 0, 0, -1]
D12[1, 1, 0, 1, 1, 0, 0, 0, 0]
D12[1, 1, 0, 1, 1, 1, 0, 0, -2]
D12[1, 1, 0, 1, 1, 1, 0, 0, -1]
D12[1, 1, 0, 1, 1, 1, 0, 0, 0]
D12[1, 1, 1, -1, 1, 1, -1, 0, 0]
D12[1, 1, 1, -1, 1, 1, 0, -1, 0]
D12[1, 1, 1, -1, 1, 1, 0, 0, 0]
D12[1, 1, 1, 0, 0, 1, 0, 0, 0]
D12[1, 1, 1, 0, 1, 0, -1, 0, 0]
D12[1, 1, 1, 0, 1, 0, 0, -1, 0]
D12[1, 1, 1, 0, 1, 0, 0, 0, 0]
D12[1, 1, 1, 0, 1, 1, -1, 0, -1]
D12[1, 1, 1, 0, 1, 1, -1, 0, 0]
D12[1, 1, 1, 0, 1, 1, 0, -1, -1]
D12[1, 1, 1, 0, 1, 1, 0, -1, 0]
D12[1, 1, 1, 0, 1, 1, 0, 0, -1]
D12[1, 1, 1, 0, 1, 1, 0, 0, 0]
D12[1, 1, 1, 1, 0, 0, 0, 0, 0]
D12[1, 1, 1, 1, 0, 1, 0, 0, -1]
D12[1, 1, 1, 1, 0, 1, 0, 0, 0]
D12[1, 1, 1, 1, 1, -1, -1, 0, 0]
D12[1, 1, 1, 1, 1, -1, 0, 0, 0]
D12[1, 1, 1, 1, 1, 0, -1, 0, -1]
D12[1, 1, 1, 1, 1, 0, -1, 0, 0]
D12[1, 1, 1, 1, 1, 0, 0, -1, -1]
D12[1, 1, 1, 1, 1, 0, 0, -1, 0]
D12[1, 1, 1, 1, 1, 0, 0, 0, -1]
D12[1, 1, 1, 1, 1, 0, 0, 0, 0]
D12[1, 1, 1, 1, 1, 1, -1, 0, -2]
D12[1, 1, 1, 1, 1, 1, -1, 0, -1]
D12[1, 1, 1, 1, 1, 1, -1, 0, 0]
D12[1, 1, 1, 1, 1, 1, 0, -1, -2]
D12[1, 1, 1, 1, 1, 1, 0, -1, -1]
D12[1, 1, 1, 1, 1, 1, 0, -1, 0]
D12[1, 1, 1, 1, 1, 1, 0, 0, -2]
D12[1, 1, 1, 1, 1, 1, 0, 0, -1]
D12[1, 1, 1, 1, 1, 1, 0, 0, 0]
D12[0, -1, 1, 1, 1, 1, 0, 0, 0]
D12[0, 0, 1, 0, 1, 1, 0, 0, 0]
D12[0, 0, 1, 1, 1, 0, 0, 0, 0]
D12[0, 0, 1, 1, 1, 1, 0, 0, -1]
D12[0, 0, 1, 1, 1, 1, 0, 0, 0]
D12[0, 1, 1, -1, 1, 1, 0, 0, 0]
D12[0, 1, 1, 0, 1, 0, 0, 0, 0]
D12[0, 1, 1, 0, 1, 1, 0, 0, -1]
D12[0, 1, 1, 0, 1, 1, 0, 0, 0]
D12[0, 1, 1, 1, 1, -1, 0, 0, 0]
D12[0, 1, 1, 1, 1, 0, 0, 0, -1]
D12[0, 1, 1, 1, 1, 0, 0, 0, 0]
D12[0, 1, 1, 1, 1, 1, 0, 0, -2]
D12[0, 1, 1, 1, 1, 1, 0, 0, -1]
D12[0, 1, 1, 1, 1, 1, 0, 0, 0]
D12[1, -1, 0, 1, 1, 1, 0, 0, 0]
D12[1, -1, 1, 1, 1, 1, -1, 0, 0]
D12[1, -1, 1, 1, 1, 1, 0, -1, 0]
D12[1, -1, 1, 1, 1, 1, 0, 0, 0]
D12[1, 0, 0, 0, 1, 1, 0, 0, 0]
D12[1, 0, 0, 1, 1, 0, 0, 0, 0]
D12[1, 0, 0, 1, 1, 1, 0, 0, -1]
D12[1, 0, 0, 1, 1, 1, 0, 0, 0]
D12[1, 0, 1, 0, 1, 1, -1, 0, 0]
D12[1, 0, 1, 0, 1, 1, 0, -1, 0]
D12[1, 0, 1, 0, 1, 1, 0, 0, 0]
D12[1, 0, 1, 1, 0, 1, 0, 0, 0]
D12[1, 0, 1, 1, 1, 0, -1, 0, 0]
D12[1, 0, 1, 1, 1, 0, 0, -1, 0]
D12[1, 0, 1, 1, 1, 0, 0, 0, 0]
D12[1, 0, 1, 1, 1, 1, -1, 0, -1]
D12[1, 0, 1, 1, 1, 1, -1, 0, 0]
D12[1, 0, 1, 1, 1, 1, 0, -1, -1]
D12[1, 0, 1, 1, 1, 1, 0, -1, 0]
D12[1, 0, 1, 1, 1, 1, 0, 0, -1]
D12[1, 0, 1, 1, 1, 1, 0, 0, 0]
D12[1, 1, 0, -1, 1, 1, 0, 0, 0]
D12[1, 1, 0, 0, 1, 0, 0, 0, 0]
D12[1, 1, 0, 0, 1, 1, 0, 0, -1]
D12[1, 1, 0, 0, 1, 1, 0, 0, 0]
D12[1, 1, 0, 1, 1, -1, 0, 0, 0]
D12[1, 1, 0, 1, 1, 0, 0, 0, -1]
D12[1, 1, 0, 1, 1, 0, 0, 0, 0]
D12[1, 1, 0, 1, 1, 1, 0, 0, -2]
D12[1, 1, 0, 1, 1, 1, 0, 0, -1]
D12[1, 1, 0, 1, 1, 1, 0, 0, 0]
D12[1, 1, 1, -1, 1, 1, -1, 0, 0]
D12[1, 1, 1, -1, 1, 1, 0, -1, 0]
D12[1, 1, 1, -1, 1, 1, 0, 0, 0]
D12[1, 1, 1, 0, 0, 1, 0, 0, 0]
D12[1, 1, 1, 0, 1, 0, -1, 0, 0]
D12[1, 1, 1, 0, 1, 0, 0, -1, 0]
D12[1, 1, 1, 0, 1, 0, 0, 0, 0]
D12[1, 1, 1, 0, 1, 1, -1, 0, -1]
D12[1, 1, 1, 0, 1, 1, -1, 0, 0]
D12[1, 1, 1, 0, 1, 1, 0, -1, -1]
D12[1, 1, 1, 0, 1, 1, 0, -1, 0]
D12[1, 1, 1, 0, 1, 1, 0, 0, -1]
D12[1, 1, 1, 0, 1, 1, 0, 0, 0]
D12[1, 1, 1, 1, 0, 0, 0, 0, 0]
D12[1, 1, 1, 1, 0, 1, 0, 0, -1]
D12[1, 1, 1, 1, 0, 1, 0, 0, 0]
D12[1, 1, 1, 1, 1, -1, -1, 0, 0]
D12[1, 1, 1, 1, 1, -1, 0, 0, 0]
D12[1, 1, 1, 1, 1, 0, -1, 0, -1]
D12[1, 1, 1, 1, 1, 0, -1, 0, 0]
D12[1, 1, 1, 1, 1, 0, 0, -1, -1]
D12[1, 1, 1, 1, 1, 0, 0, -1, 0]
D12[1, 1, 1, 1, 1, 0, 0, 0, -1]
D12[1, 1, 1, 1, 1, 0, 0, 0, 0]
D12[1, 1, 1, 1, 1, 1, -1, 0, -2]
D12[1, 1, 1, 1, 1, 1, -1, 0, -1]
D12[1, 1, 1, 1, 1, 1, -1, 0, 0]
D12[1, 1, 1, 1, 1, 1, 0, -1, -2]
D12[1, 1, 1, 1, 1, 1, 0, -1, -1]
D12[1, 1, 1, 1, 1, 1, 0, -1, 0]
D12[1, 1, 1, 1, 1, 1, 0, 0, -2]
D12[1, 1, 1, 1, 1, 1, 0, 0, -1]
D12[1, 1, 1, 1, 1, 1, 0, 0, 0]
D12[1, -2, 1, 1, 1, 1, 0, 0, 0]
D12[1, -1, 1, 0, 1, 1, 0, 0, 0]
D12[1, -1, 1, 1, 0, 1, 0, 0, 0]
D12[1, -1, 1, 1, 1, 0, 0, 0, 0]
D12[1, -1, 1, 1, 1, 1, 0, 0, -1]
D12[1, 0, 1, -1, 1, 1, 0, 0, 0]
D12[1, 0, 1, 0, 0, 1, 0, 0, 0]
D12[1, 0, 1, 0, 1, 0, 0, 0, 0]
D12[1, 0, 1, 0, 1, 1, 0, 0, -1]
D12[1, 0, 1, 1, 0, 0, 0, 0, 0]
D12[1, 0, 1, 1, 0, 1, 0, 0, -1]
D12[1, 0, 1, 1, 1, -1, 0, 0, 0]
D12[1, 0, 1, 1, 1, 0, 0, 0, -1]
D12[1, 0, 1, 1, 1, 1, 0, 0, -2]
D12[1, 1, 1, -1, 0, 1, 0, 0, 0]
D12[1, 1, 1, 0, 0, 0, 0, 0, 0]
D12[1, 1, 1, 0, 0, 1, 0, 0, -1]
D12[1, 1, 1, 1, 0, -1, 0, 0, 0]
D12[1, 1, 1, 1, 0, 0, 0, 0, -1]
D12[1, 1, 1, 1, 0, 1, 0, 0, -2]
D12[-1, 0, 1, 1, 1, 1, 0, 0, 0]
D12[-1, 1, 1, 0, 1, 1, 0, 0, 0]
D12[-1, 1, 1, 1, 1, 0, 0, 0, 0]
D12[-1, 1, 1, 1, 1, 1, 0, 0, -1]
D12[-1, 1, 1, 1, 1, 1, 0, 0, 0]
D12[0, 0, 0, 1, 1, 1, 0, 0, 0]
D12[0, 0, 1, 1, 1, 1, -1, 0, 0]
D12[0, 0, 1, 1, 1, 1, 0, -1, 0]
D12[0, 1, 0, 0, 1, 1, 0, 0, 0]
D12[0, 1, 0, 1, 1, 0, 0, 0, 0]
D12[0, 1, 0, 1, 1, 1, 0, 0, -1]
D12[0, 1, 0, 1, 1, 1, 0, 0, 0]
D12[0, 1, 1, 0, 0, 1, 0, 0, 0]
D12[0, 1, 1, 0, 1, 1, -1, 0, 0]
D12[0, 1, 1, 0, 1, 1, 0, -1, 0]
D12[0, 1, 1, 1, 0, 0, 0, 0, 0]
D12[0, 1, 1, 1, 0, 1, 0, 0, 0]
D12[0, 1, 1, 1, 1, 0, -1, 0, 0]
D12[0, 1, 1, 1, 1, 0, 0, -1, 0]
D12[0, 1, 1, 1, 1, 1, -1, 0, -1]
D12[0, 1, 1, 1, 1, 1, -1, 0, 0]
D12[0, 1, 1, 1, 1, 1, 0, -1, -1]
D12[0, 1, 1, 1, 1, 1, 0, -1, 0]
D12[1, 0, -1, 1, 1, 1, 0, 0, 0]
D12[1, 0, 0, 1, 0, 1, 0, 0, 0]
D12[1, 0, 0, 1, 1, 1, -1, 0, 0]
D12[1, 0, 0, 1, 1, 1, 0, -1, 0]
D12[1, 0, 1, 1, 0, 1, -1, 0, 0]
D12[1, 0, 1, 1, 0, 1, 0, -1, 0]
D12[1, 0, 1, 1, 1, 1, -2, 0, 0]
D12[1, 0, 1, 1, 1, 1, -1, -1, 0]
D12[1, 0, 1, 1, 1, 1, 0, -2, 0]
D12[1, 1, -1, 0, 1, 1, 0, 0, 0]
D12[1, 1, -1, 1, 1, 0, 0, 0, 0]
D12[1, 1, -1, 1, 1, 1, 0, 0, -1]
D12[1, 1, -1, 1, 1, 1, 0, 0, 0]
D12[1, 1, 0, 0, 0, 1, 0, 0, 0]
D12[1, 1, 0, 0, 1, 1, -1, 0, 0]
D12[1, 1, 0, 0, 1, 1, 0, -1, 0]
D12[1, 1, 0, 1, 0, 0, 0, 0, 0]
D12[1, 1, 0, 1, 0, 1, 0, 0, -1]
D12[1, 1, 0, 1, 0, 1, 0, 0, 0]
D12[1, 1, 0, 1, 1, 0, -1, 0, 0]
D12[1, 1, 0, 1, 1, 0, 0, -1, 0]
D12[1, 1, 0, 1, 1, 1, -1, 0, -1]
D12[1, 1, 0, 1, 1, 1, -1, 0, 0]
D12[1, 1, 0, 1, 1, 1, 0, -1, -1]
D12[1, 1, 0, 1, 1, 1, 0, -1, 0]
D12[1, 1, 1, 0, 0, 1, -1, 0, 0]
D12[1, 1, 1, 0, 0, 1, 0, -1, 0]
D12[1, 1, 1, 0, 1, 1, -2, 0, 0]
D12[1, 1, 1, 0, 1, 1, -1, -1, 0]
D12[1, 1, 1, 0, 1, 1, 0, -2, 0]
D12[1, 1, 1, 1, -1, 1, 0, 0, 0]
D12[1, 1, 1, 1, 0, 0, -1, 0, 0]
D12[1, 1, 1, 1, 0, 0, 0, -1, 0]
D12[1, 1, 1, 1, 0, 1, -1, 0, -1]
D12[1, 1, 1, 1, 0, 1, -1, 0, 0]
D12[1, 1, 1, 1, 0, 1, 0, -1, -1]
D12[1, 1, 1, 1, 0, 1, 0, -1, 0]
D12[1, 1, 1, 1, 1, 0, -2, 0, 0]
D12[1, 1, 1, 1, 1, 0, -1, -1, 0]
D12[1, 1, 1, 1, 1, 1, -2, 0, -1]
D12[1, 1, 1, 1, 1, 1, -2, 0, 0]
D12[1, 1, 1, 1, 1, 1, -1, -1, 0]
D12[1, 1, 1, 1, 1, 1, 0, -2, -1]
D12[1, 1, 1, 1, 1, 1, 0, -2, 0]
D12[0, -1, 0, 2, 1, 1, 0, 0, 0]
D12[0, -1, 1, 2, 0, 1, 0, 0, 0]
D12[0, -1, 1, 2, 1, 1, 0, 0, 0]
D12[0, 0, 0, 2, 1, 0, 0, 0, 0]
D12[0, 0, 0, 2, 1, 1, 0, 0, -1]
D12[0, 0, 0, 2, 1, 1, 0, 0, 0]
D12[0, 0, 1, 1, 0, 1, 0, 0, 0]
D12[0, 0, 1, 2, 0, 0, 0, 0, 0]
D12[0, 0, 1, 2, 0, 1, 0, 0, -1]
D12[0, 0, 1, 2, 0, 1, 0, 0, 0]
D12[0, 0, 1, 2, 1, 0, 0, 0, 0]
D12[0, 0, 1, 2, 1, 1, 0, 0, -1]
D12[0, 0, 1, 2, 1, 1, 0, 0, 0]
D12[0, 1, 0, 2, 1, -1, 0, 0, 0]
D12[0, 1, 0, 2, 1, 0, 0, 0, -1]
D12[0, 1, 0, 2, 1, 0, 0, 0, 0]
D12[0, 1, 0, 2, 1, 1, 0, 0, -2]
D12[0, 1, 0, 2, 1, 1, 0, 0, -1]
D12[0, 1, 0, 2, 1, 1, 0, 0, 0]
D12[0, 1, 1, 1, 0, 1, 0, 0, -1]
D12[0, 1, 1, 2, 0, -1, 0, 0, 0]
D12[0, 1, 1, 2, 0, 0, 0, 0, -1]
D12[0, 1, 1, 2, 0, 0, 0, 0, 0]
D12[0, 1, 1, 2, 0, 1, 0, 0, -2]
D12[0, 1, 1, 2, 0, 1, 0, 0, -1]
D12[0, 1, 1, 2, 0, 1, 0, 0, 0]
D12[0, 1, 1, 2, 1, -1, 0, 0, 0]
D12[0, 1, 1, 2, 1, 0, 0, 0, -1]
D12[0, 1, 1, 2, 1, 0, 0, 0, 0]
D12[0, 1, 1, 2, 1, 1, 0, 0, -2]
D12[0, 1, 1, 2, 1, 1, 0, 0, -1]
D12[0, 1, 1, 2, 1, 1, 0, 0, 0]