0
11 2
1 8
1 -1 0 1 m1^2-t+mmv^2 
0 0 0 1 0 
0 -1 1 1 s 
0 0 1 0 -m2^2 

0
11 3
3 3
0 1 0 0 0 
1 0 0 0 0 
1 1 -1 0 s 
1 1 0 -1 -s-m2^2+m1^2-t+3*mmv^2 

0
11 4
1 8
1 0 -1 1 m1^2-t+mmv^2 
0 1 -1 1 s 
0 0 0 1 0 
0 1 0 0 -m2^2 

1
11 5
3 3
0 1 0 0 0 
0 0 1 0 0 
1 0 0 0 0 
0 0 1 0 0 

0
11 6
4 6
1 0 0 0 0 
0 1 0 0 0 
0 0 1 0 0 
0 0 0 1 -m2^2 

0
11 7
4 7
1 0 0 0 0 
0 1 0 0 0 
0 0 1 0 0 
0 0 0 1 -m2^2 

0
11 8
5 4
1 0 1 -1 -s+m2^2-t+3*mmv^2 
0 1 1 -1 -s+m2^2+2*mmv^2 
0 0 2 -1 2*m2^2-m1^2+2*mmv^2 
0 0 1 0 0 

0
11 9
8 9
1 0 0 0 0 
0 1 0 0 -m1^2 
0 0 1 0 0 
0 0 0 1 0 

0
11 10
6 12
-1 1 1 0 -s+m1^2 
0 0 1 0 0 
0 1 0 0 -m1^2 
0 0 0 1 0 

1
11 11
8 13
1 0 0 0 0 
0 0 1 0 0 
0 1 0 0 0 
0 0 0 1 0 

1
11 12
6 12
1 0 0 0 0 
1 0 0 0 0 
0 0 1 0 0 
0 0 0 1 0 

0
11 13
8 13
1 0 0 0 0 
0 1 0 0 -m1^2 
0 0 1 0 0 
0 0 0 1 0 

0
11 14
10 14
-1 1 1 0 -s+2*m1^2 
0 0 1 0 0 
0 1 0 0 0 
0 0 0 1 0 

