504 17520072110685805752 1 6
4 7 5 3 8 6 

486 13860689838096188588 2 6
7 5 2 6 8 1 
7 5 2 8 6 1 

485 10672026938645979996 2 6
6 8 7 5 2 0 
8 6 7 5 2 0 

483 7556568390781151128 4 6
5 7 0 6 8 1 
5 7 0 8 6 1 
7 5 0 6 8 1 
7 5 0 8 6 1 

455 7944229932947722664 8 6
2 7 0 6 8 1 
2 7 0 8 6 1 
6 8 1 7 2 0 
6 8 1 2 7 0 
7 2 0 6 8 1 
7 2 0 8 6 1 
8 6 1 2 7 0 
8 6 1 7 2 0 

438 14799306907219479265 1 6
4 1 8 7 5 2 

437 18068157609378747053 2 6
4 8 7 5 2 0 
8 4 7 5 2 0 

430 5296095162799833053 1 6
7 5 2 3 8 1 

429 5529481698028835169 2 6
3 8 7 5 2 0 
8 3 7 5 2 0 

359 8170282926877314653 4 6
6 8 1 5 2 0 
6 8 1 2 5 0 
8 6 1 5 2 0 
8 6 1 2 5 0 

347 12430723179909311531 2 6
0 4 6 8 3 1 
4 0 6 8 3 1 

343 10266126225324287549 1 6
4 0 2 6 8 1 

252 12094241008086487365 1 6
4 3 6 7 5 2 

250 4190083926238551617 1 6
4 7 5 3 1 6 

249 14260174553682358294 1 6
4 3 6 7 5 0 

246 7809910949290272312 1 6
4 1 6 7 5 2 

245 6296862755368870666 2 6
4 6 7 5 2 0 
6 4 7 5 2 0 

500 8531481772150959511 1 6
4 8 6 7 5 2 

243 9868929301668541385 1 6
4 1 6 7 5 0 

238 5296095162799833053 1 6
7 5 2 3 6 1 

237 5529481698028835169 2 6
3 6 7 5 2 0 
6 3 7 5 2 0 

492 5157167213269850707 2 6
7 5 2 6 8 3 
7 5 2 8 6 3 

235 16952259715128097189 2 6
5 7 0 3 6 1 
7 5 0 3 6 1 

222 5358787150303103771 1 6
4 7 2 3 1 6 

221 15744631091000234457 1 6
4 3 6 7 2 0 

476 922123893842424750 1 6
4 7 2 3 8 6 

219 15413910712828514773 1 6
4 7 0 3 1 6 

190 3570379144016811612 1 6
4 3 1 7 5 2 

189 5950374495096328587 2 6
3 4 7 5 2 0 
4 3 7 5 2 0 

444 26122601880307613 1 6
4 3 8 7 5 2 

187 7593851331577613328 1 6
4 3 1 7 5 0 

159 2181867511675224921 1 6
4 3 1 7 2 0 

126 8324858368062024440 1 6
4 5 2 6 3 1 

125 10474007334825484638 1 6
4 6 3 0 5 2 

380 11773468494578816444 2 6
4 5 2 6 8 3 
4 5 2 8 6 3 

123 6862064039949966716 1 6
4 0 5 6 3 1 

95 2044953967205743910 1 6
4 0 2 6 3 1 

63 8634136714977451035 2 6
4 1 3 2 5 0 
4 3 1 5 2 0 

496 54384981478515667 1 5
4 7 5 8 6 

488 16501348674692068977 4 5
5 7 6 8 3 
5 7 8 6 3 
7 5 6 8 3 
7 5 8 6 3 

484 3021136800975965599 2 5
6 8 7 5 2 
8 6 7 5 2 

482 471866663900493169 4 5
5 7 6 8 1 
5 7 8 6 1 
7 5 6 8 1 
7 5 8 6 1 

481 4288392202833259753 4 5
6 8 7 5 0 
6 8 5 7 0 
8 6 5 7 0 
8 6 7 5 0 

215 2303191515805646844 1 6
4 1 6 7 2 0 

472 11303817921730495983 2 5
4 7 3 8 6 
7 4 3 8 6 

465 5631857776809589267 1 5
4 8 6 7 0 

460 17155845982111654434 4 5
2 7 6 8 3 
2 7 8 6 3 
7 2 6 8 3 
7 2 8 6 3 

454 15486635454966755162 4 5
2 7 6 8 1 
2 7 8 6 1 
7 2 6 8 1 
7 2 8 6 1 

453 15486635454966755162 4 5
6 8 7 2 0 
6 8 2 7 0 
8 6 2 7 0 
8 6 7 2 0 

183 12441383079630646425 2 6
1 4 7 5 2 0 
4 1 7 5 2 0 

440 15074084156695009894 1 5
4 7 5 3 8 

434 15522383739398107412 1 5
4 7 5 1 8 

433 6431446601530433164 2 5
4 8 7 5 0 
8 4 7 5 0 

426 5456443916536502693 2 5
5 7 3 8 1 
7 5 3 8 1 

425 7410842931247377153 4 5
3 8 5 7 0 
3 8 7 5 0 
8 3 5 7 0 
8 3 7 5 0 

406 5159472786035186382 1 5
4 7 2 1 8 

405 15781509044285140532 2 5
4 8 7 2 0 
8 4 7 2 0 

398 14616632083562597693 2 5
2 7 3 8 1 
7 2 3 8 1 

397 7905877410704223438 4 5
3 8 7 2 0 
3 8 2 7 0 
8 3 2 7 0 
8 3 7 2 0 

119 7839657701799165382 1 6
4 6 1 0 5 2 

376 13570519618123252949 4 5
4 5 6 8 3 
4 5 8 6 3 
5 4 6 8 3 
5 4 8 6 3 

175 11492265054378255289 2 6
1 3 7 5 2 0 
3 1 7 5 2 0 

432 14985943103838419052 2 4
4 8 7 5 
8 4 7 5 

305 4537410656254315009 2 4
4 8 5 0 
8 4 5 0 

435 9257145042229565333 1 6
4 1 8 7 5 0 

178 8494560722300355860 2 4
1 4 7 5 
4 1 7 5 

401 9127537149388785590 2 4
4 8 7 0 
8 4 7 0 

111 14898160288574049996 2 6
3 6 1 5 2 0 
3 6 1 2 5 0 

368 10033919425389183793 4 4
4 5 6 8 
4 5 8 6 
5 4 6 8 
5 4 8 6 

371 1099883304017874943 1 6
4 0 5 6 8 1 

114 15609632890079636842 2 4
4 5 6 1 
5 4 6 1 

498 10858205294869657476 1 6
4 7 5 8 6 1 

241 8574990282663330215 2 5
4 6 5 7 0 
6 4 5 7 0 

396 4257650133633766769 4 4
2 7 3 8 
2 7 8 3 
7 2 3 8 
7 2 8 3 

399 16535807008461638957 2 6
2 7 0 3 8 1 
7 2 0 3 8 1 

142 11817618753924715730 4 4
2 7 3 1 
2 7 1 3 
7 2 3 1 
7 2 1 3 

337 17936154837828044787 2 4
0 4 6 8 
4 0 6 8 

467 6539459042993919933 1 6
4 7 0 8 6 1 

210 844027089328211766 2 4
4 7 1 6 
7 4 1 6 

207 16535807008461638957 2 6
2 7 0 3 6 1 
7 2 0 3 6 1 

464 9116344959574332654 2 4
4 7 8 6 
7 4 8 6 

315 10941508767488335929 1 6
4 5 0 8 3 1 

58 12657553381509885184 2 4
4 5 1 3 
5 4 1 3 

442 7474448853625093619 1 6
4 7 5 3 1 8 

185 15701938834173561949 2 5
3 4 7 5 0 
4 3 7 5 0 

51 7636520805661878029 2 4
1 4 5 0 
4 1 5 0 

308 13697909126296567058 2 4
4 8 5 2 
8 4 5 2 

311 1390964794325930478 1 6
4 8 1 5 2 0 

54 12657553381509885184 2 4
1 4 5 2 
4 1 5 2 

424 5727391816622074593 4 4
5 7 3 8 
5 7 8 3 
7 5 3 8 
7 5 8 3 

427 16952259715128097189 2 6
5 7 0 3 8 1 
7 5 0 3 8 1 

170 8518306885882634279 4 4
5 7 1 3 
5 7 3 1 
7 5 3 1 
7 5 1 3 

306 15609632890079636842 2 4
4 5 8 1 
5 4 8 1 

436 14572538776854345278 2 5
4 8 7 5 2 
8 4 7 5 2 

179 8233833192571147484 2 5
1 4 7 5 0 
4 1 7 5 0 

300 11784542988955640524 4 4
3 8 5 2 
3 8 2 5 
8 3 5 2 
8 3 2 5 

303 14898160288574049996 2 6
3 8 1 5 2 0 
3 8 1 2 5 0 

46 14380934779866056467 8 4
1 3 2 5 
1 3 5 2 
2 5 3 1 
2 5 1 3 
3 1 2 5 
3 1 5 2 
5 2 3 1 
5 2 1 3 

402 8965934090686740989 2 4
4 7 1 8 
7 4 1 8 

287 9039454891673850272 1 6
4 2 0 3 8 1 

30 12657553381509885184 2 4
2 4 3 1 
4 2 3 1 

414 13704888797885765948 1 6
4 7 2 3 1 8 

157 137763860583253104 2 5
3 4 7 2 0 
4 3 7 2 0 

83 7753845519296969428 2 4
0 4 6 1 
4 0 6 1 

340 6302551238620928965 4 4
2 4 6 8 
2 4 8 6 
4 2 6 8 
4 2 8 6 

470 10784630043372353076 1 6
4 7 2 8 6 1 

213 338652018472059755 4 5
4 6 2 7 0 
4 6 7 2 0 
6 4 2 7 0 
6 4 7 2 0 

281 6580372856619727722 4 4
0 4 3 8 
0 4 8 3 
4 0 3 8 
4 0 8 3 

411 10285971992743784008 1 6
4 7 0 3 1 8 

154 14515402054322567970 2 4
4 7 3 1 
7 4 3 1 

284 8632640743058673488 2 4
2 4 3 8 
4 2 3 8 

27 2915755619415678227 4 4
0 4 3 1 
0 4 1 3 
4 0 3 1 
4 0 1 3 

497 16011016729234331686 1 6
4 8 6 7 5 0 

240 16954421592595156864 2 4
4 6 5 7 
6 4 5 7 

370 8674934253582455353 4 5
4 5 6 8 1 
4 5 8 6 1 
5 4 6 8 1 
5 4 8 6 1 

113 12408983781698118751 2 4
4 6 0 5 
6 4 0 5 

473 7593213584667594257 1 6
4 7 0 3 8 6 

216 18075651076872989492 2 4
4 7 3 6 
7 4 3 6 

89 14991942314241110832 2 4
0 4 6 3 
4 0 6 3 

441 4294061733782078044 1 6
4 3 8 7 5 0 

184 15684399310074452655 2 4
3 4 7 5 
4 3 7 5 

413 11303581250168308924 1 6
4 3 8 7 2 0 

156 13138309995159718555 2 4
3 4 7 2 
4 3 7 2 

283 10853520946595904792 2 5
0 4 3 8 1 
4 0 3 8 1 

461 7462132151393589632 4 6
6 8 3 7 2 0 
6 8 3 2 7 0 
8 6 3 2 7 0 
8 6 3 7 2 0 

204 4257650133633766769 4 4
2 7 6 3 
2 7 3 6 
7 2 6 3 
7 2 3 6 

469 16432681561546155658 1 6
4 8 6 7 2 0 

212 6302551238620928965 4 4
4 6 2 7 
4 6 7 2 
6 4 2 7 
6 4 7 2 

339 5697073359100272154 2 5
0 4 6 8 1 
4 0 6 8 1 

489 9162629912626132896 4 6
5 7 0 6 8 3 
5 7 0 8 6 3 
7 5 0 6 8 3 
7 5 0 8 6 3 

232 5727391816622074593 4 4
5 7 6 3 
5 7 3 6 
7 5 6 3 
7 5 3 6 

403 8296580874167328590 1 5
4 7 0 1 8 

146 17458855618286389883 6 3
1 4 7 
1 7 4 
4 1 7 
4 7 1 
7 4 1 
7 1 4 

81 8922397766556314475 6 3
0 4 6 
0 6 4 
4 0 6 
4 6 0 
6 4 0 
6 0 4 

409 12117591397927994554 1 5
4 7 0 3 8 

152 7658636075273647947 6 3
3 4 7 
3 7 4 
4 3 7 
4 7 3 
7 4 3 
7 3 4 

373 16240236231766550486 1 6
4 6 8 0 5 2 

116 13697909126296567058 2 4
4 6 5 2 
6 4 5 2 

147 844027089328211766 2 4
1 4 7 0 
4 1 7 0 

404 9116344959574332654 2 4
4 8 7 2 
8 4 7 2 

407 8331304641308620581 1 6
4 1 8 7 2 0 

150 905605784662856031 2 4
1 4 7 2 
4 1 7 2 

365 8976651791188439622 4 6
6 8 3 5 2 0 
6 8 3 2 5 0 
8 6 3 5 2 0 
8 6 3 2 5 0 

108 11784542988955640524 4 4
3 6 5 2 
3 6 2 5 
6 3 5 2 
6 3 2 5 

412 17161136249169657782 1 5
4 7 2 3 8 

155 3513855941096690009 1 5
4 7 0 3 1 

317 17406627837471289696 1 6
4 8 3 5 2 0 

60 12657553381509885184 2 4
3 4 2 5 
4 3 2 5 

314 2890021036842154380 2 5
4 5 8 3 1 
5 4 8 3 1 

349 3652707456409070638 1 6
4 0 2 6 8 3 

92 8632640743058673488 2 4
2 4 3 6 
4 2 3 6 

466 9758751416227445618 2 5
4 7 8 6 1 
7 4 8 6 1 

209 7753845519296969428 2 4
4 6 0 7 
6 4 0 7 

356 11817618753924715730 4 4
6 8 2 5 
6 8 5 2 
8 6 5 2 
8 6 2 5 

377 12731771827644268362 1 6
4 0 5 6 8 3 

120 7229995222862046362 2 4
4 5 6 3 
5 4 6 3 

410 11878499926066288069 2 5
4 7 3 1 8 
7 4 3 1 8 

153 1145265670692512130 2 4
3 4 7 0 
4 3 7 0 

452 5568158931765736262 8 4
2 7 6 8 
2 7 8 6 
6 8 7 2 
6 8 2 7 
7 2 6 8 
7 2 8 6 
8 6 7 2 
8 6 2 7 

480 18159398951093837362 4 4
5 7 6 8 
5 7 8 6 
7 5 6 8 
7 5 8 6 

31 16361123817481253198 1 5
4 3 1 2 0 

158 4992916806526491956 1 5
4 7 2 3 1 

28 14008880805489720900 6 3
2 3 4 
2 4 3 
3 2 4 
3 4 2 
4 3 2 
4 2 3 

285 5123076150558684416 1 5
4 3 8 2 0 

304 5180365401916553282 6 3
4 5 8 
4 8 5 
5 4 8 
5 8 4 
8 5 4 
8 4 5 

47 10729626786035307665 4 5
1 3 2 5 0 
1 3 5 2 0 
3 1 2 5 0 
3 1 5 2 0 

174 4197674047833339211 2 5
1 3 7 5 2 
3 1 7 5 2 

301 6002699760245130220 4 5
3 8 5 2 0 
3 8 2 5 0 
8 3 2 5 0 
8 3 5 2 0 

312 7229995222862046362 2 4
4 5 8 3 
5 4 8 3 

55 15807849130926469836 2 5
1 4 5 2 0 
4 1 5 2 0 

182 2470980833719115233 2 5
1 4 7 5 2 
4 1 7 5 2 

309 11415815033280599554 2 5
4 8 5 2 0 
8 4 5 2 0 

186 3221030757356925640 1 5
4 7 5 3 1 

313 17850448997781209654 1 5
4 8 3 5 0 

318 8324858368062024440 1 6
4 5 2 8 3 1 

61 15807849130926469836 2 5
3 4 2 5 0 
4 3 2 5 0 

188 11045384772342853272 2 5
3 4 7 5 2 
4 3 7 5 2 

62 17485848144453044125 4 5
4 2 5 1 3 
4 3 1 5 2 
4 1 3 2 5 
4 5 2 3 1 

59 16361123817481253198 1 5
4 1 3 5 0 

316 10992007756495785033 1 5
4 8 3 5 2 

87 2262100545405104030 2 5
4 0 2 6 1 
4 6 1 0 2 

214 277922769505384241 1 5
4 7 2 1 6 

341 12202375652913516980 1 5
4 6 8 0 2 

218 11231637880906257986 2 5
4 7 3 1 6 
7 4 3 1 6 

345 6257115132472832228 2 5
0 4 6 8 3 
4 0 6 8 3 

350 1962890139571542382 4 6
2 4 6 8 3 1 
2 4 8 6 3 1 
4 2 6 8 3 1 
4 2 8 6 3 1 

93 6947013708289912056 1 5
4 6 3 0 2 

220 12060303440978914487 1 5
4 7 2 3 6 

94 1485578278066551668 2 5
2 4 3 6 1 
4 2 3 6 1 

91 15207982054185348044 2 5
0 4 6 3 1 
4 0 6 3 1 

348 18383354905706200457 4 5
2 4 6 8 3 
2 4 8 6 3 
4 2 6 8 3 
4 2 8 6 3 

366 13793909043879996934 4 6
2 5 6 8 3 1 
2 5 8 6 3 1 
5 2 6 8 3 1 
5 2 8 6 3 1 

109 6002699760245130220 4 5
3 6 5 2 0 
3 6 2 5 0 
6 3 2 5 0 
6 3 5 2 0 

236 7692348761547474963 2 5
3 6 7 5 2 
6 3 7 5 2 

110 9790552062928102198 2 5
2 5 3 6 1 
5 2 3 6 1 

364 18024137354122388793 4 5
2 5 6 8 3 
2 5 8 6 3 
5 2 6 8 3 
5 2 8 6 3 

372 17589355834540419352 2 5
4 6 8 5 2 
4 8 6 5 2 

115 8223319054886981991 1 5
4 6 1 0 5 

242 12923776336828630345 1 5
4 7 5 1 6 

112 5180365401916553282 6 3
4 5 6 
4 6 5 
5 4 6 
5 6 4 
6 5 4 
6 4 5 

369 15816893146059382325 1 5
4 6 8 0 5 

374 9183921752750185330 2 6
4 5 2 6 8 1 
4 5 2 8 6 1 

117 9194170858809860481 2 5
4 6 0 5 2 
6 4 0 5 2 

244 15932246324430079131 2 5
4 6 7 5 2 
6 4 7 5 2 

118 9097417079745722050 1 5
4 5 2 6 1 

378 12642106155183805099 4 6
4 5 6 8 3 1 
4 5 8 6 3 1 
5 4 6 8 3 1 
5 4 8 6 3 1 

121 6813183987431285424 1 5
4 6 3 0 5 

248 7324615543272832442 1 5
4 7 5 3 6 

122 2890021036842154380 2 5
4 5 6 3 1 
5 4 6 3 1 

124 10992007756495785033 1 5
4 6 3 5 2 

400 301608002787460125 6 3
4 7 8 
4 8 7 
7 4 8 
7 8 4 
8 7 4 
8 4 7 

143 9353911023410884434 4 5
1 3 2 7 0 
1 3 7 2 0 
3 1 2 7 0 
3 1 7 2 0 

408 15518586722672078266 2 4
4 7 3 8 
7 4 3 8 

151 1543031454459597920 2 5
1 4 7 2 0 
4 1 7 2 0 

428 7692348761547474963 2 5
3 8 7 5 2 
8 3 7 5 2 

171 4208969882742548835 4 5
1 3 5 7 0 
1 3 7 5 0 
3 1 5 7 0 
3 1 7 5 0 

462 17299725787024629657 4 6
2 7 6 8 3 1 
2 7 8 6 3 1 
7 2 6 8 3 1 
7 2 8 6 3 1 

205 7905877410704223438 4 5
3 6 2 7 0 
3 6 7 2 0 
6 3 2 7 0 
6 3 7 2 0 

206 14616632083562597693 2 5
2 7 3 6 1 
7 2 3 6 1 

468 287899329659801567 2 5
4 7 2 8 6 
4 8 6 7 2 

211 14285517862284527453 2 5
4 1 6 7 0 
4 7 0 1 6 

474 383130265076865585 2 6
4 7 3 8 6 1 
7 4 3 8 6 1 

217 11397445890552171211 1 5
4 3 6 7 0 

490 11644400199641714543 4 6
5 7 6 8 3 1 
5 7 8 6 3 1 
7 5 6 8 3 1 
7 5 8 6 3 1 

233 7410842931247377153 4 5
3 6 5 7 0 
3 6 7 5 0 
6 3 5 7 0 
6 3 7 5 0 

234 5456443916536502693 2 5
5 7 3 6 1 
7 5 3 6 1 

29 7636520805661878029 2 4
3 4 2 0 
4 3 2 0 

286 1485578278066551668 2 5
2 4 3 8 1 
4 2 3 8 1 

302 9790552062928102198 2 5
2 5 3 8 1 
5 2 3 8 1 

50 14008880805489720900 6 3
1 4 5 
1 5 4 
4 1 5 
4 5 1 
5 4 1 
5 1 4 

307 8922609197738381715 1 5
4 5 0 8 1 

310 9097417079745722050 1 5
4 5 2 8 1 

85 7753845519296969428 2 4
4 6 0 2 
6 4 0 2 

342 16268080675599159307 4 5
2 4 6 8 1 
2 4 8 6 1 
4 2 6 8 1 
4 2 8 6 1 

357 14369608255985264164 4 5
6 8 5 2 0 
6 8 2 5 0 
8 6 5 2 0 
8 6 2 5 0 

358 9353911023410884434 4 5
2 5 6 8 1 
2 5 8 6 1 
5 2 6 8 1 
5 2 8 6 1 

