0
11 2
1 1
2 -1 0 0 2*m1^2 
1 0 0 0 0 
1 -1 1 0 s 
1 0 1 -1 -m2^2+m1^2+t+mm^2 

0
11 3
1 3
0 1 0 0 0 
1 0 0 0 0 
1 1 -1 0 s 
1 0 -1 1 -m2^2+m1^2-t+mm^2 

0
11 4
1 1
2 0 -1 0 2*m1^2 
1 1 -1 0 s 
1 0 0 0 0 
1 1 0 -1 -m2^2+m1^2+t+mm^2 

1
11 5
1 3
0 1 0 0 0 
0 0 1 0 0 
1 0 0 0 0 
0 0 1 0 0 

0
11 6
3 10
0 0 1 0 0 
0 1 0 0 0 
0 0 0 1 0 
-1 1 0 1 -s-m2^2+2*m1^2+2*mm^2 

0
11 7
3 14
0 0 1 0 0 
0 1 0 0 0 
0 0 0 1 0 
-1 1 0 1 -s-m2^2+2*m1^2+2*mm^2 

0
11 8
6 2
-1 2 -1 1 -2*s+3*m2^2-m1^2-t+3*mm^2 
-1 1 0 1 -s+2*m2^2-2*m1^2+2*mm^2 
-1 2 0 0 2*m2^2-2*m1^2+2*mm^2 
0 1 0 0 0 

0
11 9
9 9
1 0 0 0 0 
0 1 0 0 -m1^2 
0 0 1 0 0 
0 0 0 1 0 

1
11 10
6 3
0 0 1 0 0 
1 0 0 0 0 
0 0 1 0 0 
0 1 0 0 0 

1
11 11
9 13
1 0 0 0 0 
0 0 1 0 0 
0 1 0 0 0 
0 0 0 1 0 

0
11 12
6 3
1 0 1 -1 -m2^2+m1^2-t+mm^2 
1 1 0 -1 s 
1 0 0 0 0 
0 1 0 0 0 

0
11 13
9 13
1 0 0 0 0 
0 1 0 0 -m1^2 
0 0 1 0 0 
0 0 0 1 0 

