D4[-1, 1, 1, 0, 1, 1, 0, 0, 0]
D4[0, 0, 1, 0, 1, 1, 0, 0, 0]
D4[0, 0, 1, 1, 1, 0, 0, 0, 0]
D4[0, 1, 0, 0, 1, 1, 0, 0, 0]
D4[0, 1, 0, 1, 1, 0, 0, 0, 0]
D4[0, 1, 1, -1, 1, 1, 0, 0, 0]
D4[0, 1, 1, 0, 0, 1, 0, 0, 0]
D4[0, 1, 1, 0, 1, 0, 0, 0, 0]
D4[0, 1, 1, 0, 1, 1, -1, 0, 0]
D4[0, 1, 1, 0, 1, 1, 0, -1, 0]
D4[0, 1, 1, 0, 1, 1, 0, 0, -1]
D4[0, 1, 1, 0, 1, 1, 0, 0, 0]
D4[0, 1, 1, 1, 0, 0, 0, 0, 0]
D4[0, 1, 1, 1, 1, -1, 0, 0, 0]
D4[0, 1, 1, 1, 1, 0, 0, 0, -1]
D4[0, 1, 1, 1, 1, 0, 0, 0, 0]
D4[1, -1, 1, 0, 1, 1, 0, 0, 0]
D4[1, -1, 1, 1, 1, 0, 0, 0, 0]
D4[1, 0, 0, 0, 1, 1, 0, 0, 0]
D4[1, 0, 0, 1, 1, 0, 0, 0, 0]
D4[1, 0, 1, -1, 1, 1, 0, 0, 0]
D4[1, 0, 1, 0, 0, 1, 0, 0, 0]
D4[1, 0, 1, 0, 1, 0, 0, 0, 0]
D4[1, 0, 1, 0, 1, 1, -1, 0, 0]
D4[1, 0, 1, 0, 1, 1, 0, -1, 0]
D4[1, 0, 1, 0, 1, 1, 0, 0, -1]
D4[1, 0, 1, 0, 1, 1, 0, 0, 0]
D4[1, 0, 1, 1, 0, 0, 0, 0, 0]
D4[1, 0, 1, 1, 1, -1, 0, 0, 0]
D4[1, 0, 1, 1, 1, 0, -1, 0, 0]
D4[1, 0, 1, 1, 1, 0, 0, -1, 0]
D4[1, 0, 1, 1, 1, 0, 0, 0, -1]
D4[1, 0, 1, 1, 1, 0, 0, 0, 0]
D4[1, 1, -1, 0, 1, 1, 0, 0, 0]
D4[1, 1, -1, 1, 1, 0, 0, 0, 0]
D4[1, 1, 0, -1, 1, 1, 0, 0, 0]
D4[1, 1, 0, 0, 0, 1, 0, 0, 0]
D4[1, 1, 0, 0, 1, 0, 0, 0, 0]
D4[1, 1, 0, 0, 1, 1, -1, 0, 0]
D4[1, 1, 0, 0, 1, 1, 0, -1, 0]
D4[1, 1, 0, 0, 1, 1, 0, 0, -1]
D4[1, 1, 0, 0, 1, 1, 0, 0, 0]
D4[1, 1, 0, 1, 0, 0, 0, 0, 0]
D4[1, 1, 0, 1, 1, -1, 0, 0, 0]
D4[1, 1, 0, 1, 1, 0, -1, 0, 0]
D4[1, 1, 0, 1, 1, 0, 0, -1, 0]
D4[1, 1, 0, 1, 1, 0, 0, 0, -1]
D4[1, 1, 0, 1, 1, 0, 0, 0, 0]
D4[1, 1, 1, -1, 0, 1, 0, 0, 0]
D4[1, 1, 1, -1, 1, 1, -1, 0, 0]
D4[1, 1, 1, -1, 1, 1, 0, -1, 0]
D4[1, 1, 1, -1, 1, 1, 0, 0, 0]
D4[1, 1, 1, 0, 0, 0, 0, 0, 0]
D4[1, 1, 1, 0, 0, 1, -1, 0, 0]
D4[1, 1, 1, 0, 0, 1, 0, -1, 0]
D4[1, 1, 1, 0, 0, 1, 0, 0, -1]
D4[1, 1, 1, 0, 0, 1, 0, 0, 0]
D4[1, 1, 1, 0, 1, 0, -1, 0, 0]
D4[1, 1, 1, 0, 1, 0, 0, -1, 0]
D4[1, 1, 1, 0, 1, 0, 0, 0, 0]
D4[1, 1, 1, 0, 1, 1, -2, 0, 0]
D4[1, 1, 1, 0, 1, 1, -1, -1, 0]
D4[1, 1, 1, 0, 1, 1, -1, 0, -1]
D4[1, 1, 1, 0, 1, 1, -1, 0, 0]
D4[1, 1, 1, 0, 1, 1, 0, -2, 0]
D4[1, 1, 1, 0, 1, 1, 0, -1, -1]
D4[1, 1, 1, 0, 1, 1, 0, -1, 0]
D4[1, 1, 1, 0, 1, 1, 0, 0, -1]
D4[1, 1, 1, 0, 1, 1, 0, 0, 0]
D4[1, 1, 1, 1, 0, -1, 0, 0, 0]
D4[1, 1, 1, 1, 0, 0, -1, 0, 0]
D4[1, 1, 1, 1, 0, 0, 0, -1, 0]
D4[1, 1, 1, 1, 0, 0, 0, 0, -1]
D4[1, 1, 1, 1, 0, 0, 0, 0, 0]
D4[1, 1, 1, 1, 1, -1, 0, 0, 0]
D4[1, 1, 1, 1, 1, 0, -1, 0, 0]
D4[1, 1, 1, 1, 1, 0, 0, -1, 0]
D4[1, 1, 1, 1, 1, 0, 0, 0, -1]
D4[1, 1, 1, 1, 1, 0, 0, 0, 0]