D8[-1, 1, 1, 0, 1, 1, 0, 0, 0]
D8[0, 0, 1, 0, 1, 1, 0, 0, 0]
D8[0, 0, 1, 1, 1, 0, 0, 0, 0]
D8[0, 1, 0, 0, 1, 1, 0, 0, 0]
D8[0, 1, 0, 1, 1, 0, 0, 0, 0]
D8[0, 1, 1, -1, 1, 1, 0, 0, 0]
D8[0, 1, 1, 0, 0, 1, 0, 0, 0]
D8[0, 1, 1, 0, 1, 0, 0, 0, 0]
D8[0, 1, 1, 0, 1, 1, -1, 0, 0]
D8[0, 1, 1, 0, 1, 1, 0, -1, 0]
D8[0, 1, 1, 0, 1, 1, 0, 0, -1]
D8[0, 1, 1, 0, 1, 1, 0, 0, 0]
D8[0, 1, 1, 1, 0, 0, 0, 0, 0]
D8[0, 1, 1, 1, 1, -1, 0, 0, 0]
D8[0, 1, 1, 1, 1, 0, 0, 0, -1]
D8[0, 1, 1, 1, 1, 0, 0, 0, 0]
D8[1, 0, 0, 0, 1, 1, 0, 0, 0]
D8[1, 0, 0, 1, 1, 0, 0, 0, 0]
D8[1, 0, 1, 0, 1, 1, -1, 0, 0]
D8[1, 0, 1, 0, 1, 1, 0, -1, 0]
D8[1, 0, 1, 0, 1, 1, 0, 0, 0]
D8[1, 0, 1, 1, 1, 0, -1, 0, 0]
D8[1, 0, 1, 1, 1, 0, 0, -1, 0]
D8[1, 0, 1, 1, 1, 0, 0, 0, 0]
D8[1, 1, -1, 0, 1, 1, 0, 0, 0]
D8[1, 1, -1, 1, 1, 0, 0, 0, 0]
D8[1, 1, 0, -1, 1, 1, 0, 0, 0]
D8[1, 1, 0, 0, 0, 1, 0, 0, 0]
D8[1, 1, 0, 0, 1, 0, 0, 0, 0]
D8[1, 1, 0, 0, 1, 1, -1, 0, 0]
D8[1, 1, 0, 0, 1, 1, 0, -1, 0]
D8[1, 1, 0, 0, 1, 1, 0, 0, -1]
D8[1, 1, 0, 0, 1, 1, 0, 0, 0]
D8[1, 1, 0, 1, 0, 0, 0, 0, 0]
D8[1, 1, 0, 1, 1, -1, 0, 0, 0]
D8[1, 1, 0, 1, 1, 0, -1, 0, 0]
D8[1, 1, 0, 1, 1, 0, 0, -1, 0]
D8[1, 1, 0, 1, 1, 0, 0, 0, -1]
D8[1, 1, 0, 1, 1, 0, 0, 0, 0]
D8[1, 1, 1, -1, 1, 1, -1, 0, 0]
D8[1, 1, 1, -1, 1, 1, 0, -1, 0]
D8[1, 1, 1, -1, 1, 1, 0, 0, 0]
D8[1, 1, 1, 0, 0, 1, -1, 0, 0]
D8[1, 1, 1, 0, 0, 1, 0, -1, 0]
D8[1, 1, 1, 0, 0, 1, 0, 0, 0]
D8[1, 1, 1, 0, 1, 0, -1, 0, 0]
D8[1, 1, 1, 0, 1, 0, 0, -1, 0]
D8[1, 1, 1, 0, 1, 0, 0, 0, 0]
D8[1, 1, 1, 0, 1, 1, -2, 0, 0]
D8[1, 1, 1, 0, 1, 1, -1, -1, 0]
D8[1, 1, 1, 0, 1, 1, -1, 0, -1]
D8[1, 1, 1, 0, 1, 1, -1, 0, 0]
D8[1, 1, 1, 0, 1, 1, 0, -2, 0]
D8[1, 1, 1, 0, 1, 1, 0, -1, -1]
D8[1, 1, 1, 0, 1, 1, 0, -1, 0]
D8[1, 1, 1, 0, 1, 1, 0, 0, -1]
D8[1, 1, 1, 0, 1, 1, 0, 0, 0]
D8[1, 1, 1, 1, 0, 0, -1, 0, 0]
D8[1, 1, 1, 1, 0, 0, 0, -1, 0]
D8[1, 1, 1, 1, 0, 0, 0, 0, 0]
D8[1, 1, 1, 1, 1, -1, -1, 0, 0]
D8[1, 1, 1, 1, 1, -1, 0, 0, 0]
D8[1, 1, 1, 1, 1, 0, -1, 0, -1]
D8[1, 1, 1, 1, 1, 0, -1, 0, 0]
D8[1, 1, 1, 1, 1, 0, 0, -1, -1]
D8[1, 1, 1, 1, 1, 0, 0, -1, 0]
D8[1, 1, 1, 1, 1, 0, 0, 0, -1]
D8[1, 1, 1, 1, 1, 0, 0, 0, 0]
D8[-1, 1, 1, 0, 1, 1, 0, 0, 0]
D8[0, 0, 1, 0, 1, 1, 0, 0, 0]
D8[0, 0, 1, 1, 1, 0, 0, 0, 0]
D8[0, 1, 0, 0, 1, 1, 0, 0, 0]
D8[0, 1, 0, 1, 1, 0, 0, 0, 0]
D8[0, 1, 1, -1, 1, 1, 0, 0, 0]
D8[0, 1, 1, 0, 0, 1, 0, 0, 0]
D8[0, 1, 1, 0, 1, 0, 0, 0, 0]
D8[0, 1, 1, 0, 1, 1, -1, 0, 0]
D8[0, 1, 1, 0, 1, 1, 0, -1, 0]
D8[0, 1, 1, 0, 1, 1, 0, 0, -1]
D8[0, 1, 1, 0, 1, 1, 0, 0, 0]
D8[0, 1, 1, 1, 0, 0, 0, 0, 0]
D8[0, 1, 1, 1, 1, -1, 0, 0, 0]
D8[0, 1, 1, 1, 1, 0, 0, 0, -1]
D8[0, 1, 1, 1, 1, 0, 0, 0, 0]
D8[1, 0, 0, 0, 1, 1, 0, 0, 0]
D8[1, 0, 0, 1, 1, 0, 0, 0, 0]
D8[1, 0, 1, 0, 1, 1, -1, 0, 0]
D8[1, 0, 1, 0, 1, 1, 0, -1, 0]
D8[1, 0, 1, 0, 1, 1, 0, 0, 0]
D8[1, 0, 1, 1, 1, 0, -1, 0, 0]
D8[1, 0, 1, 1, 1, 0, 0, -1, 0]
D8[1, 0, 1, 1, 1, 0, 0, 0, 0]
D8[1, 1, -1, 0, 1, 1, 0, 0, 0]
D8[1, 1, -1, 1, 1, 0, 0, 0, 0]
D8[1, 1, 0, -1, 1, 1, 0, 0, 0]
D8[1, 1, 0, 0, 0, 1, 0, 0, 0]
D8[1, 1, 0, 0, 1, 0, 0, 0, 0]
D8[1, 1, 0, 0, 1, 1, -1, 0, 0]
D8[1, 1, 0, 0, 1, 1, 0, -1, 0]
D8[1, 1, 0, 0, 1, 1, 0, 0, -1]
D8[1, 1, 0, 0, 1, 1, 0, 0, 0]
D8[1, 1, 0, 1, 0, 0, 0, 0, 0]
D8[1, 1, 0, 1, 1, -1, 0, 0, 0]
D8[1, 1, 0, 1, 1, 0, -1, 0, 0]
D8[1, 1, 0, 1, 1, 0, 0, -1, 0]
D8[1, 1, 0, 1, 1, 0, 0, 0, -1]
D8[1, 1, 0, 1, 1, 0, 0, 0, 0]
D8[1, 1, 1, -1, 1, 1, -1, 0, 0]
D8[1, 1, 1, -1, 1, 1, 0, -1, 0]
D8[1, 1, 1, -1, 1, 1, 0, 0, 0]
D8[1, 1, 1, 0, 0, 1, -1, 0, 0]
D8[1, 1, 1, 0, 0, 1, 0, -1, 0]
D8[1, 1, 1, 0, 0, 1, 0, 0, 0]
D8[1, 1, 1, 0, 1, 0, -1, 0, 0]
D8[1, 1, 1, 0, 1, 0, 0, -1, 0]
D8[1, 1, 1, 0, 1, 0, 0, 0, 0]
D8[1, 1, 1, 0, 1, 1, -2, 0, 0]
D8[1, 1, 1, 0, 1, 1, -1, -1, 0]
D8[1, 1, 1, 0, 1, 1, -1, 0, 0]
D8[1, 1, 1, 0, 1, 1, 0, -2, 0]
D8[1, 1, 1, 0, 1, 1, 0, -1, 0]
D8[1, 1, 1, 0, 1, 1, 0, 0, -1]
D8[1, 1, 1, 0, 1, 1, 0, 0, 0]
D8[1, 1, 1, 1, 0, 0, -1, 0, 0]
D8[1, 1, 1, 1, 0, 0, 0, -1, 0]
D8[1, 1, 1, 1, 0, 0, 0, 0, 0]
D8[1, 1, 1, 1, 1, -1, -1, 0, 0]
D8[1, 1, 1, 1, 1, -1, 0, 0, 0]
D8[1, 1, 1, 1, 1, 0, -1, 0, -1]
D8[1, 1, 1, 1, 1, 0, -1, 0, 0]
D8[1, 1, 1, 1, 1, 0, 0, -1, -1]
D8[1, 1, 1, 1, 1, 0, 0, -1, 0]
D8[1, 1, 1, 1, 1, 0, 0, 0, -1]
D8[1, 1, 1, 1, 1, 0, 0, 0, 0]
D8[1, -1, 1, 0, 1, 1, 0, 0, 0]
D8[1, -1, 1, 1, 1, 0, 0, 0, 0]
D8[1, 0, 1, -1, 1, 1, 0, 0, 0]
D8[1, 0, 1, 0, 0, 1, 0, 0, 0]
D8[1, 0, 1, 0, 1, 0, 0, 0, 0]
D8[1, 0, 1, 0, 1, 1, 0, 0, -1]
D8[1, 0, 1, 1, 0, 0, 0, 0, 0]
D8[1, 0, 1, 1, 1, -1, 0, 0, 0]
D8[1, 0, 1, 1, 1, 0, 0, 0, -1]
D8[1, 1, 1, -1, 0, 1, 0, 0, 0]
D8[1, 1, 1, 0, 0, 0, 0, 0, 0]
D8[1, 1, 1, 0, 0, 1, 0, 0, -1]
D8[1, 1, 1, 0, 1, 1, -1, 0, -1]
D8[1, 1, 1, 0, 1, 1, 0, -1, -1]
D8[1, 1, 1, 1, 0, -1, 0, 0, 0]
D8[1, 1, 1, 1, 0, 0, 0, 0, -1]