H1[-2, 1, 2, 1, 1, 0, 0, 0, 0]
H1[-1, 0, 2, 1, 1, 0, 0, 0, 0]
H1[-1, 1, 1, 1, 1, 0, 0, 0, 0]
H1[-1, 1, 2, 0, 1, 0, 0, 0, 0]
H1[-1, 1, 2, 1, 0, 0, 0, 0, 0]
H1[-1, 1, 2, 1, 1, -1, 0, 0, 0]
H1[-1, 1, 2, 1, 1, 0, -1, 0, 0]
H1[-1, 1, 2, 1, 1, 0, 0, -1, 0]
H1[-1, 1, 2, 1, 1, 0, 0, 0, -1]
H1[-1, 1, 2, 1, 1, 0, 0, 0, 0]
H1[0, -1, 2, 1, 1, 0, 0, 0, 0]
H1[0, 0, 1, 1, 1, 0, 0, 0, 0]
H1[0, 0, 2, 0, 1, 0, 0, 0, 0]
H1[0, 0, 2, 1, 0, 0, 0, 0, 0]
H1[0, 0, 2, 1, 1, -1, 0, 0, 0]
H1[0, 0, 2, 1, 1, 0, -1, 0, 0]
H1[0, 0, 2, 1, 1, 0, 0, -1, 0]
H1[0, 0, 2, 1, 1, 0, 0, 0, -1]
H1[0, 0, 2, 1, 1, 0, 0, 0, 0]
H1[0, 1, 1, 1, 0, 0, 0, 0, 0]
H1[0, 1, 1, 1, 1, -1, 0, 0, 0]
H1[0, 1, 1, 1, 1, 0, -1, 0, 0]
H1[0, 1, 1, 1, 1, 0, 0, -1, 0]
H1[0, 1, 1, 1, 1, 0, 0, 0, -1]
H1[0, 1, 1, 1, 1, 0, 0, 0, 0]
H1[0, 1, 2, 0, 0, 0, 0, 0, 0]
H1[0, 1, 2, 0, 1, -1, 0, 0, 0]
H1[0, 1, 2, 0, 1, 0, -1, 0, 0]
H1[0, 1, 2, 0, 1, 0, 0, -1, 0]
H1[0, 1, 2, 0, 1, 0, 0, 0, -1]
H1[0, 1, 2, 0, 1, 0, 0, 0, 0]
H1[0, 1, 2, 1, -1, 0, 0, 0, 0]
H1[0, 1, 2, 1, 0, -1, 0, 0, 0]
H1[0, 1, 2, 1, 0, 0, -1, 0, 0]
H1[0, 1, 2, 1, 0, 0, 0, -1, 0]
H1[0, 1, 2, 1, 0, 0, 0, 0, -1]
H1[0, 1, 2, 1, 0, 0, 0, 0, 0]
H1[0, 1, 2, 1, 1, -2, 0, 0, 0]
H1[0, 1, 2, 1, 1, -1, -1, 0, 0]
H1[0, 1, 2, 1, 1, -1, 0, -1, 0]
H1[0, 1, 2, 1, 1, -1, 0, 0, -1]
H1[0, 1, 2, 1, 1, -1, 0, 0, 0]
H1[0, 1, 2, 1, 1, 0, -1, -1, 0]
H1[0, 1, 2, 1, 1, 0, -1, 0, -1]
H1[0, 1, 2, 1, 1, 0, -1, 0, 0]
H1[0, 1, 2, 1, 1, 0, 0, -2, 0]
H1[0, 1, 2, 1, 1, 0, 0, -1, -1]
H1[0, 1, 2, 1, 1, 0, 0, -1, 0]
H1[0, 1, 2, 1, 1, 0, 0, 0, -2]
H1[0, 1, 2, 1, 1, 0, 0, 0, -1]
H1[0, 1, 2, 1, 1, 0, 0, 0, 0]
H1[1, -1, 2, 1, 0, 0, 0, 0, 0]
H1[1, 0, 1, 1, 0, 0, 0, 0, 0]
H1[1, 0, 2, 0, 0, 0, 0, 0, 0]
H1[1, 0, 2, 1, 0, -1, 0, 0, 0]
H1[1, 0, 2, 1, 0, 0, 0, -1, 0]
H1[1, 0, 2, 1, 0, 0, 0, 0, -1]
H1[1, 0, 2, 1, 0, 0, 0, 0, 0]
H1[1, 1, 1, 1, -1, 0, 0, 0, 0]
H1[1, 1, 1, 1, 0, -1, 0, 0, 0]
H1[1, 1, 1, 1, 0, 0, -1, 0, 0]
H1[1, 1, 1, 1, 0, 0, 0, -1, 0]
H1[1, 1, 1, 1, 0, 0, 0, 0, -1]
H1[1, 1, 1, 1, 0, 0, 0, 0, 0]
H1[1, 1, 2, 0, -1, 0, 0, 0, 0]
H1[1, 1, 2, 0, 0, -1, 0, 0, 0]
H1[1, 1, 2, 0, 0, 0, -1, 0, 0]
H1[1, 1, 2, 0, 0, 0, 0, 0, 0]
H1[1, 1, 2, 1, -1, -1, 0, 0, 0]
H1[1, 1, 2, 1, 0, -2, 0, 0, 0]
H1[1, 1, 2, 1, 0, -1, -1, 0, 0]
H1[1, 1, 2, 1, 0, -1, 0, -1, 0]
H1[1, 1, 2, 1, 0, -1, 0, 0, -1]
H1[1, 1, 2, 1, 0, -1, 0, 0, 0]
H1[1, 1, 2, 1, 0, 0, 0, -1, 0]
H1[1, 1, 2, 1, 0, 0, 0, 0, -1]
H1[1, 1, 2, 1, 0, 0, 0, 0, 0]
H1[1, 1, 2, 1, -1, 0, 0, 0, 0]
H1[1, 1, 2, 1, 0, 0, -1, 0, 0]