0
3 2
2 4
1 -1 1 0 s+m1^2 
0 0 1 0 0 
0 -1 2 0 2*s+2*m1^2 
0 -1 1 1 s+m1^2 

1
3 3
2 5
1 0 0 0 0 
0 0 1 0 0 
0 1 0 0 0 
0 1 0 0 0 

0
3 6
2 6
-1 1 1 0 -s+m1^2 
0 0 1 0 0 
0 1 0 0 0 
0 1 1 -1 -s+m1^2 

1
3 7
2 7
1 0 0 0 0 
0 0 1 0 0 
0 1 0 0 0 
0 0 0 1 0 

0
3 9
0 9
1 0 0 0 0 
0 1 0 0 -m1^2 
0 0 1 0 0 
0 0 0 1 0 

1
3 10
2 5
0 1 0 0 0 
0 0 1 0 0 
0 1 0 0 0 
1 0 0 0 0 

1
3 11
2 13
1 0 0 0 0 
0 0 1 0 0 
0 1 0 0 0 
0 0 0 1 0 

1
3 13
0 11
1 0 0 0 0 
0 0 1 0 0 
0 1 0 0 0 
0 0 0 1 0 

1
3 14
2 7
0 0 0 1 0 
0 0 1 0 0 
0 1 0 0 0 
1 0 0 0 0 

1
3 15
2 15
1 0 0 0 0 
0 0 1 0 0 
0 1 0 0 0 
0 0 0 1 0 

