A5[-2, 1, 1, 0]
A5[-2, 1, 1, 1]
A5[-1, 0, 1, 0]
A5[-1, 0, 1, 1]
A5[-1, 1, 0, 0]
A5[-1, 1, 0, 1]
A5[-1, 1, 1, -1]
A5[-1, 1, 1, 0]
A5[-1, 1, 1, 1]
A5[0, -1, 1, 0]
A5[0, -1, 1, 1]
A5[0, 0, 0, 0]
A5[0, 0, 0, 1]
A5[0, 0, 1, -1]
A5[0, 0, 1, 0]
A5[0, 0, 1, 1]
A5[0, 1, -1, 0]
A5[0, 1, -1, 1]
A5[0, 1, 0, -1]
A5[0, 1, 0, 0]
A5[0, 1, 0, 1]
A5[0, 1, 1, -2]
A5[0, 1, 1, -1]
A5[0, 1, 1, 0]
A5[0, 1, 1, 1]
A5[-2, 1, 1, 0]
A5[-2, 1, 1, 1]
A5[-1, 0, 1, 0]
A5[-1, 0, 1, 1]
A5[-1, 1, 0, 0]
A5[-1, 1, 0, 1]
A5[-1, 1, 1, -1]
A5[-1, 1, 1, 0]
A5[-1, 1, 1, 1]
A5[0, -1, 1, 0]
A5[0, -1, 1, 1]
A5[0, 0, 0, 0]
A5[0, 0, 0, 1]
A5[0, 0, 1, -1]
A5[0, 0, 1, 0]
A5[0, 0, 1, 1]
A5[0, 1, -1, 0]
A5[0, 1, -1, 1]
A5[0, 1, 0, -1]
A5[0, 1, 0, 0]
A5[0, 1, 0, 1]
A5[0, 1, 1, -2]
A5[0, 1, 1, -1]
A5[0, 1, 1, 0]
A5[0, 1, 1, 1]
A5[-1, 0, 1, 1]
A5[-1, 1, 0, 1]
A5[-1, 1, 1, 0]
A5[-1, 1, 1, 1]
A5[0, -1, 1, 1]
A5[0, 0, 0, 1]
A5[0, 0, 1, 0]
A5[0, 0, 1, 1]
A5[0, 1, -1, 1]
A5[0, 1, 0, 0]
A5[0, 1, 0, 1]
A5[0, 1, 1, 0]
A5[0, 1, 1, 1]
A5[-2, 1, 1, 1]
A5[0, 1, 1, -1]
A5[-2, 1, 1, 1]
A5[-1, 0, 1, 1]
A5[-1, 1, 0, 1]
A5[-1, 1, 1, 0]
A5[-1, 1, 1, 1]
A5[0, -1, 1, 1]
A5[0, 0, 0, 1]
A5[0, 0, 1, 0]
A5[0, 0, 1, 1]
A5[0, 1, -1, 1]
A5[0, 1, 0, 0]
A5[0, 1, 0, 1]
A5[0, 1, 1, -1]
A5[0, 1, 1, 0]
A5[0, 1, 1, 1]