0
21 47
21 47
1 0 0 0 0 0 0 0 0 0 
0 0 0 1 0 0 0 0 0 0 
0 0 1 0 0 0 0 0 0 0 
0 1 0 0 0 0 0 0 0 0 
0 1 1 1 -1 1 0 0 0 -s+2*m1^2 
0 0 0 0 0 1 0 0 0 0 
0 1 0 1 0 0 -1 0 0 s+2*m2^2 
0 0 0 0 0 0 0 1 0 0 
0 1 0 1 0 0 0 0 -1 s+2*m2^2 

1
21 47
21 47
1 0 0 0 0 0 0 0 0 0 
0 1 0 0 0 0 0 0 0 0 
0 0 0 0 0 1 0 0 0 0 
0 0 0 1 0 0 0 0 0 0 
0 0 0 0 1 0 0 0 0 0 
0 0 1 0 0 0 0 0 0 0 
0 0 0 0 1 0 0 0 0 0 
0 0 0 0 1 0 0 0 0 0 
0 0 0 0 1 0 0 0 0 0 

1
21 47
21 47
1 0 0 0 0 0 0 0 0 0 
0 0 0 1 0 0 0 0 0 0 
0 0 0 0 0 1 0 0 0 0 
0 1 0 0 0 0 0 0 0 0 
0 0 0 0 1 0 0 0 0 0 
0 0 1 0 0 0 0 0 0 0 
0 0 0 0 1 0 0 0 0 0 
0 0 0 0 1 0 0 0 0 0 
0 0 0 0 1 0 0 0 0 0 

0
21 54
21 54
1 0 0 0 0 0 0 0 0 0 
0 0 0 0 1 0 0 0 0 0 
0 0 1 0 0 0 0 0 0 0 
0 1 -1 -1 1 1 0 0 0 s 
0 1 0 0 0 0 0 0 0 0 
0 0 0 0 0 1 0 0 0 0 
-1 1 0 0 1 0 -1 1 0 2*m2^2-t 
0 0 0 0 0 0 0 1 0 0 
-1 1 1 0 1 0 0 0 -1 2*m2^2+m1^2 

0
21 55
21 55
1 0 0 0 0 0 0 0 0 0 
0 0 0 0 1 0 0 0 0 0 
0 0 1 0 0 0 0 0 0 0 
0 1 -1 -1 1 1 0 0 0 s 
0 1 0 0 0 0 0 0 0 0 
0 0 0 0 0 1 0 0 0 0 
-1 1 0 0 1 0 -1 1 0 2*m2^2-t 
0 0 0 0 0 0 0 1 0 0 
-1 1 1 0 1 0 0 0 -1 2*m2^2+m1^2 

0
21 62
21 62
-1 0 1 0 0 1 0 0 0 -s+2*m1^2 
0 0 0 1 0 0 0 0 0 0 
0 0 0 0 0 1 0 0 0 0 
0 1 0 0 0 0 0 0 0 0 
0 0 0 0 1 0 0 0 0 0 
0 0 1 0 0 0 0 0 0 0 
0 1 0 1 0 0 -1 0 0 s+2*m2^2 
0 0 1 0 0 1 0 -1 0 2*m1^2+2*t 
0 1 0 1 0 0 0 0 -1 s+2*m2^2 

1
21 63
21 63
1 0 0 0 0 0 0 0 0 0 
0 0 0 1 0 0 0 0 0 0 
0 0 0 0 0 1 0 0 0 0 
0 1 0 0 0 0 0 0 0 0 
0 0 0 0 1 0 0 0 0 0 
0 0 1 0 0 0 0 0 0 0 
0 0 0 0 0 0 1 0 0 0 
0 0 0 0 0 0 1 0 0 0 
0 0 0 0 0 0 1 0 0 0 

