C42[0, 1, -1, 1, 1, 1, 0]
C42[0, 1, 0, 1, 0, 1, 0]
C42[0, 1, 0, 1, 1, 0, 0]
C42[0, 1, 0, 1, 1, 1, -1]
C42[0, 1, 0, 1, 1, 1, 0]
C42[1, 0, -1, 1, 1, 1, 0]
C42[1, 0, 0, 1, 1, 1, -1]
C42[1, 0, 0, 1, 1, 1, 0]
C42[1, 1, -1, 0, 1, 1, 0]
C42[1, 1, -1, 1, 1, 1, -1]
C42[1, 1, -1, 1, 1, 1, 0]
C42[1, 1, 0, 0, 1, 1, -1]
C42[1, 1, 0, 0, 1, 1, 0]
C42[1, 1, 0, 1, 0, 1, -1]
C42[1, 1, 0, 1, 0, 1, 0]
C42[1, 1, 0, 1, 1, 0, -1]
C42[1, 1, 0, 1, 1, 0, 0]
C42[1, 1, 0, 1, 1, 1, -2]
C42[1, 1, 0, 1, 1, 1, -1]
C42[1, 1, 0, 1, 1, 1, 0]
C42[0, 0, 0, 1, 1, 1, 0]
C42[0, 1, 0, 0, 1, 1, 0]
C42[1, -1, 0, 1, 1, 1, 0]
C42[1, 0, 0, 0, 1, 1, 0]
C42[1, 0, 0, 1, 0, 1, 0]
C42[1, 0, 0, 1, 1, 0, 0]
C42[1, 1, -1, 1, 0, 1, 0]
C42[1, 1, -1, 1, 1, 0, 0]
C42[1, 1, 0, -1, 1, 1, 0]
C42[1, 1, 0, 0, 0, 1, 0]
C42[1, 1, 0, 0, 1, 0, 0]
C42[1, 1, 0, 1, -1, 1, 0]
C42[1, 1, 0, 1, 0, 0, 0]
C42[1, 1, 0, 1, 1, -1, 0]
C42[-1, 1, 0, 1, 1, 1, 0]
C42[-1, 1, 1, 0, 1, 1, 0]
C42[-1, 1, 1, 1, 0, 1, 0]
C42[-1, 1, 1, 1, 1, 0, 0]
C42[-1, 1, 1, 1, 1, 1, -1]
C42[-1, 1, 1, 1, 1, 1, 0]
C42[0, 0, 1, 1, 0, 1, 0]
C42[0, 0, 1, 1, 1, 1, -1]
C42[0, 0, 1, 1, 1, 1, 0]
C42[0, 1, 1, 0, 0, 1, 0]
C42[0, 1, 1, 0, 1, 1, -1]
C42[0, 1, 1, 0, 1, 1, 0]
C42[0, 1, 1, 1, -1, 1, 0]
C42[0, 1, 1, 1, 0, 0, 0]
C42[0, 1, 1, 1, 0, 1, -1]
C42[0, 1, 1, 1, 0, 1, 0]
C42[0, 1, 1, 1, 1, 0, -1]
C42[0, 1, 1, 1, 1, 0, 0]
C42[0, 1, 1, 1, 1, 1, -2]
C42[0, 1, 1, 1, 1, 1, -1]
C42[0, 1, 1, 1, 1, 1, 0]
C42[1, 0, 1, 1, 0, 1, -1]
C42[1, 0, 1, 1, 0, 1, 0]
C42[1, 0, 1, 1, 1, 1, -2]
C42[1, 0, 1, 1, 1, 1, -1]
C42[1, 0, 1, 1, 1, 1, 0]
C42[1, 1, 1, 0, 0, 1, -1]
C42[1, 1, 1, 0, 0, 1, 0]
C42[1, 1, 1, 0, 1, 1, -2]
C42[1, 1, 1, 0, 1, 1, -1]
C42[1, 1, 1, 0, 1, 1, 0]
C42[1, 1, 1, 1, -1, 1, -1]
C42[1, 1, 1, 1, -1, 1, 0]
C42[1, 1, 1, 1, 0, 0, -1]
C42[1, 1, 1, 1, 0, 0, 0]
C42[1, 1, 1, 1, 0, 1, -2]
C42[1, 1, 1, 1, 0, 1, -1]
C42[1, 1, 1, 1, 0, 1, 0]
C42[1, 1, 1, 1, 1, 0, -2]
C42[1, 1, 1, 1, 1, 0, -1]
C42[1, 1, 1, 1, 1, 0, 0]
C42[1, 1, 1, 1, 1, 1, -3]
C42[1, 1, 1, 1, 1, 1, -2]
C42[1, 1, 1, 1, 1, 1, -1]
C42[1, 1, 1, 1, 1, 1, 0]
C42[1, -1, 1, 1, 1, 1, 0]
C42[1, 0, 1, 0, 1, 1, 0]
C42[1, 0, 1, 1, 1, 0, 0]
C42[1, 1, 1, -1, 1, 1, 0]
C42[1, 1, 1, 0, 1, 0, 0]
C42[1, 1, 1, 1, 1, -1, 0]
C42[-2, 1, 1, 1, 1, 1, 0]
C42[-1, 0, 1, 1, 1, 1, 0]
C42[0, -1, 1, 1, 1, 1, 0]
C42[0, 0, 1, 0, 1, 1, 0]
C42[0, 0, 1, 1, 1, 0, 0]
C42[0, 1, 1, -1, 1, 1, 0]
C42[0, 1, 1, 0, 1, 0, 0]
C42[0, 1, 1, 1, 1, -1, 0]
C42[1, -1, 1, 1, 1, 1, -1]
C42[1, 0, 1, 0, 1, 1, -1]
C42[1, 0, 1, 1, 1, 0, -1]
C42[1, 1, 1, -1, 1, 1, -1]
C42[1, 1, 1, 0, 1, 0, -1]
C42[1, 1, 1, 1, 1, -1, -1]