D61[-1, 0, 1, 1, 1, 1, 0]
D61[-1, 1, 1, 1, 0, 1, 0]
D61[-1, 1, 1, 1, 1, 1, 0]
D61[0, 0, 0, 1, 1, 1, 0]
D61[0, 0, 1, 0, 1, 1, 0]
D61[0, 0, 1, 1, 1, 1, 0]
D61[0, 1, 0, 1, 0, 1, 0]
D61[0, 1, 0, 1, 1, 1, -1]
D61[0, 1, 0, 1, 1, 1, 0]
D61[0, 1, 1, 0, 1, 1, -1]
D61[0, 1, 1, 0, 1, 1, 0]
D61[0, 1, 1, 1, 0, 1, 0]
D61[0, 1, 1, 1, 1, 0, 0]
D61[0, 1, 1, 1, 1, 1, -1]
D61[0, 1, 1, 1, 1, 1, 0]
D61[1, 0, -1, 1, 1, 1, 0]
D61[1, 0, 0, 0, 1, 1, 0]
D61[1, 0, 0, 1, 1, 1, 0]
D61[1, 0, 1, -1, 1, 1, 0]
D61[1, 0, 1, 0, 1, 1, 0]
D61[1, 0, 1, 1, 1, 1, 0]
D61[1, 1, -1, 1, 0, 1, 0]
D61[1, 1, -1, 1, 1, 1, -1]
D61[1, 1, -1, 1, 1, 1, 0]
D61[1, 1, 0, 0, 0, 1, 0]
D61[1, 1, 0, 0, 1, 1, -1]
D61[1, 1, 0, 0, 1, 1, 0]
D61[1, 1, 0, 1, 0, 1, 0]
D61[1, 1, 0, 1, 1, 0, 0]
D61[1, 1, 0, 1, 1, 1, -1]
D61[1, 1, 0, 1, 1, 1, 0]
D61[1, 1, 1, -1, 1, 1, 0]
D61[1, 1, 1, 0, 0, 1, 0]
D61[1, 1, 1, 0, 1, 0, 0]
D61[1, 1, 1, 0, 1, 1, -1]
D61[1, 1, 1, 0, 1, 1, 0]
D61[1, 1, 1, 1, 0, 1, 0]
D61[1, 1, 1, 1, 1, 0, 0]
D61[1, 1, 1, 1, 1, 1, -1]
D61[1, 1, 1, 1, 1, 1, 0]
D61[-1, 0, 1, 1, 1, 1, 0]
D61[-1, 1, 1, 1, 0, 1, 0]
D61[-1, 1, 1, 1, 1, 1, 0]
D61[0, 0, 0, 1, 1, 1, 0]
D61[0, 0, 1, 0, 1, 1, 0]
D61[0, 0, 1, 1, 1, 1, 0]
D61[0, 1, 0, 1, 0, 1, 0]
D61[0, 1, 0, 1, 1, 1, -1]
D61[0, 1, 0, 1, 1, 1, 0]
D61[0, 1, 1, 0, 1, 1, -1]
D61[0, 1, 1, 0, 1, 1, 0]
D61[0, 1, 1, 1, 0, 1, 0]
D61[0, 1, 1, 1, 1, 0, 0]
D61[0, 1, 1, 1, 1, 1, -1]
D61[0, 1, 1, 1, 1, 1, 0]
D61[1, 0, -1, 1, 1, 1, 0]
D61[1, 0, 0, 0, 1, 1, 0]
D61[1, 0, 0, 1, 1, 1, 0]
D61[1, 0, 1, -1, 1, 1, 0]
D61[1, 0, 1, 0, 1, 1, 0]
D61[1, 0, 1, 1, 1, 1, 0]
D61[1, 1, -1, 1, 0, 1, 0]
D61[1, 1, -1, 1, 1, 1, -1]
D61[1, 1, -1, 1, 1, 1, 0]
D61[1, 1, 0, 0, 0, 1, 0]
D61[1, 1, 0, 0, 1, 1, -1]
D61[1, 1, 0, 0, 1, 1, 0]
D61[1, 1, 0, 1, 0, 1, 0]
D61[1, 1, 0, 1, 1, 0, 0]
D61[1, 1, 0, 1, 1, 1, -1]
D61[1, 1, 0, 1, 1, 1, 0]
D61[1, 1, 1, -1, 1, 1, 0]
D61[1, 1, 1, 0, 1, 0, 0]
D61[1, 1, 1, 0, 1, 1, -1]
D61[1, 1, 1, 0, 1, 1, 0]
D61[1, 1, 1, 1, 0, 1, 0]
D61[1, 1, 1, 1, 1, 0, 0]
D61[1, 1, 1, 1, 1, 1, -1]
D61[1, 1, 1, 1, 1, 1, 0]
D61[0, -1, 1, 1, 1, 1, 0]
D61[0, 0, 1, 1, 0, 1, 0]
D61[0, 0, 1, 1, 1, 0, 0]
D61[0, 0, 1, 1, 1, 1, -1]
D61[0, 1, 1, 1, -1, 1, 0]
D61[0, 1, 1, 1, 0, 0, 0]
D61[0, 1, 1, 1, 0, 1, -1]
D61[0, 1, 1, 1, 1, 0, -1]
D61[1, -1, 0, 1, 1, 1, 0]
D61[1, -1, 1, 0, 1, 1, 0]
D61[1, -1, 1, 1, 1, 1, 0]
D61[1, 0, 0, 1, 0, 1, 0]
D61[1, 0, 0, 1, 1, 0, 0]
D61[1, 0, 0, 1, 1, 1, -1]
D61[1, 0, 1, 0, 0, 1, 0]
D61[1, 0, 1, 0, 1, 0, 0]
D61[1, 0, 1, 0, 1, 1, -1]
D61[1, 0, 1, 1, 0, 1, 0]
D61[1, 0, 1, 1, 1, 0, 0]
D61[1, 0, 1, 1, 1, 1, -1]
D61[1, 1, 0, 1, -1, 1, 0]
D61[1, 1, 0, 1, 0, 0, 0]
D61[1, 1, 0, 1, 0, 1, -1]
D61[1, 1, 0, 1, 1, 0, -1]
D61[1, 1, 0, 1, 1, 1, -2]
D61[1, 1, 1, 0, 0, 0, 0]
D61[1, 1, 1, 0, 0, 1, -1]
D61[1, 1, 1, 0, 0, 1, 0]
D61[1, 1, 1, 0, 1, 0, -1]
D61[1, 1, 1, 0, 1, 1, -2]
D61[1, 1, 1, 1, -1, 1, 0]
D61[1, 1, 1, 1, 0, 0, 0]
D61[1, 1, 1, 1, 0, 1, -1]
D61[1, 1, 1, 1, 1, -1, 0]
D61[1, 1, 1, 1, 1, 0, -1]
D61[1, 1, 1, 1, 1, 1, -2]
D61[-1, 1, 1, 0, 1, 1, 0]
D61[-1, 1, 1, 1, 1, 0, 0]
D61[0, 1, 0, 0, 1, 1, 0]
D61[0, 1, 0, 1, 1, 0, 0]
D61[0, 1, 1, -1, 1, 1, 0]
D61[0, 1, 1, 0, 0, 1, 0]
D61[0, 1, 1, 0, 1, 0, 0]
D61[1, 1, -1, 0, 1, 1, 0]
D61[1, 1, -1, 1, 1, 0, 0]
D61[1, 1, 0, -1, 1, 1, 0]
D61[1, 1, 0, 0, 1, 0, 0]
D61[1, 1, 1, -2, 1, 1, 0]
D61[1, 1, 1, -1, 0, 1, 0]
D61[1, 1, 1, -1, 1, 0, 0]
D61[1, 1, 1, -1, 1, 1, -1]