D10[0, 0, 1, 0, 1, 1, 0, 0, 0]
D10[0, 1, 1, -1, 1, 1, 0, 0, 0]
D10[0, 1, 1, 0, 1, 0, 0, 0, 0]
D10[0, 1, 1, 0, 1, 1, 0, 0, -1]
D10[0, 1, 1, 0, 1, 1, 0, 0, 0]
D10[1, 0, 0, 0, 1, 1, 0, 0, 0]
D10[1, 0, 1, 0, 1, 1, -1, 0, 0]
D10[1, 0, 1, 0, 1, 1, 0, -1, 0]
D10[1, 0, 1, 0, 1, 1, 0, 0, 0]
D10[1, 1, 0, -1, 1, 1, 0, 0, 0]
D10[1, 1, 0, 0, 1, 0, 0, 0, 0]
D10[1, 1, 0, 0, 1, 1, 0, 0, -1]
D10[1, 1, 1, -1, 1, 1, -1, 0, 0]
D10[1, 1, 1, -1, 1, 1, 0, -1, 0]
D10[1, 1, 1, -1, 1, 1, 0, 0, 0]
D10[1, 1, 1, 0, 0, 1, 0, 0, 0]
D10[1, 1, 1, 0, 1, 0, -1, 0, 0]
D10[1, 1, 1, 0, 1, 0, 0, -1, 0]
D10[1, 1, 1, 0, 1, 0, 0, 0, 0]
D10[1, 1, 1, 0, 1, 1, -1, 0, -1]
D10[1, 1, 1, 0, 1, 1, -1, 0, 0]
D10[1, 1, 1, 0, 1, 1, 0, -1, -1]
D10[1, 1, 1, 0, 1, 1, 0, -1, 0]
D10[1, 1, 1, 0, 1, 1, 0, 0, -1]
D10[1, 1, 1, 0, 1, 1, 0, 0, 0]
D10[0, 0, 1, 1, 1, 0, 0, 0, 0]
D10[0, 1, 1, 1, 1, -1, 0, 0, 0]
D10[0, 1, 1, 1, 1, 0, 0, 0, -1]
D10[0, 1, 1, 1, 1, 0, 0, 0, 0]
D10[1, 0, 1, 1, 1, 0, -1, 0, 0]
D10[1, 0, 1, 1, 1, 0, 0, -1, 0]
D10[1, 0, 1, 1, 1, 0, 0, 0, 0]
D10[1, 1, 1, 1, 0, 0, 0, 0, 0]
D10[1, 1, 1, 1, 1, -1, -1, 0, 0]
D10[1, 1, 1, 1, 1, -1, 0, 0, 0]
D10[1, 1, 1, 1, 1, 0, -1, 0, -1]
D10[1, 1, 1, 1, 1, 0, 0, -1, -1]
D10[1, 1, 1, 1, 1, 0, 0, 0, -1]
D10[1, 1, 1, 1, 1, 0, 0, 0, 0]
D10[0, 0, 1, 0, 1, 1, 0, 0, 0]
D10[0, 0, 1, 1, 1, 0, 0, 0, 0]
D10[0, 1, 1, -1, 1, 1, 0, 0, 0]
D10[0, 1, 1, 0, 1, 0, 0, 0, 0]
D10[0, 1, 1, 0, 1, 1, 0, 0, -1]
D10[0, 1, 1, 0, 1, 1, 0, 0, 0]
D10[0, 1, 1, 1, 1, -1, 0, 0, 0]
D10[0, 1, 1, 1, 1, 0, 0, 0, -1]
D10[0, 1, 1, 1, 1, 0, 0, 0, 0]
D10[1, -1, 1, 0, 1, 1, 0, 0, 0]
D10[1, -1, 1, 1, 1, 0, 0, 0, 0]
D10[1, 0, 0, 0, 1, 1, 0, 0, 0]
D10[1, 0, 0, 1, 1, 0, 0, 0, 0]
D10[1, 0, 1, -1, 1, 1, 0, 0, 0]
D10[1, 0, 1, 0, 0, 1, 0, 0, 0]
D10[1, 0, 1, 0, 1, 0, 0, 0, 0]
D10[1, 0, 1, 0, 1, 1, -1, 0, 0]
D10[1, 0, 1, 0, 1, 1, 0, -1, 0]
D10[1, 0, 1, 0, 1, 1, 0, 0, -1]
D10[1, 0, 1, 0, 1, 1, 0, 0, 0]
D10[1, 0, 1, 1, 0, 0, 0, 0, 0]
D10[1, 0, 1, 1, 1, -1, 0, 0, 0]
D10[1, 0, 1, 1, 1, 0, -1, 0, 0]
D10[1, 0, 1, 1, 1, 0, 0, -1, 0]
D10[1, 0, 1, 1, 1, 0, 0, 0, -1]
D10[1, 0, 1, 1, 1, 0, 0, 0, 0]
D10[1, 1, 0, -1, 1, 1, 0, 0, 0]
D10[1, 1, 0, 0, 1, 0, 0, 0, 0]
D10[1, 1, 0, 0, 1, 1, 0, 0, -1]
D10[1, 1, 0, 1, 1, -1, 0, 0, 0]
D10[1, 1, 0, 1, 1, 0, 0, 0, -1]
D10[1, 1, 1, -1, 0, 1, 0, 0, 0]
D10[1, 1, 1, -1, 1, 1, -1, 0, 0]
D10[1, 1, 1, -1, 1, 1, 0, -1, 0]
D10[1, 1, 1, -1, 1, 1, 0, 0, 0]
D10[1, 1, 1, 0, 0, 0, 0, 0, 0]
D10[1, 1, 1, 0, 0, 1, 0, 0, -1]
D10[1, 1, 1, 0, 0, 1, 0, 0, 0]
D10[1, 1, 1, 0, 1, 0, -1, 0, 0]
D10[1, 1, 1, 0, 1, 0, 0, -1, 0]
D10[1, 1, 1, 0, 1, 0, 0, 0, 0]
D10[1, 1, 1, 0, 1, 1, -1, 0, -1]
D10[1, 1, 1, 0, 1, 1, -1, 0, 0]
D10[1, 1, 1, 0, 1, 1, 0, -1, -1]
D10[1, 1, 1, 0, 1, 1, 0, -1, 0]
D10[1, 1, 1, 0, 1, 1, 0, 0, -1]
D10[1, 1, 1, 0, 1, 1, 0, 0, 0]
D10[1, 1, 1, 1, 0, -1, 0, 0, 0]
D10[1, 1, 1, 1, 0, 0, 0, 0, -1]
D10[1, 1, 1, 1, 0, 0, 0, 0, 0]
D10[1, 1, 1, 1, 1, -1, -1, 0, 0]
D10[1, 1, 1, 1, 1, -1, 0, 0, 0]
D10[1, 1, 1, 1, 1, 0, -1, 0, -1]
D10[1, 1, 1, 1, 1, 0, -1, 0, 0]
D10[1, 1, 1, 1, 1, 0, 0, -1, -1]
D10[1, 1, 1, 1, 1, 0, 0, -1, 0]
D10[1, 1, 1, 1, 1, 0, 0, 0, -1]
D10[1, 1, 1, 1, 1, 0, 0, 0, 0]
D10[1, 0, 0, 1, 1, 0, 0, 0, 0]
D10[1, 1, 0, 0, 1, 1, 0, 0, 0]
D10[1, 1, 0, 1, 1, -1, 0, 0, 0]
D10[1, 1, 0, 1, 1, 0, 0, 0, -1]
D10[1, 1, 0, 1, 1, 0, 0, 0, 0]
D10[1, 1, 1, 1, 1, 0, -1, 0, 0]
D10[1, 1, 1, 1, 1, 0, 0, -1, 0]
D10[1, 1, 0, 0, 1, 1, 0, 0, 0]
D10[1, 1, 0, 1, 1, 0, 0, 0, 0]
D10[-1, 1, 1, 0, 1, 1, 0, 0, 0]
D10[-1, 1, 1, 1, 1, 0, 0, 0, 0]
D10[0, 1, 0, 0, 1, 1, 0, 0, 0]
D10[0, 1, 0, 1, 1, 0, 0, 0, 0]
D10[0, 1, 1, 0, 0, 1, 0, 0, 0]
D10[0, 1, 1, 0, 1, 1, -1, 0, 0]
D10[0, 1, 1, 0, 1, 1, 0, -1, 0]
D10[0, 1, 1, 1, 0, 0, 0, 0, 0]
D10[0, 1, 1, 1, 1, 0, -1, 0, 0]
D10[0, 1, 1, 1, 1, 0, 0, -1, 0]
D10[1, 1, 0, 0, 0, 1, 0, 0, 0]
D10[1, 1, 0, 1, 0, 0, 0, 0, 0]
D10[1, 1, 1, 0, 0, 1, -1, 0, 0]
D10[1, 1, 1, 0, 0, 1, 0, -1, 0]
D10[1, 1, 1, 1, 0, 0, -1, 0, 0]
D10[1, 1, 1, 1, 0, 0, 0, -1, 0]
D10[-1, 1, 1, 0, 1, 1, 0, 0, 0]
D10[-1, 1, 1, 1, 1, 0, 0, 0, 0]
D10[0, 1, 0, 0, 1, 1, 0, 0, 0]
D10[0, 1, 0, 1, 1, 0, 0, 0, 0]
D10[0, 1, 1, 0, 0, 1, 0, 0, 0]
D10[0, 1, 1, 0, 1, 1, -1, 0, 0]
D10[0, 1, 1, 0, 1, 1, 0, -1, 0]
D10[0, 1, 1, 1, 0, 0, 0, 0, 0]
D10[0, 1, 1, 1, 1, 0, -1, 0, 0]
D10[0, 1, 1, 1, 1, 0, 0, -1, 0]
D10[1, 1, 0, 0, 0, 1, 0, 0, 0]
D10[1, 1, 0, 1, 0, 0, 0, 0, 0]
D10[1, 1, 1, 0, 0, 1, -1, 0, 0]
D10[1, 1, 1, 0, 0, 1, 0, -1, 0]
D10[1, 1, 1, 1, 0, 0, -1, 0, 0]
D10[1, 1, 1, 1, 0, 0, 0, -1, 0]