511 16752090159299074249 1 9
2 6 4 8 1 3 0 5 7 

510 1469851936177572261 1 8
2 3 5 7 6 4 8 1 

509 3165656974692428048 1 8
2 6 4 8 3 0 5 7 

507 16713950499210165273 1 8
6 4 8 1 0 3 7 5 

503 14278155051153459664 1 8
2 0 5 7 6 4 8 1 

495 8791906311346463072 1 8
2 6 8 1 3 0 5 7 

479 14403642307652710535 1 8
2 3 0 7 6 4 8 1 

447 11136037533798866069 1 8
2 8 4 1 0 3 7 5 

383 12473525477100382563 1 8
2 3 0 5 6 4 8 1 

255 374797348613488128 1 8
2 6 4 1 3 0 5 7 

508 10703576290136461138 1 7
2 6 4 8 3 5 7 

506 11546656672807356824 1 7
7 5 3 6 4 8 1 

505 1775564395007440751 1 7
6 4 8 0 3 7 5 

502 9539774719199377790 1 7
2 5 7 6 4 8 1 

501 10489719057438068985 1 7
2 6 4 8 0 5 7 

499 15349680255714034992 1 7
0 7 5 6 4 8 1 

494 12818462067886804846 1 7
2 6 8 1 3 5 7 

493 9545710458984178422 1 7
2 6 8 3 0 5 7 

491 11740266123833977262 2 7
6 8 1 0 3 7 5 
8 6 1 0 3 7 5 

487 9278807622161075600 1 7
2 0 5 7 6 8 1 

478 593158494785555698 1 7
2 3 7 6 4 8 1 

477 1901834036408221526 1 7
2 6 4 8 3 0 7 

475 13041974236309343312 1 7
0 3 7 6 4 8 1 

471 8043458945331535571 1 7
2 0 7 6 4 8 1 

463 14173443931656876917 1 7
2 6 8 1 3 0 7 

446 10921360166818982667 1 7
2 8 4 1 3 7 5 

445 3418207444183853049 1 7
2 8 4 0 3 7 5 

443 11551672181495683339 1 7
8 4 1 0 3 7 5 

439 8714180746621374123 1 7
2 8 4 1 0 7 5 

431 8065012269398795579 1 7
2 8 1 0 3 7 5 

415 13272563963995959146 1 7
2 0 3 7 8 4 1 

382 17251527356077105317 1 7
2 3 5 6 4 8 1 

381 15249152484541797285 1 7
2 6 4 8 3 0 5 

379 17383721439746408258 1 7
0 3 5 6 4 8 1 

375 2345339228837374499 1 7
2 0 5 6 4 8 1 

367 4623262981628088343 1 7
2 6 8 1 3 0 5 

351 7718239629897283377 1 7
2 3 0 6 4 8 1 

319 2380582252978003865 1 7
2 0 3 5 8 4 1 

254 1803360111907656957 1 7
2 6 4 1 3 5 7 

253 12894063573215090645 1 7
2 6 4 3 0 5 7 

251 9836496802748981463 1 7
6 4 1 0 3 7 5 

247 16130443032438113569 1 7
2 6 4 1 0 5 7 

239 17947277907918437496 1 7
2 6 1 3 0 5 7 

223 7213735843904371820 1 7
2 6 4 1 3 0 7 

191 17680566011631206571 1 7
2 4 1 0 3 7 5 

127 3747154446722237886 1 7
2 6 4 1 3 0 5 

504 11067705123699555428 1 6
6 4 8 7 5 3 

500 6719421979499516527 1 6
2 5 7 6 4 8 

498 5619499711740336457 2 6
5 7 6 4 8 1 
7 5 6 4 8 1 

497 14386445089495519032 1 6
6 4 8 0 7 5 

492 10311766744263144680 1 6
2 6 8 3 5 7 

490 2930897475129020943 2 6
6 8 1 7 5 3 
8 6 1 7 5 3 

489 17890840415161835320 2 6
6 8 0 3 7 5 
8 6 0 3 7 5 

486 16715912185721804107 1 6
2 5 7 6 8 1 

485 5000794395357966170 1 6
2 6 8 0 5 7 

483 6510866401225712365 2 6
0 7 5 6 8 1 
0 7 5 8 6 1 

476 12501437552374540926 1 6
2 3 7 6 4 8 

474 8763760567645945095 2 6
3 7 6 4 8 1 
7 3 6 4 8 1 

473 18084820968815712269 1 6
6 4 8 0 3 7 

470 14219464251815983922 1 6
2 7 6 4 8 1 

469 7274686442428654774 1 6
2 0 7 6 4 8 

467 5904001511345999437 1 6
0 7 6 4 8 1 

462 10390900967783038183 1 6
2 3 7 6 8 1 

461 8416908094898253629 1 6
2 6 8 3 0 7 

459 4459075597566367150 2 6
0 3 7 6 8 1 
0 3 7 8 6 1 

455 5623483835601360410 1 6
2 0 7 8 6 1 

444 1021487129728683598 1 6
2 8 4 3 7 5 

442 4960203950609477847 1 6
8 4 1 7 5 3 

441 3721028156920966507 1 6
8 4 0 3 7 5 

438 6677491880647633407 1 6
2 7 5 8 4 1 

437 9854318699238718770 1 6
2 8 4 0 7 5 

435 10884268745290020858 1 6
8 4 1 0 7 5 

430 1397565742299395888 1 6
2 8 1 3 7 5 

429 9860361332933216173 2 6
2 8 0 3 7 5 
8 2 0 3 7 5 

427 16620683974237662815 1 6
8 1 0 3 7 5 

423 4885908785143600172 1 6
2 8 1 0 7 5 

414 15111054969391984408 1 6
2 3 7 8 4 1 

413 15898019005921359624 1 6
2 8 4 0 3 7 

411 2437309209147342911 1 6
0 3 7 8 4 1 

407 13199207573531413972 1 6
2 0 7 8 4 1 

399 17835471336381865845 1 6
2 8 1 0 3 7 

380 2649310641395598218 1 6
2 3 5 6 4 8 

377 9346948612222098545 1 6
6 4 8 0 3 5 

374 14701838498597327653 1 6
2 5 6 4 8 1 

373 637220852452700918 1 6
2 0 5 6 4 8 

371 5114218923881613163 1 6
0 5 6 4 8 1 

366 10117813655464884523 1 6
2 3 5 6 8 1 

365 14014490679650524973 1 6
2 6 8 3 0 5 

363 18274300073391824330 2 6
0 3 5 6 8 1 
0 3 5 8 6 1 

359 17674229188200267080 1 6
2 0 5 6 8 1 

350 6823874740986854405 1 6
2 3 6 4 8 1 

349 4275758505909040288 1 6
2 3 0 6 4 8 

347 5676098440543783198 1 6
0 3 6 4 8 1 

343 8697670628266435877 2 6
0 2 6 4 8 1 
2 0 6 4 8 1 

335 17685911280601928236 1 6
2 3 0 6 8 1 

318 17210203554168484447 1 6
2 3 5 8 4 1 

317 14961289669329210676 1 6
2 8 4 0 3 5 

315 4752117053382787639 1 6
0 3 5 8 4 1 

311 10144769564267091948 1 6
2 0 5 8 4 1 

303 2648750084385382888 1 6
2 8 1 0 3 5 

287 16376434073631825067 1 6
2 0 3 8 4 1 

252 4134807471770799466 1 6
2 6 4 3 5 7 

250 11187849683017350707 1 6
6 4 1 7 5 3 

249 9657830575625846327 1 6
6 4 0 3 7 5 

246 12320656461467003326 1 6
2 5 7 6 4 1 

245 10806103664441578294 1 6
2 6 4 0 5 7 

243 13695248870461952166 1 6
6 4 1 0 7 5 

238 12861718283480294260 1 6
2 6 1 3 5 7 

237 7007644694692331011 2 6
2 6 3 0 5 7 
6 2 3 0 5 7 

235 16620683974237662815 1 6
6 1 0 3 7 5 

231 6001796340239302810 1 6
2 6 1 0 5 7 

222 7618987367588272830 1 6
2 3 7 6 4 1 

221 1565067041773981727 1 6
2 6 4 3 0 7 

219 2390848473177173684 1 6
6 4 1 0 3 7 

215 16632342970971264361 1 6
2 0 7 6 4 1 

207 16619763885417434762 1 6
2 6 1 3 0 7 

190 8677588221163162748 1 6
2 4 1 3 7 5 

189 4360194829568431717 1 6
2 4 0 3 7 5 

183 4469586324310402565 1 6
2 4 1 0 7 5 

175 1355134692537319987 1 6
2 1 0 3 7 5 

159 10575572176439905373 1 6
2 4 1 0 3 7 

126 18077360663995713345 1 6
2 3 5 6 4 1 

125 1140458629709250119 1 6
2 6 4 3 0 5 

393 17824419152750840397 1 4
8 0 3 7 

326 5791202589742025722 2 4
2 6 8 1 
2 8 6 1 

69 1608993688739404121 6 3
0 2 6 
0 6 2 
2 0 6 
2 6 0 
6 2 0 
6 0 2 

305 16007838866231291532 1 4
8 4 0 5 

297 3061593260773872569 1 4
8 0 3 5 

294 1951881491876712008 1 4
2 5 8 1 

37 6547977334182089318 1 3
2 0 5 

281 16887637065766591083 1 4
0 3 8 4 

278 8487419865963116326 1 4
2 8 4 1 

21 5290535264585245079 2 3
0 2 4 
2 0 4 

270 734652896526164522 1 4
2 3 8 1 

13 15607129978838971647 1 3
2 0 3 

390 18907988883471469 1 4
2 7 8 1 

133 120318724290686755 1 3
2 0 7 

263 11714487308727088195 2 4
0 2 8 1 
2 0 8 1 

225 11308091520181663255 1 4
6 0 7 5 

482 16717551454501711602 4 5
5 7 6 8 1 
5 7 8 6 1 
7 5 6 8 1 
7 5 8 6 1 

209 18435473395700808747 1 4
6 4 0 7 

201 17824419152750840397 1 4
6 0 3 7 

458 8747414595532917162 4 5
3 7 6 8 1 
3 7 8 6 1 
7 3 6 8 1 
7 3 8 6 1 

116 8367687408940028838 1 4
2 5 6 4 

240 11761183322476602195 2 4
6 4 5 7 
6 4 7 5 

113 15352444129315379608 1 4
6 4 0 5 

108 2765825998026012982 2 4
2 6 3 5 
6 2 3 5 

232 12579062713302040190 1 4
6 7 5 3 

105 3061593260773872569 1 4
6 0 3 5 

356 14682609880083431802 1 4
2 5 6 8 

99 10937524567233462966 1 4
6 1 0 5 

102 2226625574693760734 1 4
2 5 6 1 

228 11404679334286959995 2 4
2 6 5 7 
6 2 5 7 

101 3740011801191783651 2 4
2 6 0 5 
6 2 0 5 

358 7978772884602964947 1 5
2 5 6 8 1 

353 10576767642948097572 2 4
0 5 6 8 
0 5 8 6 

226 14938282910891439978 2 4
6 1 5 7 
6 1 7 5 

92 14069120877268359778 1 4
2 3 6 4 

216 10804404845972369400 2 4
6 4 3 7 
6 4 7 3 

89 629424730676080141 1 4
6 4 0 3 

340 312004531566719009 1 4
2 6 4 8 

83 806383068741987557 1 4
0 6 4 1 

86 806383068741987557 1 4
2 6 4 1 

212 8455842995596592324 1 4
2 7 6 4 

85 9584453563125366407 2 4
0 2 6 4 
2 0 6 4 

342 7702338994459008990 1 5
2 6 4 8 1 

337 312004531566719009 1 4
0 6 4 8 

332 6073836745596818493 1 4
2 3 6 8 

75 17390774532299030590 1 4
0 3 6 1 

78 6033578634920375779 1 4
2 3 6 1 

193 120318724290686755 1 3
6 0 7 

329 11800644415024977684 2 4
0 3 6 8 
0 3 8 6 

202 6807592485508689314 2 4
6 1 3 7 
6 1 7 3 

300 6096316761691735379 2 4
2 8 5 3 
8 2 5 3 

46 11451003893313735788 1 4
2 1 3 5 

284 7340731449851903182 1 4
2 3 8 4 

30 9057189885774948332 2 4
2 3 1 4 
2 3 4 1 

81 16579262725328995098 1 3
0 6 4 

396 8834587792659175614 2 4
2 8 7 3 
8 2 7 3 

269 11430783798546134092 2 4
2 8 0 3 
8 2 0 3 

142 14626959652022130946 1 4
2 1 3 7 

15 17305088081069376764 1 4
2 1 0 3 

84 16579262725328995098 1 3
2 6 4 

341 3871411443308762554 2 5
0 2 6 4 8 
2 0 6 4 8 

76 6147140002549216040 2 3
2 6 3 
6 2 3 

333 11957561037473068227 1 5
2 6 8 3 0 

323 5791202589742025722 2 4
0 6 8 1 
0 8 6 1 

196 15108594179794765655 2 3
2 6 7 
6 2 7 

453 1998689690510589991 1 5
2 0 7 8 6 

100 3358798806477016421 2 3
2 6 5 
6 2 5 

357 658273459019262459 1 5
2 0 5 6 8 

394 6807592485508689314 2 4
8 1 7 3 
8 1 3 7 

267 17390774532299030590 1 4
0 3 8 1 

140 12935139938530764483 2 3
2 3 7 
2 7 3 

397 471413962444188942 2 5
2 8 0 3 7 
8 2 0 3 7 

52 13859739506501047863 2 3
2 4 5 
2 5 4 

309 3966383873202036896 1 5
2 8 4 0 5 

195 8295444495938749821 2 4
0 7 6 1 
6 1 0 7 

452 947853181833727644 1 4
2 7 8 6 

68 3269317066256507370 2 2
2 6 
6 2 

325 5289453083476354333 4 4
0 2 6 8 
0 2 8 6 
2 0 6 8 
2 0 8 6 

257 3269317066256507370 2 2
0 8 
8 0 

275 8487419865963116326 1 4
0 8 4 1 

148 15086796038802499190 2 3
2 4 7 
2 7 4 

405 14903435187149828515 1 5
2 8 4 0 7 

65 3269317066256507370 2 2
0 6 
6 0 

387 8295444495938749821 2 4
0 7 8 1 
8 1 0 7 

260 3269317066256507370 2 2
2 8 
8 2 

28 10164275991930780276 2 3
2 3 4 
2 4 3 

285 12147805294475446321 1 5
2 0 3 8 4 

291 10937524567233462966 1 4
8 1 0 5 

164 4645042823228228365 2 3
2 5 7 
2 7 5 

421 6045168401295107140 2 5
2 8 0 7 5 
8 2 0 7 5 

273 7991275213031091977 1 3
0 8 4 

73 15607129978838971647 1 3
6 0 3 

200 12935139938530764483 2 3
6 3 7 
6 7 3 

457 17087711200872445473 2 5
6 8 0 3 7 
8 6 0 3 7 

5 3269317066256507370 2 2
0 2 
2 0 

262 120318724290686755 1 3
2 8 1 

259 120318724290686755 1 3
0 8 1 

277 13092089241377264102 2 4
0 2 8 4 
2 0 8 4 

150 4417403783012931234 1 4
2 7 4 1 

23 11938277985393784018 4 4
0 2 1 4 
0 2 4 1 
2 0 1 4 
2 0 4 1 

97 6547977334182089318 1 3
6 0 5 

224 4645042823228228365 2 3
6 5 7 
6 7 5 

481 6172713521761056148 2 5
6 8 0 7 5 
8 6 0 7 5 

389 11714487308727088195 2 4
2 8 0 7 
8 2 0 7 

135 18907988883471469 1 4
2 1 0 7 

392 12935139938530764483 2 3
8 7 3 
8 3 7 

67 120318724290686755 1 3
0 6 1 

324 1291564374704976997 2 3
2 6 8 
2 8 6 

321 1291564374704976997 2 3
0 6 8 
0 8 6 

265 15607129978838971647 1 3
8 0 3 

197 11230222483017803950 2 4
2 6 0 7 
6 2 0 7 

454 8977637900237655528 1 5
2 7 8 6 1 

70 120318724290686755 1 3
2 6 1 

327 6687387608441479775 4 5
0 2 6 8 1 
0 2 8 6 1 
2 0 6 8 1 
2 0 8 6 1 

156 11403166433458397036 1 4
2 4 3 7 

29 17305088081069376764 1 4
2 4 0 3 

286 11081123201736444053 1 5
2 3 8 4 1 

141 17824419152750840397 1 4
2 0 3 7 

398 6649761179842958970 1 5
2 8 1 3 7 

14 10164275991930780276 2 3
2 1 3 
2 3 1 

271 3288083691797578897 1 5
2 0 3 8 1 

268 13671534519328735828 2 3
2 8 3 
8 2 3 

149 5517493463570393730 1 4
2 4 0 7 

406 3002002920115673621 1 5
2 7 8 4 1 

276 7991275213031091977 1 3
2 8 4 

180 15292750736149294559 1 4
2 4 7 5 

53 12159135364391623127 1 4
2 4 0 5 

310 2004438129663233646 1 5
2 5 8 4 1 

165 11308091520181663255 1 4
2 0 7 5 

422 5307757672719753656 1 5
2 8 1 7 5 

38 1539427695804888906 2 3
2 1 5 
2 5 1 

295 10727898749973350615 1 5
2 0 5 8 1 

292 824108535085612656 2 3
2 8 5 
8 2 5 

385 120318724290686755 1 3
8 0 7 

134 3086876153604257404 2 3
2 1 7 
2 7 1 

391 17496068339095235272 2 5
2 0 7 8 1 
2 8 1 0 7 

261 1608993688739404121 6 3
0 2 8 
0 8 2 
2 0 8 
2 8 0 
8 2 0 
8 0 2 

7 5290535264585245079 2 3
0 2 1 
2 0 1 

388 5290535264585245079 2 3
2 8 7 
8 2 7 

289 6547977334182089318 1 3
8 0 5 

416 4645042823228228365 2 3
8 7 5 
8 5 7 

293 3868283023323800670 2 4
2 8 0 5 
8 2 0 5 

166 7356589093232785407 1 4
2 1 7 5 

39 1699500990844157187 1 4
2 1 0 5 

172 12579062713302040190 1 4
2 7 5 3 

45 3061593260773872569 1 4
2 0 3 5 

302 2563713643793336464 1 5
2 8 1 3 5 

308 14107103375040314554 1 4
2 5 8 4 

54 14748433416569259490 1 4
2 5 1 4 

60 7485378777313747924 1 4
2 4 3 5 

198 13299203370726186861 1 4
2 7 6 1 

71 11714487308727088195 2 4
0 2 6 1 
2 0 6 1 

204 13733280383551588362 2 4
2 6 3 7 
6 2 3 7 

77 17566054766071332030 2 4
2 6 3 0 
6 2 3 0 

334 10590914756781222025 1 5
2 3 6 8 1 

401 11143293782251909588 1 4
8 4 0 7 

404 8826434305785536924 1 4
2 7 8 4 

408 1749885575911467656 2 4
8 4 7 3 
8 4 3 7 

151 14264638524499601792 1 5
2 0 7 4 1 

417 11308091520181663255 1 4
8 0 7 5 

418 14938282910891439978 2 4
8 1 7 5 
8 1 5 7 

420 18346923883888787904 2 4
2 8 7 5 
8 2 7 5 

424 12579062713302040190 1 4
8 7 5 3 

167 17288054709143055410 1 5
2 1 0 7 5 

432 11074727867682362109 2 4
8 4 7 5 
8 4 5 7 

449 15707844318785971620 2 4
0 7 6 8 
0 7 8 6 

456 17284078954638625219 4 4
6 8 7 3 
6 8 3 7 
8 6 7 3 
8 6 3 7 

199 17898540167495108782 1 5
2 0 7 6 1 

480 2431714414142321875 4 4
6 8 7 5 
6 8 5 7 
8 6 7 5 
8 6 5 7 

31 1931206807659864700 2 5
2 0 3 1 4 
2 0 3 4 1 

47 15205210246557651937 1 5
2 1 0 3 5 

55 8318098554564562885 1 5
2 0 5 1 4 

61 9175407449347998386 1 5
2 4 0 3 5 

62 8758955451540148926 1 5
2 3 5 1 4 

79 4293206398253028604 1 5
2 6 1 3 0 

87 12311507259475870989 2 5
0 2 6 4 1 
2 0 6 4 1 

91 5292977628868958900 1 5
0 3 6 4 1 

348 15014468717009097177 1 5
2 3 6 4 8 

93 4359802208792063221 1 5
2 6 4 3 0 

94 7791661776662826350 1 5
2 3 6 4 1 

103 9840759523315546573 1 5
2 6 1 0 5 

107 2238481530537528166 1 5
6 1 0 3 5 

364 18385635423978693889 1 5
2 6 8 3 5 

109 8140306072156994658 2 5
2 6 3 0 5 
6 2 3 0 5 

110 3130354006469761465 1 5
2 6 1 3 5 

115 1917853524619464241 1 5
0 5 6 4 1 

372 9392404233017327750 1 5
2 5 6 4 8 

117 16749882073099798733 1 5
2 6 4 0 5 

118 16729928137445122775 1 5
2 5 6 4 1 

121 9759708821279634018 1 5
6 4 0 3 5 

124 16209813383691772969 1 5
2 6 4 3 5 

143 6687069303535289127 1 5
2 1 0 3 7 

157 8820809032924199436 1 5
2 4 0 3 7 

158 10267557866361849285 1 5
2 3 7 4 1 

173 16216167187894149898 1 5
2 0 3 7 5 

174 3429817717802240307 1 5
2 1 3 7 5 

181 2856950497068710699 1 5
2 4 0 7 5 

182 14854415693682927639 1 5
2 7 5 4 1 

188 14880278828405872301 1 5
2 4 3 7 5 

203 13338684412947912805 1 5
6 1 0 3 7 

460 11844368510252869010 1 5
2 6 8 3 7 

205 1122150697988965987 2 5
2 6 3 0 7 
6 2 3 0 7 

206 9359302641752125221 1 5
2 6 1 3 7 

211 11927197222152105780 1 5
0 7 6 4 1 

468 9763102097756414860 1 5
2 7 6 4 8 

213 8013923066793699965 1 5
2 6 4 0 7 

214 891962936990071519 1 5
2 7 6 4 1 

217 2763034826519508196 1 5
6 4 0 3 7 

218 1240438751040020374 2 5
3 7 6 4 1 
7 3 6 4 1 

220 9665663183464822056 1 5
2 6 4 3 7 

227 1098572935921902195 1 5
6 1 0 7 5 

484 3177525711425220879 1 5
2 6 8 5 7 

229 9618878407050898217 2 5
2 6 0 5 7 
6 2 0 5 7 

230 16577675942705073184 1 5
2 6 1 5 7 

233 16216167187894149898 1 5
6 0 3 7 5 

234 9244259198684768117 1 5
6 1 7 5 3 

236 5483016545152571462 2 5
2 6 3 5 7 
6 2 3 5 7 

241 2178202461377725768 1 5
6 4 0 7 5 

242 16051068559373924971 2 5
5 7 6 4 1 
7 5 6 4 1 

244 17185889919397249028 1 5
2 6 4 5 7 

248 12426785234699695047 1 5
6 4 7 5 3 

279 12190071850017899353 2 5
0 2 8 4 1 
2 0 8 4 1 

283 12998644784944210252 1 5
0 3 8 4 1 

299 2238481530537528166 1 5
8 1 0 3 5 

301 12551447779131475231 2 5
2 8 0 3 5 
8 2 0 3 5 

307 3496241604529515754 1 5
0 5 8 4 1 

313 17422895606221160293 1 5
8 4 0 3 5 

316 11956930226148795754 1 5
2 8 4 3 5 

331 372325013870282779 2 5
0 3 6 8 1 
0 3 8 6 1 

339 7702338994459008990 1 5
0 6 4 8 1 

345 6923770492512944989 1 5
0 3 6 4 8 

355 4786902224177069090 2 5
0 5 6 8 1 
0 5 8 6 1 

361 12465781959985657851 2 5
6 8 0 3 5 
8 6 0 3 5 

369 9383272644322797413 1 5
0 5 6 4 8 

395 13338684412947912805 1 5
8 1 0 3 7 

403 7688233676953574886 1 5
0 7 8 4 1 

409 2047691438380147114 1 5
8 4 0 3 7 

410 16268766130668852139 2 5
3 7 8 4 1 
7 3 8 4 1 

412 1550435035079697386 1 5
2 8 4 3 7 

419 1098572935921902195 1 5
8 1 0 7 5 

425 16216167187894149898 1 5
8 0 3 7 5 

426 9244259198684768117 1 5
8 1 7 5 3 

428 1023545130867012881 2 5
2 8 7 5 3 
8 2 7 5 3 

433 12429331588977727322 1 5
8 4 0 7 5 

434 5669411350960358770 2 5
5 7 8 4 1 
7 5 8 4 1 

436 5751799825897981995 1 5
2 8 4 7 5 

440 186897633112530958 1 5
8 4 7 5 3 

451 16571337471320727398 2 5
0 7 6 8 1 
0 7 8 6 1 

465 9100673538731225363 1 5
0 7 6 4 8 

472 10523152893134520085 2 5
3 7 6 4 8 
7 3 6 4 8 

488 11875004270952080312 2 5
6 8 7 5 3 
8 6 7 5 3 

496 3519231343448000104 2 5
5 7 6 4 8 
7 5 6 4 8 

63 7578455220074320832 1 6
2 1 4 0 3 5 

95 7376022077003349454 1 6
2 3 0 6 4 1 

111 2032212842572144026 1 6
2 6 1 3 0 5 

119 14739595007006306192 1 6
2 0 5 6 4 1 

123 869206299983148882 1 6
6 4 1 0 3 5 

