B4[-2, 1, 1, 0]
B4[-1, 0, 1, 0]
B4[-1, 1, 0, 0]
B4[-1, 1, 1, -1]
B4[-1, 1, 1, 0]
B4[-1, 1, 1, 1]
B4[0, -1, 1, 0]
B4[0, 0, 0, 0]
B4[0, 0, 1, -1]
B4[0, 0, 1, 0]
B4[0, 0, 1, 1]
B4[0, 1, -1, 0]
B4[0, 1, 0, -1]
B4[0, 1, 0, 0]
B4[0, 1, 0, 1]
B4[0, 1, 1, -2]
B4[0, 1, 1, -1]
B4[0, 1, 1, 0]
B4[0, 1, 1, 1]
B4[1, -1, 1, 1]
B4[1, 0, 0, 1]
B4[1, 0, 1, 0]
B4[1, 0, 1, 1]
B4[1, 1, -1, 1]
B4[1, 1, 0, 0]
B4[1, 1, 0, 1]
B4[1, 1, 1, -1]
B4[1, 1, 1, 0]
B4[1, 1, 1, 1]
B4[-2, 1, 1, 0]
B4[-1, 0, 1, 0]
B4[-1, 1, 0, 0]
B4[-1, 1, 1, -1]
B4[-1, 1, 1, 0]
B4[0, -1, 1, 0]
B4[0, 0, 0, 0]
B4[0, 0, 1, -1]
B4[0, 0, 1, 0]
B4[0, 1, -1, 0]
B4[0, 1, 0, -1]
B4[0, 1, 0, 0]
B4[0, 1, 1, -2]
B4[0, 1, 1, -1]
B4[0, 1, 1, 0]
B4[-2, 1, 1, 0]
B4[-1, 0, 1, 0]
B4[-1, 1, 0, 0]
B4[-1, 1, 1, -1]
B4[-1, 1, 1, 0]
B4[-1, 1, 1, 1]
B4[0, -1, 1, 0]
B4[0, 0, 0, 0]
B4[0, 0, 1, -1]
B4[0, 0, 1, 0]
B4[0, 0, 1, 1]
B4[0, 1, -1, 0]
B4[0, 1, 0, -1]
B4[0, 1, 0, 0]
B4[0, 1, 0, 1]
B4[0, 1, 1, -2]
B4[0, 1, 1, -1]
B4[0, 1, 1, 0]
B4[0, 1, 1, 1]
B4[1, -1, 1, 1]
B4[1, 0, 0, 1]
B4[1, 0, 1, 0]
B4[1, 0, 1, 1]
B4[1, 1, -1, 1]
B4[1, 1, 0, 0]
B4[1, 1, 0, 1]
B4[1, 1, 1, -1]
B4[1, 1, 1, 0]
B4[1, 1, 1, 1]
B4[-2, 1, 1, 0]
B4[-1, 0, 1, 0]
B4[-1, 1, 0, 0]
B4[-1, 1, 1, -1]
B4[-1, 1, 1, 0]
B4[0, -1, 1, 0]
B4[0, 0, 0, 0]
B4[0, 0, 1, -1]
B4[0, 0, 1, 0]
B4[0, 1, -1, 0]
B4[0, 1, 0, -1]
B4[0, 1, 0, 0]
B4[0, 1, 1, -2]
B4[0, 1, 1, -1]
B4[0, 1, 1, 0]