0
9 4
1 1
2 0 -1 0 2*m1^2 
1 1 -1 0 s+m1^2 
1 0 0 0 0 
1 1 0 -1 -m2^2+m1^2+t+mm^2 

1
9 5
1 3
0 1 0 0 0 
0 0 1 0 0 
1 0 0 0 0 
0 0 1 0 0 

0
9 6
7 6
1 0 0 0 0 
0 1 0 0 0 
0 0 1 0 0 
0 1 1 -1 -s-2*m2^2+m1^2+2*mm^2 

0
9 7
7 7
1 0 0 0 0 
0 1 0 0 0 
0 0 1 0 0 
0 1 1 -1 -s-2*m2^2+m1^2+2*mm^2 

0
9 8
6 2
-1 2 -1 1 -2*s+3*m2^2-m1^2-t+3*mm^2 
-1 1 0 1 -s+2*m2^2-m1^2+2*mm^2 
-1 2 0 0 2*m2^2-2*m1^2+2*mm^2 
0 1 0 0 0 

1
9 10
7 10
1 0 0 0 0 
0 1 0 0 0 
1 0 0 0 0 
0 0 0 1 0 

0
9 12
6 3
1 0 1 -1 -m2^2+m1^2-t+mm^2 
1 1 0 -1 s+m1^2 
1 0 0 0 0 
0 1 0 0 0 

1
9 14
7 14
1 0 0 0 0 
0 1 0 0 0 
0 0 1 0 0 
0 0 0 1 0 

