0
0 50
0 28
1 -2 0 1 1 -1 0 0 1 0 
0 0 1 0 0 0 0 0 0 0 
0 -1 1 1 1 -1 0 0 0 s 
0 0 0 0 0 1 0 0 0 0 
0 0 0 1 0 0 0 0 0 0 
0 0 0 0 1 0 0 0 0 0 
-1 0 1 0 0 0 0 1 0 -t 
0 -1 0 1 1 -1 -1 1 1 s 
-1 0 2 0 0 0 0 0 0 0 

1
0 51
0 29
1 0 0 0 0 0 0 0 0 0 
0 0 0 1 0 0 0 0 0 0 
0 1 0 0 0 0 0 0 0 0 
0 1 0 0 0 0 0 0 0 0 
0 0 0 0 1 0 0 0 0 0 
0 0 1 0 0 0 0 0 0 0 
0 1 0 0 0 0 0 0 0 0 
0 1 0 0 0 0 0 0 0 0 
0 1 0 0 0 0 0 0 0 0 

0
0 54
0 30
0 2 0 0 0 0 0 0 -1 0 
0 0 1 0 0 0 0 0 0 0 
0 1 0 0 0 0 0 0 0 0 
0 0 0 0 0 1 0 0 0 0 
0 0 0 0 1 0 0 0 0 0 
0 0 0 1 0 0 0 0 0 0 
-1 0 1 0 0 0 0 1 0 -t 
0 1 0 0 0 0 1 0 -1 t 
-1 0 2 0 0 0 0 0 0 0 

0
0 58
0 30
1 -2 0 1 1 -1 0 0 1 0 
0 0 0 1 0 0 0 0 0 0 
0 -1 1 1 1 -1 0 0 0 s 
0 1 0 0 0 0 0 0 0 0 
0 0 1 0 0 0 0 0 0 0 
0 0 0 0 1 0 0 0 0 0 
0 1 0 1 0 0 -1 0 0 s 
0 -1 0 1 1 -1 -1 1 1 s 
0 1 0 1 0 0 0 0 -1 s 

1
0 59
0 31
1 0 0 0 0 0 0 0 0 0 
0 0 0 1 0 0 0 0 0 0 
0 0 0 0 0 1 0 0 0 0 
0 1 0 0 0 0 0 0 0 0 
0 0 0 0 1 0 0 0 0 0 
0 0 1 0 0 0 0 0 0 0 
0 0 0 0 0 1 0 0 0 0 
0 0 0 0 0 1 0 0 0 0 
0 0 0 0 0 1 0 0 0 0 

0
0 60
0 30
0 -1 0 1 0 0 0 0 1 -s 
0 0 0 0 0 1 0 0 0 0 
0 0 0 1 0 0 0 0 0 0 
0 0 1 0 0 0 0 0 0 0 
0 0 0 0 1 0 0 0 0 0 
0 1 0 0 0 0 0 0 0 0 
1 0 0 0 0 1 0 -1 0 s+t 
0 0 0 1 0 0 -1 0 1 t 
1 0 -1 0 0 1 0 0 0 s 

1
0 61
0 55
1 0 0 0 0 0 0 0 0 0 
0 0 0 1 0 0 0 0 0 0 
0 0 0 0 0 1 0 0 0 0 
0 1 0 0 0 0 0 0 0 0 
0 0 0 0 1 0 0 0 0 0 
0 0 1 0 0 0 0 0 0 0 
0 0 0 1 0 0 0 0 0 0 
0 0 0 1 0 0 0 0 0 0 
0 0 0 1 0 0 0 0 0 0 

