0
0 27
0 27
0 0 0 0 1 0 0 0 0 0 
0 1 0 0 0 0 0 0 0 0 
1 -1 -1 0 1 0 0 0 1 0 
0 0 0 1 0 0 0 0 0 0 
1 0 0 0 0 0 0 0 0 0 
1 -2 0 1 1 -1 0 0 1 0 
0 0 0 0 0 0 1 0 0 0 
1 -1 0 0 1 0 1 -1 0 t 
0 0 0 0 0 0 0 0 1 0 

1
0 27
0 27
1 0 0 0 0 0 0 0 0 0 
0 0 0 1 0 0 0 0 0 0 
0 0 1 0 0 0 0 0 0 0 
0 1 0 0 0 0 0 0 0 0 
0 0 0 0 1 0 0 0 0 0 
0 0 1 0 0 0 0 0 0 0 
0 0 1 0 0 0 0 0 0 0 
0 0 1 0 0 0 0 0 0 0 
0 0 1 0 0 0 0 0 0 0 

1
0 27
0 27
0 0 0 0 1 0 0 0 0 0 
0 0 0 1 0 0 0 0 0 0 
0 0 1 0 0 0 0 0 0 0 
0 1 0 0 0 0 0 0 0 0 
1 0 0 0 0 0 0 0 0 0 
0 0 1 0 0 0 0 0 0 0 
0 0 1 0 0 0 0 0 0 0 
0 0 1 0 0 0 0 0 0 0 
0 0 1 0 0 0 0 0 0 0 

0
0 28
0 28
1 0 0 0 0 0 0 0 0 0 
0 -1 1 1 1 -1 0 0 0 s 
0 0 1 0 0 0 0 0 0 0 
0 0 0 0 1 0 0 0 0 0 
0 0 0 1 0 0 0 0 0 0 
0 0 0 0 0 1 0 0 0 0 
-1 0 1 1 1 -1 -1 1 0 2*s-t 
0 0 0 0 0 0 0 1 0 0 
-1 0 2 1 1 -1 0 0 -1 2*s 

0
0 28
0 28
0 -1 0 1 0 0 0 0 1 -s 
0 0 0 0 0 1 0 0 0 0 
0 0 0 1 0 0 0 0 0 0 
0 0 1 0 0 0 0 0 0 0 
0 0 0 0 1 0 0 0 0 0 
0 1 0 0 0 0 0 0 0 0 
1 0 0 0 0 1 0 -1 0 s+t 
0 0 0 1 0 0 -1 0 1 t 
1 0 -1 0 0 1 0 0 0 s 

0
0 28
0 28
0 -1 0 1 0 0 0 0 1 -s 
0 -1 1 1 1 -1 0 0 0 s 
0 0 0 1 0 0 0 0 0 0 
0 0 0 0 1 0 0 0 0 0 
0 0 1 0 0 0 0 0 0 0 
0 1 0 0 0 0 0 0 0 0 
-1 0 1 1 1 -1 -1 1 0 2*s-t 
0 0 0 1 0 0 -1 0 1 t 
-1 0 2 1 1 -1 0 0 -1 2*s 

0
0 28
0 28
-1 1 1 0 1 0 0 0 -1 0 
0 1 0 0 0 0 0 0 0 0 
0 0 0 0 1 0 0 0 0 0 
0 0 0 1 0 0 0 0 0 0 
0 0 1 0 0 0 0 0 0 0 
0 -1 1 1 1 -1 0 0 0 s 
0 0 0 0 0 0 1 0 0 0 
0 0 1 0 1 0 1 -1 -1 2*t 
0 0 0 0 0 0 0 0 1 0 

0
0 28
0 28
-1 1 1 0 1 0 0 0 -1 0 
0 0 0 0 0 1 0 0 0 0 
0 0 0 0 1 0 0 0 0 0 
0 0 1 0 0 0 0 0 0 0 
0 0 0 1 0 0 0 0 0 0 
0 -1 1 1 1 -1 0 0 0 s 
1 0 0 0 0 1 0 -1 0 s+t 
0 0 1 0 1 0 1 -1 -1 2*t 
1 0 -1 0 0 1 0 0 0 s 

0
0 29
0 29
1 0 0 0 0 0 0 0 0 0 
0 -1 1 1 1 -1 0 0 0 s 
0 0 1 0 0 0 0 0 0 0 
0 0 0 0 1 0 0 0 0 0 
0 0 0 1 0 0 0 0 0 0 
0 0 0 0 0 1 0 0 0 0 
-1 0 1 1 1 -1 -1 1 0 2*s-t 
0 0 0 0 0 0 0 1 0 0 
-1 0 2 1 1 -1 0 0 -1 2*s 

0
0 30
0 30
-1 1 1 0 1 0 0 0 -1 0 
0 1 0 0 0 0 0 0 0 0 
0 0 0 0 1 0 0 0 0 0 
0 0 0 1 0 0 0 0 0 0 
0 0 1 0 0 0 0 0 0 0 
0 -1 1 1 1 -1 0 0 0 s 
0 0 0 0 0 0 1 0 0 0 
0 0 1 0 1 0 1 -1 -1 2*t 
0 0 0 0 0 0 0 0 1 0 

0
0 46
0 46
-1 0 1 0 0 1 0 0 0 -s 
0 1 0 0 0 0 0 0 0 0 
0 0 0 0 0 1 0 0 0 0 
0 0 0 1 0 0 0 0 0 0 
0 1 1 1 -1 1 0 0 0 -s 
0 0 1 0 0 0 0 0 0 0 
0 0 0 0 0 0 1 0 0 0 
0 0 1 0 0 1 0 -1 0 2*t 
0 0 0 0 0 0 0 0 1 0 

0
0 46
0 46
0 -1 0 1 0 0 0 0 1 -s 
0 0 1 0 0 0 0 0 0 0 
0 0 0 1 0 0 0 0 0 0 
0 0 0 0 0 1 0 0 0 0 
0 1 1 1 -1 1 0 0 0 -s 
0 1 0 0 0 0 0 0 0 0 
-1 0 1 0 0 0 0 1 0 -t 
0 0 0 1 0 0 -1 0 1 t 
-1 0 2 0 0 0 0 0 0 0 

0
0 46
0 46
0 2 0 0 0 0 0 0 -1 0 
0 0 1 0 0 0 0 0 0 0 
0 1 0 0 0 0 0 0 0 0 
0 0 0 0 0 1 0 0 0 0 
0 0 0 0 1 0 0 0 0 0 
0 0 0 1 0 0 0 0 0 0 
-1 0 1 0 0 0 0 1 0 -t 
0 1 0 0 0 0 1 0 -1 t 
-1 0 2 0 0 0 0 0 0 0 

0
0 46
0 46
1 0 0 0 0 0 0 0 0 0 
0 0 0 1 0 0 0 0 0 0 
0 0 1 0 0 0 0 0 0 0 
0 1 0 0 0 0 0 0 0 0 
0 1 1 1 -1 1 0 0 0 -s 
0 0 0 0 0 1 0 0 0 0 
0 1 0 1 0 0 -1 0 0 s 
0 0 0 0 0 0 0 1 0 0 
0 1 0 1 0 0 0 0 -1 s 

0
0 46
0 46
-1 0 1 0 0 1 0 0 0 -s 
0 0 0 1 0 0 0 0 0 0 
0 0 0 0 0 1 0 0 0 0 
0 1 0 0 0 0 0 0 0 0 
0 0 0 0 1 0 0 0 0 0 
0 0 1 0 0 0 0 0 0 0 
0 1 0 1 0 0 -1 0 0 s 
0 0 1 0 0 1 0 -1 0 2*t 
0 1 0 1 0 0 0 0 -1 s 

0
0 46
0 46
0 -1 0 1 0 0 0 0 1 -s 
0 0 0 0 0 1 0 0 0 0 
0 0 0 1 0 0 0 0 0 0 
0 0 1 0 0 0 0 0 0 0 
0 0 0 0 1 0 0 0 0 0 
0 1 0 0 0 0 0 0 0 0 
1 0 0 0 0 1 0 -1 0 s+t 
0 0 0 1 0 0 -1 0 1 t 
1 0 -1 0 0 1 0 0 0 s 

0
0 46
0 46
0 2 0 0 0 0 0 0 -1 0 
0 0 0 0 0 1 0 0 0 0 
0 1 0 0 0 0 0 0 0 0 
0 0 1 0 0 0 0 0 0 0 
0 1 1 1 -1 1 0 0 0 -s 
0 0 0 1 0 0 0 0 0 0 
1 0 0 0 0 1 0 -1 0 s+t 
0 1 0 0 0 0 1 0 -1 t 
1 0 -1 0 0 1 0 0 0 s 

0
0 47
0 47
1 0 0 0 0 0 0 0 0 0 
0 0 0 1 0 0 0 0 0 0 
0 0 1 0 0 0 0 0 0 0 
0 1 0 0 0 0 0 0 0 0 
0 1 1 1 -1 1 0 0 0 -s 
0 0 0 0 0 1 0 0 0 0 
0 1 0 1 0 0 -1 0 0 s 
0 0 0 0 0 0 0 1 0 0 
0 1 0 1 0 0 0 0 -1 s 

1
0 47
0 47
1 0 0 0 0 0 0 0 0 0 
0 1 0 0 0 0 0 0 0 0 
0 0 0 0 0 1 0 0 0 0 
0 0 0 1 0 0 0 0 0 0 
0 0 0 0 1 0 0 0 0 0 
0 0 1 0 0 0 0 0 0 0 
0 0 0 0 1 0 0 0 0 0 
0 0 0 0 1 0 0 0 0 0 
0 0 0 0 1 0 0 0 0 0 

1
0 47
0 47
1 0 0 0 0 0 0 0 0 0 
0 0 0 1 0 0 0 0 0 0 
0 0 0 0 0 1 0 0 0 0 
0 1 0 0 0 0 0 0 0 0 
0 0 0 0 1 0 0 0 0 0 
0 0 1 0 0 0 0 0 0 0 
0 0 0 0 1 0 0 0 0 0 
0 0 0 0 1 0 0 0 0 0 
0 0 0 0 1 0 0 0 0 0 

0
0 55
0 55
1 0 0 0 0 0 0 0 0 0 
0 0 0 0 1 0 0 0 0 0 
0 0 1 0 0 0 0 0 0 0 
0 1 -1 -1 1 1 0 0 0 s 
0 1 0 0 0 0 0 0 0 0 
0 0 0 0 0 1 0 0 0 0 
-1 1 0 0 1 0 -1 1 0 -t 
0 0 0 0 0 0 0 1 0 0 
-1 1 1 0 1 0 0 0 -1 0 

0
0 62
0 62
0 -1 0 1 0 0 0 0 1 -s 
0 0 0 0 0 1 0 0 0 0 
0 0 0 1 0 0 0 0 0 0 
0 0 1 0 0 0 0 0 0 0 
0 0 0 0 1 0 0 0 0 0 
0 1 0 0 0 0 0 0 0 0 
1 0 0 0 0 1 0 -1 0 s+t 
0 0 0 1 0 0 -1 0 1 t 
1 0 -1 0 0 1 0 0 0 s 

0
0 62
0 62
0 2 0 0 0 0 0 0 -1 0 
0 0 1 0 0 0 0 0 0 0 
0 1 0 0 0 0 0 0 0 0 
0 0 0 0 0 1 0 0 0 0 
0 0 0 0 1 0 0 0 0 0 
0 0 0 1 0 0 0 0 0 0 
-1 0 1 0 0 0 0 1 0 -t 
0 1 0 0 0 0 1 0 -1 t 
-1 0 2 0 0 0 0 0 0 0 

0
0 62
0 62
-1 0 1 0 0 1 0 0 0 -s 
0 0 0 1 0 0 0 0 0 0 
0 0 0 0 0 1 0 0 0 0 
0 1 0 0 0 0 0 0 0 0 
0 0 0 0 1 0 0 0 0 0 
0 0 1 0 0 0 0 0 0 0 
0 1 0 1 0 0 -1 0 0 s 
0 0 1 0 0 1 0 -1 0 2*t 
0 1 0 1 0 0 0 0 -1 s 

1
0 63
0 63
1 0 0 0 0 0 0 0 0 0 
0 0 0 1 0 0 0 0 0 0 
0 0 0 0 0 1 0 0 0 0 
0 1 0 0 0 0 0 0 0 0 
0 0 0 0 1 0 0 0 0 0 
0 0 1 0 0 0 0 0 0 0 
0 0 0 0 0 0 1 0 0 0 
0 0 0 0 0 0 1 0 0 0 
0 0 0 0 0 0 1 0 0 0 

