G2[-1,0,0,1,0,0,0,0,0]*(s*a3)
G2[0,0,0,1,0,0,0,-1,0]*(-2*s*a3)
G2[0,0,0,1,0,0,0,0,0]*(-s^2*a3+2*m1^2*s*a3)
G2[0,-1,0,0,0,1,0,0,0]*(s*a5)
G2[0,0,0,0,0,0,0,0,0]*(-s*a7+s*a3+s*a8-s*a5)
G2[0,0,0,0,0,1,0,0,0]*(s*m2^2*a5)
G2[-1,0,0,0,0,0,0,1,0]*(s*a7)
G2[0,0,0,0,1,0,0,-1,0]*(-s*a4)
G2[0,0,0,0,0,0,0,1,0]*(m1^2*s*a7)
G2[0,0,0,-1,1,0,0,0,0]*(-a4*t+mm^2*a4)
G2[0,0,0,0,1,0,0,0,0]*(2*mm^2*a4*m2^2-s*mm^2*a4+m1^2*s*a4+s*a4*t-2*a4*m2^2*t-s*a4*m2^2)
G2[0,0,0,0,1,0,0,0,-1]*(a4*t-mm^2*a4)
G2[0,-1,0,0,0,0,0,0,1]*(-s*a8)
G2[0,-1,0,0,1,0,0,0,0]*(-s*a4-2*a4*t+2*mm^2*a4)
G2[0,0,0,0,0,0,0,0,1]*(-s*m2^2*a8)
G2[-1,0,1,0,0,0,0,0,0]*(a2*t-a2*mm^2+a2*s)
G2[0,0,1,0,0,0,0,-1,0]*(-a2*s)
G2[0,0,1,0,0,0,0,0,0]*(-a2*s*mm^2+a2*s*t+a2*m1^2*s)
G2[0,0,1,-1,0,0,0,0,0]*(-a2*t+a2*mm^2)
G2[0,0,0,0,1,-1,0,0,0]*(s*a4+a4*t-mm^2*a4)
G2[-1,0,0,0,1,0,0,0,0]*(s*a4+a4*t-mm^2*a4)

G2[0,0,0,0,0,0,0,0,0]*(-a2*t+a2*mm^2-mm^2*a5+a7*t+t*a5-a4*t+mm^2*a4-mm^2*a7)
G2[0,0,0,1,0,0,0,-1,0]*(-s*a3)
G2[0,0,0,1,0,0,0,0,0]*(-s*a3*mm^2)
G2[0,-1,0,0,0,1,0,0,0]*(mm^2*a5-t*a5)
G2[0,-1,0,0,1,0,0,0,0]*(2*a4*t-4*mm^2*a4)
G2[0,0,0,0,0,1,0,0,0]*(mm^2*m2^2*a5-m2^2*t*a5)
G2[-1,0,0,0,0,0,0,1,0]*(-a7*t+mm^2*a7)
G2[-1,0,0,0,1,0,0,0,0]*(2*a4*t)
G2[0,0,0,0,0,0,0,1,0]*(-m1^2*a7*t+m1^2*mm^2*a7)
G2[0,0,0,0,1,0,0,0,0]*(-mm^4*a4-3*mm^2*a4*m2^2+mm^2*a4*t+2*m1^2*a4*t+a4*m2^2*t)
G2[0,0,0,0,1,0,0,-1,0]*(-2*mm^2*a4)
G2[0,0,0,0,1,-1,0,0,0]*(2*mm^2*a4)
G2[0,0,0,0,1,0,-1,0,0]*(-a4*t+mm^2*a4)
G2[0,0,-1,1,0,0,0,0,0]*(s*a3)
G2[0,0,1,0,0,0,0,0,0]*(a2*m1^2*t+a2*m1^2*mm^2+a2*mm^2*t-a2*mm^4)
G2[0,-1,0,0,0,0,0,0,1]*(-mm^2*a8+t*a8+3*s*a8)
G2[0,0,0,0,0,-1,0,0,1]*(mm^2*a8-t*a8-s*a8)
G2[0,0,0,0,0,0,0,0,1]*(-mm^2*m2^2*a8+m2^2*t*a8+2*s*m2^2*a8+m1^2*s*a8)
G2[-1,0,0,0,0,0,0,0,1]*(s*a8)
G2[-1,0,1,0,0,0,0,0,0]*(a2*t+a2*mm^2)
G2[0,0,-1,0,0,0,0,0,1]*(s*a8)
G2[0,0,0,0,-1,0,0,0,1]*(-s*a8)
G2[0,0,0,0,0,0,-1,0,1]*(-s*a8)
G2[0,0,1,0,0,0,0,-1,0]*(-2*a2*mm^2)

G2[0,0,0,0,0,0,0,0,0]*(a2*t+mm^2*a8-a2*mm^2-t*a8-a7*t+s*a4+a4*t-s*a3-mm^2*a4-s*a8+a2*s+mm^2*a7)
G2[0,0,0,1,0,0,0,-1,0]*(s*a3)
G2[0,0,0,1,0,0,0,0,0]*(s^2*a3-2*m1^2*s*a3-s*a3*mm^2)
G2[-1,0,0,1,0,0,0,0,0]*(-s*a3)
G2[0,0,-1,1,0,0,0,0,0]*(s*a3)
G2[0,0,0,0,1,0,0,0,-1]*(2*mm^2*a4)
G2[0,-1,0,0,0,1,0,0,0]*(mm^2*a5-t*a5+2*s*a5)
G2[0,0,0,0,0,1,0,0,-1]*(-mm^2*a5+t*a5)
G2[0,0,0,0,0,1,0,0,0]*(mm^2*m2^2*a5-m2^2*t*a5+m1^2*s*a5+s*m2^2*a5)
G2[-1,0,0,0,0,1,0,0,0]*(s*a5)
G2[0,0,0,-1,1,0,0,0,0]*(-2*mm^2*a4)
G2[0,0,-1,0,0,1,0,0,0]*(s*a5)
G2[0,0,0,0,-1,1,0,0,0]*(-s*a5)
G2[0,0,0,0,0,1,-1,0,0]*(-s*a5)
G2[0,-1,0,0,1,0,0,0,0]*(-2*s*a4-2*a4*t)
G2[0,0,0,-1,0,0,0,1,0]*(a7*t-mm^2*a7)
G2[0,0,0,0,1,0,0,0,0]*(mm^4*a4-mm^2*a4*m2^2+s*mm^2*a4-2*m1^2*s*a4-mm^2*a4*t-2*m1^2*a4*t-a4*m2^2*t-s*a4*m2^2)
G2[0,0,0,0,0,0,0,1,0]*(-m1^2*s*a7+m1^2*a7*t-s*a7*t-m1^2*mm^2*a7)
G2[-1,0,0,0,0,0,0,1,0]*(-s*a7)
G2[0,0,-1,0,0,0,0,1,0]*(s*a7)
G2[-1,0,1,0,0,0,0,0,0]*(-a2*t+a2*mm^2-a2*s)
G2[0,0,0,0,1,0,-1,0,0]*(s*a4+a4*t-mm^2*a4)
G2[-1,0,0,0,1,0,0,0,0]*(-2*s*a4-2*a4*t+2*mm^2*a4)
G2[0,0,0,0,1,0,0,-1,0]*(2*mm^2*a4)
G2[0,-1,0,0,0,0,0,0,1]*(-mm^2*a8+t*a8+s*a8)
G2[0,0,1,0,0,0,0,0,0]*(a2*s*mm^2-a2*m1^2*t-a2*m1^2*mm^2-a2*m1^2*s-a2*mm^2*t+a2*mm^4)
G2[0,0,0,0,0,0,0,0,1]*(-mm^2*m2^2*a8+m2^2*t*a8+s*m2^2*a8)
G2[0,0,1,-1,0,0,0,0,0]*(-2*a2*mm^2)
G2[0,0,1,0,0,0,0,-1,0]*(2*a2*mm^2)

