0
14 2
2 1
2 -1 0 0 2*m1^2 
1 0 0 0 0 
1 -1 1 0 s-m2^2+m1^2 
1 0 1 -1 m1^2+t 

0
14 3
2 3
0 1 0 0 0 
1 0 0 0 0 
1 1 -1 0 s-m2^2+m1^2 
1 0 -1 1 m1^2-t 

0
14 4
3 1
2 0 -1 0 2*m2^2 
1 1 -1 0 s+m2^2-m1^2 
1 0 0 0 0 
1 1 0 -1 m2^2+t 

1
14 5
3 3
0 1 0 0 0 
0 0 1 0 0 
1 0 0 0 0 
0 0 1 0 0 

0
14 6
11 6
-1 1 1 0 -s+m2^2+m1^2 
0 0 1 0 0 
0 1 0 0 0 
0 0 0 1 0 

1
14 7
11 7
1 0 0 0 0 
0 0 1 0 0 
0 1 0 0 0 
0 0 0 1 0 

0
14 9
1 9
1 0 0 0 0 
0 1 0 0 -m1^2 
0 0 1 0 -m2^2 
0 0 0 1 0 

1
14 10
2 3
0 0 1 0 0 
1 0 0 0 0 
0 0 1 0 0 
0 1 0 0 0 

1
14 11
6 13
1 0 0 0 0 
0 0 1 0 0 
0 1 0 0 0 
0 0 0 1 0 

1
14 12
3 3
0 0 1 0 0 
0 0 1 0 0 
1 0 0 0 0 
0 1 0 0 0 

1
14 13
13 11
1 0 0 0 0 
0 0 1 0 0 
0 1 0 0 0 
0 0 0 1 0 

1
14 14
11 7
0 0 0 1 0 
0 0 1 0 0 
0 1 0 0 0 
1 0 0 0 0 

1
14 15
13 15
1 0 0 0 0 
0 0 1 0 0 
0 1 0 0 0 
0 0 0 1 0 

