504 9990377187166638553 1 6
4 7 5 3 8 6 

500 3541609751720479426 1 6
4 8 6 7 5 2 

498 8792818759721736272 1 6
4 7 5 1 8 6 

497 13908509517133248084 1 6
4 8 6 7 5 0 

492 9438592648375457713 2 6
7 5 2 6 8 3 
7 5 2 8 6 3 

490 10315415609041162840 2 6
5 7 6 8 3 1 
5 7 8 6 3 1 

489 746051821481451544 2 6
5 7 0 6 8 3 
5 7 0 8 6 3 

486 17157122990981967775 2 6
7 5 2 6 8 1 
7 5 2 8 6 1 

485 12679777818134672534 2 6
6 8 7 5 2 0 
8 6 7 5 2 0 

483 13267238232698737721 2 6
5 7 0 6 8 1 
5 7 0 8 6 1 

476 5843201842804808286 1 6
4 7 2 3 8 6 

474 5786792466358207205 2 6
4 7 3 1 8 6 
7 4 3 1 8 6 

473 17343847896409867632 1 6
4 7 0 3 8 6 

470 2565053831162796277 1 6
4 7 2 1 8 6 

469 1373820151493960349 1 6
4 8 6 7 2 0 

467 17612239824655039514 1 6
4 7 0 1 8 6 

462 10155923065844358840 2 6
2 7 6 8 3 1 
2 7 8 6 3 1 

461 17972376603622326104 2 6
2 7 0 6 8 3 
2 7 0 8 6 3 

455 6375166254150516731 2 6
2 7 0 6 8 1 
2 7 0 8 6 1 

444 6694700863175212261 1 6
4 3 8 7 5 2 

442 12081964482180532204 1 6
4 7 5 3 1 8 

441 5589072921819083002 1 6
4 3 8 7 5 0 

438 5354702551064499833 1 6
4 1 8 7 5 2 

437 13845828334857325312 2 6
4 8 7 5 2 0 
8 4 7 5 2 0 

435 5904667899899634190 1 6
4 1 8 7 5 0 

430 11980485951499889566 1 6
7 5 2 3 1 8 

429 9842273092756848069 1 6
3 8 7 5 2 0 

427 16534103896328489523 1 6
5 7 0 3 1 8 

423 3436512951769819587 1 6
1 8 7 5 2 0 

414 3482704947114434927 1 6
4 7 2 3 1 8 

413 12349715287944973191 1 6
4 3 8 7 2 0 

411 5484881922997721974 1 6
4 7 0 3 1 8 

407 13552100726603527505 1 6
4 1 8 7 2 0 

399 7136433825124504090 1 6
2 7 0 3 1 8 

380 3256763847113976867 2 6
4 2 5 6 8 3 
4 2 5 8 6 3 

378 11987868654644411654 2 6
5 4 6 8 1 3 
5 4 8 6 1 3 

377 15674967267616769125 1 6
4 5 0 6 8 3 

374 3803142298536962173 2 6
4 5 2 6 8 1 
4 5 2 8 6 1 

373 832485292619847434 1 6
4 6 8 5 2 0 

371 1232307276120049973 1 6
4 5 0 6 8 1 

366 18369413414348580269 4 6
2 5 6 8 3 1 
2 5 8 6 3 1 
5 2 6 8 3 1 
5 2 8 6 3 1 

365 1924229909013089722 4 6
6 8 3 5 2 0 
6 8 3 2 5 0 
8 6 3 5 2 0 
8 6 3 2 5 0 

363 6929012822656559760 2 6
5 0 6 8 3 1 
5 0 8 6 3 1 

359 9452562511398192 4 6
6 8 1 5 2 0 
6 8 1 2 5 0 
8 6 1 5 2 0 
8 6 1 2 5 0 

350 12779598668021687616 2 6
2 4 6 8 3 1 
2 4 8 6 3 1 

349 6455101890829598060 1 6
4 2 0 6 8 3 

347 3028962302640536605 2 6
0 4 6 8 3 1 
4 0 6 8 3 1 

343 3393016773434986996 1 6
4 2 0 6 8 1 

335 6929012822656559760 2 6
2 0 6 8 3 1 
2 0 8 6 3 1 

318 1094114460453487977 1 6
4 5 2 3 1 8 

317 14526743971015094028 1 6
4 3 8 2 5 0 

315 6434063554303263703 1 6
4 5 0 1 3 8 

311 5153099279401124740 1 6
4 1 8 5 2 0 

303 10076486400261217817 2 6
3 1 8 5 2 0 
3 1 8 2 5 0 

287 1662185122311108200 1 6
4 2 0 3 1 8 

252 588500506032064402 1 6
4 3 6 7 5 2 

250 16931718263459238587 1 6
4 7 5 3 1 6 

249 1107222096129423984 1 6
4 3 6 7 5 0 

246 15895719928013369613 1 6
4 1 6 7 5 2 

245 8568821144158457028 2 6
4 6 7 5 2 0 
6 4 7 5 2 0 

243 5952944080231955663 1 6
4 1 6 7 5 0 

238 11980485951499889566 1 6
7 5 2 3 1 6 

237 9842273092756848069 1 6
3 6 7 5 2 0 

235 16534103896328489523 1 6
5 7 0 3 1 6 

231 3436512951769819587 1 6
1 6 7 5 2 0 

222 18280336261399071247 1 6
4 7 2 3 1 6 

221 10006980875381713045 1 6
4 3 6 7 2 0 

219 14237941234831695316 1 6
4 7 0 3 1 6 

215 14330771637440410784 1 6
4 1 6 7 2 0 

207 7136433825124504090 1 6
2 7 0 3 1 6 

190 13374358549243307115 1 6
4 3 1 7 5 2 

189 3501548943924551697 1 6
3 4 7 5 2 0 

187 1942061884195197474 1 6
4 3 1 7 5 0 

183 6364959559909176138 1 6
1 4 7 5 2 0 

175 17664653194261867545 2 6
1 3 7 5 2 0 
3 1 7 5 2 0 

159 355174021053960900 1 6
4 3 1 7 2 0 

354 4817687843505506170 2 4
5 6 8 1 
5 8 6 1 

326 4817687843505506170 2 4
2 6 8 1 
2 8 6 1 

306 2810813768204847925 1 4
5 4 1 8 

291 9055639951542359904 2 4
1 8 5 0 
5 0 1 8 

34 13811601009566447630 2 2
1 5 
5 1 

278 1350421611143869986 1 4
2 4 1 8 

402 9736859970975346845 2 4
4 7 1 8 
7 4 1 8 

275 5871201165218803500 2 4
0 4 1 8 
4 0 1 8 

270 8651693490710992105 1 4
2 3 1 8 

13 17656326354493340191 1 3
3 2 0 

390 17913916602896146708 1 4
2 7 1 8 

263 9055639951542359904 2 4
1 8 2 0 
2 0 1 8 

6 13811601009566447630 2 2
1 2 
2 1 

209 7753845519296969428 2 4
4 6 0 7 
6 4 0 7 

466 4524131255509405945 2 5
4 7 1 8 6 
7 4 1 8 6 

153 4444199970412988080 1 4
3 4 7 0 

410 16014829825460256273 2 5
4 7 3 1 8 
7 4 3 1 8 

401 9127537149388785590 2 4
4 8 7 0 
8 4 7 0 

147 916175729083138007 1 4
1 4 7 0 

404 3169437858955239445 2 4
4 8 7 2 
8 4 7 2 

120 6879845631281508467 1 4
5 4 3 6 

116 10116363432887323098 2 4
4 6 5 2 
6 4 5 2 

368 6018002103966405847 2 4
5 4 6 8 
5 4 8 6 

111 10076486400261217817 2 6
3 1 6 5 2 0 
3 1 6 2 5 0 

114 2810813768204847925 1 4
5 4 1 6 

240 11835933799926669246 2 4
4 6 5 7 
6 4 5 7 

113 9879536165053587641 2 4
4 6 5 0 
6 4 5 0 

370 5535347932994428423 2 5
5 4 6 8 1 
5 4 8 6 1 

108 14989961688851329924 2 4
2 5 3 6 
5 2 3 6 

360 4781713142573338100 2 4
5 6 8 3 
5 8 6 3 

103 5182136171594412987 2 5
1 6 2 5 0 
1 6 5 2 0 

106 8651693490710992105 1 4
5 3 1 6 

232 9121462169269277177 1 4
5 7 3 6 

105 2473790504219001107 1 4
3 6 5 0 

362 3744939600689001159 2 5
5 6 8 3 1 
5 8 6 3 1 

356 1979881353718354196 4 4
6 8 2 5 
6 8 5 2 
8 6 5 2 
8 6 2 5 

99 9055639951542359904 2 4
1 6 5 0 
5 0 1 6 

102 12277498039208301906 2 4
2 5 1 6 
5 2 1 6 

353 17520452208558333313 2 4
6 8 5 0 
8 6 5 0 

226 14849615842610928728 1 4
5 7 1 6 

92 3109059138242254331 1 4
2 4 3 6 

216 16092729346259642940 2 4
4 7 3 6 
7 4 3 6 

89 910221161820676948 2 4
0 4 6 3 
4 0 6 3 

340 6298028786061420797 2 4
2 4 6 8 
2 4 8 6 

83 6129910185500374865 2 4
0 4 6 1 
4 0 6 1 

86 1350421611143869986 1 4
2 4 1 6 

28 14818851316089404148 2 3
2 3 4 
3 2 4 

285 13010824500221377179 1 5
4 3 8 2 0 

81 8922397766556314475 6 3
0 4 6 
0 6 4 
4 0 6 
4 6 0 
6 4 0 
6 0 4 

104 4094615562703574106 1 3
5 3 6 

361 1387119560075412335 2 5
5 0 6 8 3 
5 0 8 6 3 

172 6567771856465427245 1 4
3 7 5 2 

45 13372669069175376196 2 4
3 2 5 0 
3 5 2 0 

302 5800593551728207701 2 5
2 5 3 1 8 
5 2 3 1 8 

84 14464322681345727777 2 3
2 4 6 
2 6 4 

341 4824138778678995867 1 5
4 6 8 0 2 

76 4094615562703574106 1 3
2 3 6 

333 1387119560075412335 2 5
2 0 6 8 3 
2 0 8 6 3 

56 5929441778008549557 2 3
3 5 4 
5 3 4 

313 12227365698681075982 1 5
4 3 8 5 0 

298 8651693490710992105 1 4
5 3 1 8 

41 17656326354493340191 1 3
3 5 0 

44 17730842381964932344 2 3
3 2 5 
3 5 2 

301 11780005379931982004 2 5
3 8 5 2 0 
3 8 2 5 0 

332 4781713142573338100 2 4
2 6 8 3 
2 8 6 3 

78 8651693490710992105 1 4
2 3 1 6 

168 15718206860164820761 1 3
3 5 7 

425 7125042322473107247 1 5
3 8 5 7 0 

12 13811601009566447630 2 2
2 3 
3 2 

269 2473790504219001107 1 4
3 8 2 0 

325 17520452208558333313 2 4
6 8 2 0 
8 6 2 0 

198 17913916602896146708 1 4
2 7 1 6 

71 9055639951542359904 2 4
1 6 2 0 
2 0 1 6 

112 8533824145127251727 2 3
5 4 6 
5 6 4 

369 13677062115791861559 1 5
4 6 8 5 0 

38 17730842381964932344 2 3
1 2 5 
1 5 2 

295 5182136171594412987 2 5
1 8 2 5 0 
1 8 5 2 0 

25 14464322681345727777 2 3
3 0 4 
3 4 0 

152 7977311541644482511 2 3
3 4 7 
3 7 4 

409 40821452724647378 1 5
4 7 0 3 8 

166 6567771856465427245 1 4
1 7 5 2 

39 13372669069175376196 2 4
1 2 5 0 
1 5 2 0 

296 4094615562703574106 1 3
5 3 8 

294 12277498039208301906 2 4
2 5 1 8 
5 2 1 8 

40 13811601009566447630 2 2
3 5 
5 3 

297 2473790504219001107 1 4
3 8 5 0 

22 5929441778008549557 2 3
1 2 4 
2 1 4 

279 16512093707418350276 2 5
4 1 8 2 0 
4 2 0 1 8 

276 14464322681345727777 2 3
2 4 8 
2 8 4 

19 14464322681345727777 2 3
1 0 4 
1 4 0 

134 15584310345020351800 1 3
1 2 7 

391 8751580297422349944 1 5
1 8 2 7 0 

7 17656326354493340191 1 3
1 2 0 

140 15584310345020351800 1 3
3 2 7 

397 123917000556923641 1 5
3 8 2 7 0 

162 15718206860164820761 1 3
1 5 7 

419 15941266092005598144 1 5
1 8 5 7 0 

35 17656326354493340191 1 3
1 5 0 

135 6515970191030473325 1 4
1 2 7 0 

262 17656326354493340191 1 3
2 1 8 

212 8330995934434864161 2 4
4 6 2 7 
6 4 2 7 

85 6129910185500374865 2 4
4 6 0 2 
6 4 0 2 

342 8040390840202699799 2 5
2 4 6 8 1 
2 4 8 6 1 

141 6515970191030473325 1 4
3 2 7 0 

398 505118274365804172 1 5
2 7 3 1 8 

14 17730842381964932344 2 3
2 1 3 
2 3 1 

271 14279963505894464328 1 5
2 0 3 1 8 

268 4094615562703574106 1 3
2 3 8 

163 14358909564894126871 1 4
1 5 7 0 

290 17656326354493340191 1 3
5 1 8 

308 10116363432887323098 2 4
4 8 5 2 
8 4 5 2 

51 11203717638621825679 1 4
1 4 5 0 

54 10169856404592560356 1 4
1 4 5 2 

169 14358909564894126871 1 4
3 5 7 0 

426 9447199698333012845 1 5
5 7 3 1 8 

42 17730842381964932344 2 3
5 3 1 
5 1 3 

299 14279963505894464328 1 5
5 0 3 1 8 

60 10169856404592560356 1 4
3 4 2 5 

50 14818851316089404148 2 3
1 5 4 
5 1 4 

307 8751475777931690990 1 5
4 5 0 1 8 

304 8533824145127251727 2 3
5 4 8 
5 8 4 

47 12596984167927973042 4 5
1 3 2 5 0 
1 3 5 2 0 
3 1 2 5 0 
3 1 5 2 0 

70 17656326354493340191 1 3
2 1 6 

327 2279483775380471400 2 5
2 0 6 8 1 
2 0 8 6 1 

324 5697750978532764374 2 3
2 6 8 
2 8 6 

156 7872972750167364789 1 4
3 4 7 2 

29 11203717638621825679 1 4
3 4 2 0 

286 16195659077480905719 1 5
2 4 3 1 8 

98 17656326354493340191 1 3
5 1 6 

355 2279483775380471400 2 5
5 0 6 8 1 
5 0 8 6 1 

352 5697750978532764374 2 3
5 6 8 
5 8 6 

95 2161207932939243341 1 6
4 2 0 3 1 6 

184 4976120557424330753 1 4
3 4 7 5 

57 1350421611143869986 1 4
3 4 5 0 

314 17562456485450621185 1 5
5 4 1 3 8 

146 9790497849770534921 2 3
1 4 7 
1 7 4 

403 8440096870916983862 1 5
4 7 0 1 8 

400 301608002787460125 6 3
4 7 8 
4 8 7 
7 4 8 
7 8 4 
8 7 4 
8 4 7 

143 9292644455235918826 2 5
1 3 2 7 0 
3 1 2 7 0 

300 14989961688851329924 2 4
2 5 3 8 
5 2 3 8 

43 12277498039208301906 2 4
1 3 5 0 
3 1 5 0 

46 12281880139029830183 8 4
1 3 2 5 
1 3 5 2 
2 5 3 1 
2 5 1 3 
3 1 2 5 
3 1 5 2 
5 2 3 1 
5 2 1 3 

396 13267318090830920661 1 4
2 7 3 8 

142 17366999214137569631 2 4
2 7 3 1 
2 7 1 3 

15 12277498039208301906 2 4
1 3 2 0 
3 1 2 0 

277 5871201165218803500 2 4
4 8 2 0 
8 4 2 0 

150 2085290083236657140 1 4
1 4 7 2 

23 1350421611143869986 1 4
1 4 2 0 

281 9215541057477448547 2 4
0 4 3 8 
4 0 3 8 

154 6779773879202997074 2 4
4 7 3 1 
7 4 3 1 

27 4256610992988182905 4 4
0 4 3 1 
0 4 1 3 
4 0 3 1 
4 0 1 3 

284 3109059138242254331 1 4
2 4 3 8 

30 10169856404592560356 1 4
2 4 3 1 

170 9683906525362351023 2 4
5 7 1 3 
5 7 3 1 

305 11592384939595863589 2 4
4 8 5 0 
8 4 5 0 

178 2748553350057437005 1 4
1 4 7 5 

312 6879845631281508467 1 4
5 4 3 8 

55 150270335839945092 1 5
1 4 5 2 0 

58 10169856404592560356 1 4
5 4 1 3 

204 13267318090830920661 1 4
2 7 3 6 

77 2473790504219001107 1 4
3 6 2 0 

334 3744939600689001159 2 5
2 6 8 3 1 
2 8 6 3 1 

337 17936154837828044787 2 4
0 4 6 8 
4 0 6 8 

210 8620157615861520895 2 4
4 7 1 6 
7 4 1 6 

408 1256069142110649494 2 4
4 7 3 8 
7 4 3 8 

151 11074910309859842108 1 5
1 4 7 2 0 

418 14849615842610928728 1 4
5 7 1 8 

424 9121462169269277177 1 4
5 7 3 8 

167 4408292084072115985 1 5
1 7 5 2 0 

432 15422646845956430413 2 4
4 8 7 5 
8 4 7 5 

452 3001815475018223922 2 4
2 7 6 8 
2 7 8 6 

464 9116344959574332654 2 4
4 7 8 6 
7 4 8 6 

480 12099417338926070879 2 4
5 7 6 8 
5 7 8 6 

31 2871949070415524933 1 5
4 3 1 2 0 

59 2871949070415524933 1 5
4 1 3 5 0 

316 3013238631755241482 1 5
4 2 5 3 8 

61 150270335839945092 1 5
3 4 2 5 0 

62 8498173470361030536 4 5
4 2 5 1 3 
4 3 1 5 2 
4 1 3 2 5 
4 5 2 3 1 

79 14279963505894464328 1 5
2 0 3 1 6 

87 10903872087155582476 2 5
4 1 6 2 0 
4 2 0 1 6 

91 2744094070535176386 2 5
0 4 3 1 6 
4 0 3 1 6 

348 12019661410038997558 2 5
2 4 6 8 3 
2 4 8 6 3 

93 4525291846462013117 1 5
4 3 6 2 0 

94 16195659077480905719 1 5
2 4 3 1 6 

107 14279963505894464328 1 5
5 0 3 1 6 

364 15922704120777702181 4 5
2 5 6 8 3 
2 5 8 6 3 
5 2 6 8 3 
5 2 8 6 3 

109 11780005379931982004 2 5
3 6 5 2 0 
3 6 2 5 0 

110 5800593551728207701 2 5
2 5 3 1 6 
5 2 3 1 6 

115 15234149678874182545 1 5
4 5 0 1 6 

372 11761218152514293107 2 5
4 6 8 5 2 
4 8 6 5 2 

117 5357712029314130227 2 5
4 6 5 2 0 
6 4 5 2 0 

118 9768886617430880139 1 5
4 5 2 1 6 

121 13568145676977629893 1 5
4 3 6 5 0 

122 17562456485450621185 1 5
5 4 1 3 6 

124 3013238631755241482 1 5
4 2 5 3 6 

155 16617980378882282751 1 5
4 7 0 3 1 

412 18225343973569183109 1 5
4 7 2 3 8 

157 14414716519651000746 1 5
3 4 7 2 0 

158 17713222843100587553 1 5
4 7 2 3 1 

171 3752371979798594329 2 5
1 3 5 7 0 
3 1 5 7 0 

428 16285465121334775147 1 5
3 8 7 5 2 

173 4408292084072115985 1 5
3 7 5 2 0 

174 12006704093242961217 2 5
1 3 7 5 2 
3 1 7 5 2 

179 1307727579281052098 1 5
1 4 7 5 0 

436 4283213242981230113 2 5
4 8 7 5 2 
8 4 7 5 2 

182 15657548835206798980 1 5
1 4 7 5 2 

185 7392721318214719893 1 5
3 4 7 5 0 

186 10195656106211304639 1 5
4 7 5 3 1 

188 12513038458025819453 1 5
3 4 7 5 2 

199 8751580297422349944 1 5
1 6 2 7 0 

205 123917000556923641 1 5
3 6 2 7 0 

206 505118274365804172 1 5
2 7 3 1 6 

211 18156982168938453347 1 5
4 1 6 7 0 

468 3727558579419551036 1 5
4 7 2 8 6 

213 15766806198095749076 2 5
4 6 2 7 0 
6 4 2 7 0 

214 13874739407675328276 1 5
4 7 2 1 6 

217 9100425690095827187 1 5
4 3 6 7 0 

218 3390145364675661285 2 5
4 7 3 1 6 
7 4 3 1 6 

220 10762430941534474893 1 5
4 7 2 3 6 

227 15941266092005598144 1 5
1 6 5 7 0 

484 16733104008355258214 2 5
6 8 7 5 2 
8 6 7 5 2 

230 14088867416007872323 1 5
1 6 7 5 2 

233 7125042322473107247 1 5
3 6 5 7 0 

234 9447199698333012845 1 5
5 7 3 1 6 

236 16285465121334775147 1 5
3 6 7 5 2 

241 15223245563705854116 2 5
4 6 5 7 0 
6 4 5 7 0 

242 12795740695826132146 1 5
4 7 5 1 6 

244 10884712252812365214 2 5
4 6 7 5 2 
6 4 7 5 2 

248 13345062139445037502 1 5
4 7 5 3 6 

283 16282828529017173686 2 5
0 4 3 1 8 
4 0 3 1 8 

309 4177835671100690263 2 5
4 8 5 2 0 
8 4 5 2 0 

310 9768886617430880139 1 5
4 5 2 1 8 

339 16715435379730170748 2 5
0 4 6 8 1 
4 0 6 8 1 

345 17517165163681958904 2 5
0 4 6 8 3 
4 0 6 8 3 

357 10432999598382821541 4 5
6 8 5 2 0 
6 8 2 5 0 
8 6 5 2 0 
8 6 2 5 0 

358 9400113833533857672 4 5
2 5 6 8 1 
2 5 8 6 1 
5 2 6 8 1 
5 2 8 6 1 

376 6735745507270941696 2 5
5 4 6 8 3 
5 4 8 6 3 

119 4903962877105693823 1 6
4 1 6 5 2 0 

405 3570889408304640013 2 5
4 8 7 2 0 
8 4 7 2 0 

406 14101126413955761785 1 5
4 7 2 1 8 

422 14088867416007872323 1 5
1 8 7 5 2 

433 8280018175770542876 2 5
4 8 7 5 0 
8 4 7 5 0 

434 1751188088735573933 1 5
4 7 5 1 8 

440 8048192482692474981 1 5
4 7 5 3 8 

453 14455658113156572106 2 5
6 8 2 7 0 
8 6 2 7 0 

454 4722398827107653466 2 5
2 7 6 8 1 
2 7 8 6 1 

460 9284330549129869187 2 5
2 7 6 8 3 
2 7 8 6 3 

465 5631857776809589267 1 5
4 8 6 7 0 

472 8196248133150526450 2 5
4 7 3 8 6 
7 4 3 8 6 

481 1030987436300181088 2 5
6 8 5 7 0 
8 6 5 7 0 

482 15734540505249413105 2 5
5 7 6 8 1 
5 7 8 6 1 

488 3293785017497801461 2 5
5 7 6 8 3 
5 7 8 6 3 

496 7054503655373427985 1 5
4 7 5 8 6 

63 12510032172879914583 2 6
4 1 3 2 5 0 
4 3 1 5 2 0 

123 14286235410628280969 1 6
4 5 0 1 3 6 

125 12632710939406870800 1 6
4 3 6 2 5 0 

126 1094114460453487977 1 6
4 5 2 3 1 6 

