504 3889900463035611001 1 6
4 7 5 3 8 6 

500 8531481772150959511 1 6
4 8 6 7 5 2 

498 2261154555546929552 1 6
4 7 5 1 8 6 

497 16011016729234331686 1 6
4 8 6 7 5 0 

492 15635566925185363368 2 6
7 5 2 6 8 3 
7 5 2 8 6 3 

490 2512398972225886611 4 6
5 7 6 8 3 1 
5 7 8 6 3 1 
7 5 6 8 3 1 
7 5 8 6 3 1 

489 8725073954411433355 4 6
5 7 0 6 8 3 
5 7 0 8 6 3 
7 5 0 6 8 3 
7 5 0 8 6 3 

486 6071547184232690740 2 6
7 5 2 6 8 1 
7 5 2 8 6 1 

485 10672026938645979996 2 6
6 8 7 5 2 0 
8 6 7 5 2 0 

483 5319482840783131079 4 6
5 7 0 6 8 1 
5 7 0 8 6 1 
7 5 0 6 8 1 
7 5 0 8 6 1 

476 16888066072451109633 1 6
4 7 2 3 8 6 

474 5786792466358207205 2 6
4 7 3 1 8 6 
7 4 3 1 8 6 

473 17343847896409867632 1 6
4 7 0 3 8 6 

470 6065127611409485927 1 6
4 7 2 1 8 6 

469 16432681561546155658 1 6
4 8 6 7 2 0 

467 17612239824655039514 1 6
4 7 0 1 8 6 

462 17409067066809725900 4 6
2 7 6 8 3 1 
2 7 8 6 3 1 
7 2 6 8 3 1 
7 2 8 6 3 1 

461 14844703563866111244 4 6
6 8 3 7 2 0 
6 8 3 2 7 0 
8 6 3 2 7 0 
8 6 3 7 2 0 

455 6374325766140526653 4 6
6 8 1 7 2 0 
6 8 1 2 7 0 
8 6 1 2 7 0 
8 6 1 7 2 0 

444 1096587794184499985 1 6
4 3 8 7 5 2 

442 8676613910352414631 1 6
4 7 5 3 1 8 

206 325566649988153406 2 5
2 7 3 1 6 
7 2 3 1 6 

205 5646005433322301305 2 5
3 6 2 7 0 
3 6 7 2 0 

199 2967678695872976096 2 5
1 6 2 7 0 
1 6 7 2 0 

143 16546320677268633738 4 5
1 3 2 7 0 
1 3 7 2 0 
3 1 2 7 0 
3 1 7 2 0 

400 301608002787460125 6 3
4 7 8 
4 8 7 
7 4 8 
7 8 4 
8 7 4 
8 4 7 

124 8776979851896490145 1 5
4 3 6 2 5 

122 15254218241057525250 2 5
4 5 3 1 6 
5 4 3 1 6 

121 15690491846362675653 1 5
4 6 3 0 5 

378 11010461895509560859 4 6
4 5 6 8 3 1 
4 5 8 6 3 1 
5 4 6 8 3 1 
5 4 8 6 3 1 

118 5009672583774126009 1 5
4 1 6 5 2 

117 9194170858809860481 2 5
4 6 0 5 2 
6 4 0 5 2 

374 17323914861111767693 2 6
4 5 2 6 8 1 
4 5 2 8 6 1 

115 14317701048609021026 1 5
4 6 1 0 5 

372 17589355834540419352 2 5
4 6 8 5 2 
4 8 6 5 2 

110 15123512964542885831 2 5
2 5 3 1 6 
5 2 3 1 6 

109 7464569542106671226 2 5
3 6 5 2 0 
3 6 2 5 0 

366 2983098543328139050 4 6
2 5 6 8 3 1 
2 5 8 6 3 1 
5 2 6 8 3 1 
5 2 8 6 3 1 

103 2828409101777877848 2 5
1 6 2 5 0 
1 6 5 2 0 

94 7656325977389374643 2 5
2 4 3 1 6 
4 2 3 1 6 

93 8599834422986556610 1 5
4 6 3 0 2 

350 4438048482041355847 4 6
2 4 6 8 3 1 
2 4 8 6 3 1 
4 2 6 8 3 1 
4 2 8 6 3 1 

91 2744094070535176386 2 5
0 4 3 1 6 
4 0 3 1 6 

348 2100020251956204520 4 5
2 4 6 8 3 
2 4 8 6 3 
4 2 6 8 3 
4 2 8 6 3 

87 18215057552038671035 1 5
4 6 1 0 2 

62 841618084451470194 2 5
4 3 1 5 2 
4 1 3 2 5 

188 10654999688332078279 1 5
3 4 7 5 2 

61 7111362521929414255 1 5
3 4 2 5 0 

318 15942811865425394373 1 6
4 5 2 3 1 8 

186 12252531185159560831 1 5
4 7 5 3 1 

59 10845859065380869653 1 5
4 1 3 5 0 

316 8776979851896490145 1 5
4 3 8 2 5 

182 2831696975759634956 1 5
1 4 7 5 2 

55 7111362521929414255 1 5
1 4 5 2 0 

312 6327628170762034960 2 4
4 5 3 8 
5 4 3 8 

174 5689312743591395379 2 5
1 3 7 5 2 
3 1 7 5 2 

47 8550036327203986908 4 5
1 3 2 5 0 
1 3 5 2 0 
3 1 2 5 0 
3 1 5 2 0 

304 5180365401916553282 6 3
4 5 8 
4 8 5 
5 4 8 
5 8 4 
8 5 4 
8 4 5 

158 3770121851149502007 1 5
4 7 2 3 1 

31 10845859065380869653 1 5
4 3 1 2 0 

418 5586955677828348619 2 4
5 7 1 8 
7 5 1 8 

390 17520452208558333313 2 4
2 7 1 8 
7 2 1 8 

179 5058253418011446599 1 5
1 4 7 5 0 

436 14572538776854345278 2 5
4 8 7 5 2 
8 4 7 5 2 

306 13775163095167349403 2 4
4 5 1 8 
5 4 1 8 

167 3668030124471059285 1 5
1 7 5 2 0 

424 4498452903570584108 2 4
5 7 3 8 
7 5 3 8 

294 835276218342091669 2 4
1 8 5 2 
1 8 2 5 

151 830062045661075645 1 5
1 4 7 2 0 

408 1256069142110649494 2 4
4 7 3 8 
7 4 3 8 

278 5871201165218803500 2 4
2 4 1 8 
4 2 1 8 

402 9736859970975346845 2 4
4 7 1 8 
7 4 1 8 

275 5871201165218803500 2 4
0 4 1 8 
4 0 1 8 

232 4498452903570584108 2 4
5 7 3 6 
7 5 3 6 

480 18159398951093837362 4 4
5 7 6 8 
5 7 8 6 
7 5 6 8 
7 5 8 6 

226 5586955677828348619 2 4
5 7 1 6 
7 5 1 6 

163 3253909431682071593 2 4
1 5 7 0 
1 7 5 0 

185 11320040185623688620 1 5
3 4 7 5 0 

58 8366814671184371901 2 4
4 5 1 3 
5 4 1 3 

315 17543595463344835500 1 6
4 5 0 3 1 8 

401 9127537149388785590 2 4
4 8 7 0 
8 4 7 0 

147 916175729083138007 1 4
1 4 7 0 

404 9116344959574332654 2 4
4 8 7 2 
8 4 7 2 

173 3668030124471059285 1 5
3 7 5 2 0 

430 2545686199926457577 1 6
7 5 2 3 1 8 

300 4983252161963081937 2 4
3 8 5 2 
3 8 2 5 

46 4464135113881190930 4 4
1 3 2 5 
1 3 5 2 
3 1 2 5 
3 1 5 2 

303 856354961385518541 2 6
3 1 8 5 2 0 
3 1 8 2 5 0 

162 14763710330307144267 2 3
1 5 7 
1 7 5 

419 5657420807593764805 2 5
1 8 5 7 0 
1 8 7 5 0 

171 12309062640300185270 4 5
1 3 5 7 0 
1 3 7 5 0 
3 1 5 7 0 
3 1 7 5 0 

428 6379090224491825249 1 5
3 8 7 5 2 

44 8634870613964526517 2 3
3 2 5 
3 5 2 

301 7464569542106671226 2 5
3 8 5 2 0 
3 8 2 5 0 

169 3253909431682071593 2 4
3 5 7 0 
3 7 5 0 

426 10447389357493672896 2 5
5 7 3 1 8 
7 5 3 1 8 

22 14464322681345727777 2 3
1 2 4 
1 4 2 

279 11397582485275667864 2 5
4 1 8 0 2 
4 1 8 2 0 

81 8922397766556314475 6 3
0 4 6 
0 6 4 
4 0 6 
4 6 0 
6 4 0 
6 0 4 

140 5697750978532764374 2 3
3 2 7 
3 7 2 

397 5646005433322301305 2 5
3 8 7 2 0 
3 8 2 7 0 

38 8634870613964526517 2 3
1 2 5 
1 5 2 

295 2828409101777877848 2 5
1 8 2 5 0 
1 8 5 2 0 

29 2312160739410427022 1 4
3 4 2 0 

286 7656325977389374643 2 5
2 4 3 1 8 
4 2 3 1 8 

156 6466001861708672411 1 4
3 4 7 2 

413 12452339847947930442 1 6
4 3 8 7 2 0 

116 13697909126296567058 2 4
4 6 5 2 
6 4 5 2 

373 16240236231766550486 1 6
4 6 8 0 5 2 

155 16617980378882282751 1 5
4 7 0 3 1 

412 17318481220367230684 1 5
4 7 2 3 8 

28 7777280951167004470 2 3
3 2 4 
3 4 2 

285 7808642855645892162 1 5
4 3 8 2 0 

19 14464322681345727777 2 3
1 0 4 
1 4 0 

146 9790497849770534921 2 3
1 4 7 
1 7 4 

403 8440096870916983862 1 5
4 7 0 1 8 

50 7777280951167004470 2 3
1 4 5 
1 5 4 

307 11217303922022827123 1 5
4 1 8 5 0 

168 14763710330307144267 2 3
3 5 7 
3 7 5 

425 17589149637656067770 2 5
3 8 5 7 0 
3 8 7 5 0 

340 6302551238620928965 4 4
2 4 6 8 
2 4 8 6 
4 2 6 8 
4 2 8 6 

83 6129910185500374865 2 4
0 4 6 1 
4 0 6 1 

86 5871201165218803500 2 4
2 4 1 6 
4 2 1 6 

343 18302500099475812914 1 6
4 0 2 6 8 1 

204 16706246648776914870 2 4
2 7 3 6 
7 2 3 6 

56 14464322681345727777 2 3
3 4 5 
3 5 4 

313 8443016909233017336 1 5
4 3 8 5 0 

134 5697750978532764374 2 3
1 2 7 
1 7 2 

391 2967678695872976096 2 5
1 8 2 7 0 
1 8 7 2 0 

141 6934963488335717096 2 4
3 2 7 0 
3 7 2 0 

398 325566649988153406 2 5
2 7 3 1 8 
7 2 3 1 8 

157 10113216712279345695 1 5
3 4 7 2 0 

414 12739361027220082617 1 6
4 7 2 3 1 8 

284 15364610404643005460 2 4
2 4 3 8 
4 2 3 8 

27 4256610992988182905 4 4
0 4 3 1 
0 4 1 3 
4 0 3 1 
4 0 1 3 

30 8366814671184371901 2 4
2 4 3 1 
4 2 3 1 

287 13998566284813999648 1 6
4 2 0 3 1 8 

216 16092729346259642940 2 4
4 7 3 6 
7 4 3 6 

89 910221161820676948 2 4
0 4 6 3 
4 0 6 3 

308 13697909126296567058 2 4
4 8 5 2 
8 4 5 2 

51 2312160739410427022 1 4
1 4 5 0 

54 18311064358276448373 1 4
1 4 5 2 

311 3958188446891102016 1 6
4 1 8 5 2 0 

240 16954421592595156864 2 4
4 6 5 7 
6 4 5 7 

113 12408983781698118751 2 4
4 6 0 5 
6 4 0 5 

370 12328872306165567229 4 5
4 5 6 8 1 
4 5 8 6 1 
5 4 6 8 1 
5 4 8 6 1 

45 10237761291075094997 2 4
3 2 5 0 
3 5 2 0 

302 15123512964542885831 2 5
2 5 3 1 8 
5 2 3 1 8 

172 822643310015681936 1 4
3 7 5 2 

429 3207087143106308712 1 6
3 8 7 5 2 0 

152 7977311541644482511 2 3
3 4 7 
3 7 4 

409 40821452724647378 1 5
4 7 0 3 8 

25 14464322681345727777 2 3
3 0 4 
3 4 0 

112 5180365401916553282 6 3
4 5 6 
4 6 5 
5 4 6 
5 6 4 
6 5 4 
6 4 5 

369 15816893146059382325 1 5
4 6 8 0 5 

60 18311064358276448373 1 4
3 4 2 5 

317 4918941790317473782 1 6
4 3 8 2 5 0 

432 14985943103838419052 2 4
4 8 7 5 
8 4 7 5 

175 1476390435098145740 2 6
1 3 7 5 2 0 
3 1 7 5 2 0 

305 4537410656254315009 2 4
4 8 5 0 
8 4 5 0 

178 4183753754397426794 1 4
1 4 7 5 

435 8003057536700345239 1 6
4 1 8 7 5 0 

464 9116344959574332654 2 4
4 7 8 6 
7 4 8 6 

207 14651465084615685658 2 6
2 7 0 3 1 6 
7 2 0 3 1 6 

337 17936154837828044787 2 4
0 4 6 8 
4 0 6 8 

210 8620157615861520895 2 4
4 7 1 6 
7 4 1 6 

396 16706246648776914870 2 4
2 7 3 8 
7 2 3 8 

142 1979881353718354196 4 4
2 7 3 1 
2 7 1 3 
7 2 3 1 
7 2 1 3 

399 14651465084615685658 2 6
2 7 0 3 1 8 
7 2 0 3 1 8 

212 6302551238620928965 4 4
4 6 2 7 
4 6 7 2 
6 4 2 7 
6 4 7 2 

85 7753845519296969428 2 4
4 6 0 2 
6 4 0 2 

342 4029303908655827827 4 5
2 4 6 8 1 
2 4 8 6 1 
4 2 6 8 1 
4 2 8 6 1 

92 15364610404643005460 2 4
2 4 3 6 
4 2 3 6 

349 7675527126204784836 1 6
4 0 2 6 8 3 

356 11817618753924715730 4 4
6 8 2 5 
6 8 5 2 
8 6 5 2 
8 6 2 5 

102 835276218342091669 2 4
1 6 5 2 
1 6 2 5 

359 3547471326034739440 4 6
6 8 1 5 2 0 
6 8 1 2 5 0 
8 6 1 5 2 0 
8 6 1 2 5 0 

108 4983252161963081937 2 4
3 6 5 2 
3 6 2 5 

365 14975548977833212343 4 6
6 8 3 5 2 0 
6 8 3 2 5 0 
8 6 3 5 2 0 
8 6 3 2 5 0 

368 10033919425389183793 4 4
4 5 6 8 
4 5 8 6 
5 4 6 8 
5 4 8 6 

111 856354961385518541 2 6
3 1 6 5 2 0 
3 1 6 2 5 0 

114 13775163095167349403 2 4
4 5 1 6 
5 4 1 6 

371 17862609739637301052 1 6
4 0 5 6 8 1 

120 6327628170762034960 2 4
4 5 3 6 
5 4 3 6 

377 11599761506881847714 1 6
4 0 5 6 8 3 

135 6934963488335717096 2 4
1 2 7 0 
1 7 2 0 

23 4849430361981918121 2 4
1 4 2 0 
1 4 0 2 

150 6041515667341660060 1 4
1 4 7 2 

407 13616661301651726772 1 6
4 1 8 7 2 0 

209 7753845519296969428 2 4
4 6 0 7 
6 4 0 7 

466 4524131255509405945 2 5
4 7 1 8 6 
7 4 1 8 6 

153 4444199970412988080 1 4
3 4 7 0 

410 16014829825460256273 2 5
4 7 3 1 8 
7 4 3 1 8 

281 9215541057477448547 2 4
0 4 3 8 
4 0 3 8 

154 6779773879202997074 2 4
4 7 3 1 
7 4 3 1 

411 5484881922997721974 1 6
4 7 0 3 1 8 

39 10237761291075094997 2 4
1 2 5 0 
1 5 2 0 

166 822643310015681936 1 4
1 7 5 2 

423 9208994938121491742 1 6
1 8 7 5 2 0 

170 18250994044714910535 4 4
5 7 1 3 
5 7 3 1 
7 5 3 1 
7 5 1 3 

427 9618332497668500896 2 6
5 7 0 3 1 8 
7 5 0 3 1 8 

57 4849430361981918121 2 4
3 4 0 5 
3 4 5 0 

314 15254218241057525250 2 5
4 5 3 1 8 
5 4 3 1 8 

184 6418106841632012880 1 4
3 4 7 5 

441 10879198170378562667 1 6
4 3 8 7 5 0 

452 5568158931765736262 8 4
2 7 6 8 
2 7 8 6 
6 8 7 2 
6 8 2 7 
7 2 6 8 
7 2 8 6 
8 6 7 2 
8 6 2 7 

198 17520452208558333313 2 4
2 7 1 6 
7 2 1 6 

211 18156982168938453347 1 5
4 1 6 7 0 

468 287899329659801567 2 5
4 7 2 8 6 
4 8 6 7 2 

213 338652018472059755 4 5
4 6 2 7 0 
4 6 7 2 0 
6 4 2 7 0 
6 4 7 2 0 

214 10487801317886427699 1 5
4 7 2 1 6 

217 9100425690095827187 1 5
4 3 6 7 0 

218 3390145364675661285 2 5
4 7 3 1 6 
7 4 3 1 6 

220 15502087358196262965 1 5
4 7 2 3 6 

227 5657420807593764805 2 5
1 6 5 7 0 
1 6 7 5 0 

484 3021136800975965599 2 5
6 8 7 5 2 
8 6 7 5 2 

230 10139961049268916380 1 5
1 6 7 5 2 

233 17589149637656067770 2 5
3 6 5 7 0 
3 6 7 5 0 

234 10447389357493672896 2 5
5 7 3 1 6 
7 5 3 1 6 

236 6379090224491825249 1 5
3 6 7 5 2 

241 8574990282663330215 2 5
4 6 5 7 0 
6 4 5 7 0 

242 17579941104660849061 1 5
4 7 5 1 6 

244 15932246324430079131 2 5
4 6 7 5 2 
6 4 7 5 2 

248 15794470902164860802 1 5
4 7 5 3 6 

283 16282828529017173686 2 5
0 4 3 1 8 
4 0 3 1 8 

309 11415815033280599554 2 5
4 8 5 2 0 
8 4 5 2 0 

310 5009672583774126009 1 5
4 1 8 5 2 

339 16715435379730170748 2 5
0 4 6 8 1 
4 0 6 8 1 

341 12202375652913516980 1 5
4 6 8 0 2 

345 17517165163681958904 2 5
0 4 6 8 3 
4 0 6 8 3 

357 14369608255985264164 4 5
6 8 5 2 0 
6 8 2 5 0 
8 6 5 2 0 
8 6 2 5 0 

358 14497693136420194452 4 5
2 5 6 8 1 
2 5 8 6 1 
5 2 6 8 1 
5 2 8 6 1 

364 18141945969878676774 4 5
2 5 6 8 3 
2 5 8 6 3 
5 2 6 8 3 
5 2 8 6 3 

376 5528746015189933060 4 5
4 5 6 8 3 
4 5 8 6 3 
5 4 6 8 3 
5 4 8 6 3 

119 3498847839429790227 1 6
4 6 1 0 5 2 

405 15781509044285140532 2 5
4 8 7 2 0 
8 4 7 2 0 

406 18209191629047893414 1 5
4 7 2 1 8 

422 10139961049268916380 1 5
1 8 7 5 2 

433 6431446601530433164 2 5
4 8 7 5 0 
8 4 7 5 0 

434 17298788969078862523 1 5
4 7 5 1 8 

440 9561057297673201614 1 5
4 7 5 3 8 

183 14218890332470972375 1 6
1 4 7 5 2 0 

453 15486635454966755162 4 5
6 8 7 2 0 
6 8 2 7 0 
8 6 2 7 0 
8 6 7 2 0 

454 6452873930458632724 4 5
2 7 6 8 1 
2 7 8 6 1 
7 2 6 8 1 
7 2 8 6 1 

460 10234341217018974287 4 5
2 7 6 8 3 
2 7 8 6 3 
7 2 6 8 3 
7 2 8 6 3 

465 5631857776809589267 1 5
4 8 6 7 0 

472 8196248133150526450 2 5
4 7 3 8 6 
7 4 3 8 6 

215 4415896242733819394 1 6
4 1 6 7 2 0 

481 4288392202833259753 4 5
6 8 7 5 0 
6 8 5 7 0 
8 6 5 7 0 
8 6 7 5 0 

482 7185285854806889846 4 5
5 7 6 8 1 
5 7 8 6 1 
7 5 6 8 1 
7 5 8 6 1 

488 17153891732567204935 4 5
5 7 6 8 3 
5 7 8 6 3 
7 5 6 8 3 
7 5 8 6 3 

231 9208994938121491742 1 6
1 6 7 5 2 0 

496 54384981478515667 1 5
4 7 5 8 6 

63 7079316675479110161 2 6
4 1 3 2 5 0 
4 3 1 5 2 0 

95 4836548986091237695 1 6
4 0 2 3 1 6 

123 980490048944550473 1 6
4 0 5 3 1 6 

380 13695756807846640509 2 6
4 2 5 6 8 3 
4 2 5 8 6 3 

125 12071309047745219461 1 6
4 6 3 0 2 5 

126 15942811865425394373 1 6
4 5 2 3 1 6 

159 1161127455135659835 1 6
4 3 1 7 2 0 

187 5081587858924014123 1 6
4 3 1 7 5 0 

189 11354577083130786838 1 6
3 4 7 5 2 0 

190 9918609283863814055 1 6
4 3 1 7 5 2 

219 14237941234831695316 1 6
4 7 0 3 1 6 

221 5072629739470510116 1 6
4 3 6 7 2 0 

222 3865692603632704815 1 6
4 7 2 3 1 6 

235 9618332497668500896 2 6
5 7 0 3 1 6 
7 5 0 3 1 6 

237 3207087143106308712 1 6
3 6 7 5 2 0 

238 2545686199926457577 1 6
7 5 2 3 1 6 

243 14887812877358540372 1 6
4 1 6 7 5 0 

245 6296862755368870666 2 6
4 6 7 5 2 0 
6 4 7 5 2 0 

246 2692883800864748215 1 6
4 1 6 7 5 2 

249 16567846574055813566 1 6
4 3 6 7 5 0 

250 12423685049128896827 1 6
4 7 5 3 1 6 

252 9446230091734778542 1 6
4 3 6 7 5 2 

347 3028962302640536605 2 6
0 4 6 8 3 1 
4 0 6 8 3 1 

437 18068157609378747053 2 6
4 8 7 5 2 0 
8 4 7 5 2 0 

438 12002889005496227475 1 6
4 1 8 7 5 2 

