F31[-3, 1, 2, 1, 1, 0, 0, 0, 0]
F31[-2, 0, 2, 1, 1, 0, 0, 0, 0]
F31[-2, 1, 1, 1, 1, 0, 0, 0, 0]
F31[-2, 1, 2, 0, 1, 0, 0, 0, 0]
F31[-2, 1, 2, 1, 0, 0, 0, 0, 0]
F31[-2, 1, 2, 1, 1, -1, 0, 0, 0]
F31[-2, 1, 2, 1, 1, 0, -1, 0, 0]
F31[-2, 1, 2, 1, 1, 0, 0, -1, 0]
F31[-2, 1, 2, 1, 1, 0, 0, 0, -1]
F31[-2, 1, 2, 1, 1, 0, 0, 0, 0]
F31[-1, 0, 2, 1, 0, 0, 0, 0, 0]
F31[-1, 0, 2, 1, 1, 0, 0, -1, 0]
F31[-1, 0, 2, 1, 1, 0, 0, 0, 0]
F31[-1, 1, 0, 1, 1, 0, 0, 0, 0]
F31[-1, 1, 1, 1, 1, -1, 0, 0, 0]
F31[-1, 1, 1, 1, 1, 0, 0, -1, 0]
F31[-1, 1, 1, 1, 1, 0, 0, 0, -1]
F31[-1, 1, 1, 1, 1, 0, 0, 0, 0]
F31[-1, 1, 2, 0, 0, 0, 0, 0, 0]
F31[-1, 1, 2, 0, 1, 0, 0, -1, 0]
F31[-1, 1, 2, 0, 1, 0, 0, 0, 0]
F31[-1, 1, 2, 1, 0, -1, 0, 0, 0]
F31[-1, 1, 2, 1, 0, 0, -1, 0, 0]
F31[-1, 1, 2, 1, 0, 0, 0, -1, 0]
F31[-1, 1, 2, 1, 0, 0, 0, 0, -1]
F31[-1, 1, 2, 1, 0, 0, 0, 0, 0]
F31[-1, 1, 2, 1, 1, -1, 0, -1, 0]
F31[-1, 1, 2, 1, 1, -1, 0, 0, 0]
F31[-1, 1, 2, 1, 1, 0, -1, -1, 0]
F31[-1, 1, 2, 1, 1, 0, -1, 0, 0]
F31[-1, 1, 2, 1, 1, 0, 0, -2, 0]
F31[-1, 1, 2, 1, 1, 0, 0, -1, -1]
F31[-1, 1, 2, 1, 1, 0, 0, -1, 0]
F31[-1, 1, 2, 1, 1, 0, 0, 0, -1]
F31[-1, 1, 2, 1, 1, 0, 0, 0, 0]
F31[0, -1, 2, 1, 1, 0, 0, 0, 0]
F31[0, 0, 0, 1, 1, 0, 0, 0, 0]
F31[0, 0, 1, 1, 0, 0, 0, 0, 0]
F31[0, 0, 1, 1, 1, 0, 0, -1, 0]
F31[0, 0, 1, 1, 1, 0, 0, 0, 0]
F31[0, 0, 2, 0, 1, 0, 0, 0, 0]
F31[0, 0, 2, 1, -1, 0, 0, 0, 0]
F31[0, 0, 2, 1, 0, 0, 0, -1, 0]
F31[0, 0, 2, 1, 0, 0, 0, 0, 0]
F31[0, 0, 2, 1, 1, -1, 0, 0, 0]
F31[0, 0, 2, 1, 1, 0, -1, 0, 0]
F31[0, 0, 2, 1, 1, 0, 0, -2, 0]
F31[0, 0, 2, 1, 1, 0, 0, -1, 0]
F31[0, 0, 2, 1, 1, 0, 0, 0, -1]
F31[0, 0, 2, 1, 1, 0, 0, 0, 0]
F31[0, 1, -1, 1, 1, 0, 0, 0, 0]
F31[0, 1, 0, 0, 1, 0, 0, 0, 0]
F31[0, 1, 0, 1, 0, 0, 0, 0, 0]
F31[0, 1, 0, 1, 1, -1, 0, 0, 0]
F31[0, 1, 0, 1, 1, 0, -1, 0, 0]
F31[0, 1, 0, 1, 1, 0, 0, -1, 0]
F31[0, 1, 0, 1, 1, 0, 0, 0, -1]
F31[0, 1, 0, 1, 1, 0, 0, 0, 0]
F31[0, 1, 1, 0, 0, 0, 0, 0, 0]
F31[0, 1, 1, 0, 1, 0, 0, -1, 0]
F31[0, 1, 1, 0, 1, 0, 0, 0, 0]
F31[0, 1, 1, 1, 0, -1, 0, 0, 0]
F31[0, 1, 1, 1, 0, 0, -1, 0, 0]
F31[0, 1, 1, 1, 0, 0, 0, 0, -1]
F31[0, 1, 1, 1, 0, 0, 0, 0, 0]
F31[0, 1, 1, 1, 1, -1, 0, -1, 0]
F31[0, 1, 1, 1, 1, -1, 0, 0, 0]
F31[0, 1, 1, 1, 1, 0, -1, -1, 0]
F31[0, 1, 1, 1, 1, 0, -1, 0, 0]
F31[0, 1, 1, 1, 1, 0, 0, -1, -1]
F31[0, 1, 1, 1, 1, 0, 0, -1, 0]
F31[0, 1, 1, 1, 1, 0, 0, 0, -1]
F31[0, 1, 1, 1, 1, 0, 0, 0, 0]
F31[0, 1, 2, 0, 0, 0, 0, -1, 0]
F31[0, 1, 2, 0, 0, 0, 0, 0, 0]
F31[0, 1, 2, 0, 1, -1, 0, 0, 0]
F31[0, 1, 2, 0, 1, 0, -1, 0, 0]
F31[0, 1, 2, 0, 1, 0, 0, -2, 0]
F31[0, 1, 2, 0, 1, 0, 0, -1, 0]
F31[0, 1, 2, 0, 1, 0, 0, 0, -1]
F31[0, 1, 2, 0, 1, 0, 0, 0, 0]
F31[0, 1, 2, 1, -1, 0, 0, 0, -1]
F31[0, 1, 2, 1, -1, 0, 0, 0, 0]
F31[0, 1, 2, 1, 0, -1, 0, -1, 0]
F31[0, 1, 2, 1, 0, -1, 0, 0, 0]
F31[0, 1, 2, 1, 0, 0, -1, -1, 0]
F31[0, 1, 2, 1, 0, 0, -1, 0, 0]
F31[0, 1, 2, 1, 0, 0, 0, -1, -1]
F31[0, 1, 2, 1, 0, 0, 0, -1, 0]
F31[0, 1, 2, 1, 0, 0, 0, 0, -1]
F31[0, 1, 2, 1, 0, 0, 0, 0, 0]
F31[0, 1, 2, 1, 1, -2, 0, 0, 0]
F31[0, 1, 2, 1, 1, -1, -1, 0, 0]
F31[0, 1, 2, 1, 1, -1, 0, -2, 0]
F31[0, 1, 2, 1, 1, -1, 0, -1, 0]
F31[0, 1, 2, 1, 1, -1, 0, 0, -1]
F31[0, 1, 2, 1, 1, -1, 0, 0, 0]
F31[0, 1, 2, 1, 1, 0, -2, 0, 0]
F31[0, 1, 2, 1, 1, 0, -1, -2, 0]
F31[0, 1, 2, 1, 1, 0, -1, -1, 0]
F31[0, 1, 2, 1, 1, 0, -1, 0, 0]
F31[0, 1, 2, 1, 1, 0, 0, -2, 0]
F31[0, 1, 2, 1, 1, 0, 0, -1, -1]
F31[0, 1, 2, 1, 1, 0, 0, -1, 0]
F31[0, 1, 2, 1, 1, 0, 0, 0, -2]
F31[0, 1, 2, 1, 1, 0, 0, 0, -1]
F31[0, 1, 2, 1, 1, 0, 0, 0, 0]
F31[1, -1, 1, 1, 1, 0, 0, 0, 0]
F31[1, -1, 2, 1, 0, 0, 0, 0, 0]
F31[1, -1, 2, 1, 1, 0, 0, -1, 0]
F31[1, -1, 2, 1, 1, 0, 0, 0, 0]
F31[1, 0, 0, 1, 0, 0, 0, 0, 0]
F31[1, 0, 0, 1, 1, 0, 0, -1, 0]
F31[1, 0, 0, 1, 1, 0, 0, 0, 0]
F31[1, 0, 1, 0, 1, 0, 0, 0, 0]
F31[1, 0, 1, 1, -1, 0, 0, 0, 0]
F31[1, 0, 1, 1, 0, 0, 0, -1, 0]
F31[1, 0, 1, 1, 0, 0, 0, 0, 0]
F31[1, 0, 1, 1, 1, -1, 0, 0, 0]
F31[1, 0, 1, 1, 1, 0, -1, 0, 0]
F31[1, 0, 1, 1, 1, 0, 0, -2, 0]
F31[1, 0, 1, 1, 1, 0, 0, -1, 0]
F31[1, 0, 1, 1, 1, 0, 0, 0, -1]
F31[1, 0, 1, 1, 1, 0, 0, 0, 0]
F31[1, 0, 2, 0, 0, 0, 0, 0, 0]
F31[1, 0, 2, 0, 1, 0, 0, -1, 0]
F31[1, 0, 2, 0, 1, 0, 0, 0, 0]
F31[1, 0, 2, 1, -1, 0, 0, 0, 0]
F31[1, 0, 2, 1, 0, -1, 0, 0, 0]
F31[1, 0, 2, 1, 0, 0, -1, 0, 0]
F31[1, 0, 2, 1, 0, 0, 0, -1, 0]
F31[1, 0, 2, 1, 0, 0, 0, 0, -1]
F31[1, 0, 2, 1, 0, 0, 0, 0, 0]
F31[1, 0, 2, 1, 1, -1, 0, -1, 0]
F31[1, 0, 2, 1, 1, -1, 0, 0, 0]
F31[1, 0, 2, 1, 1, 0, -1, -1, 0]
F31[1, 0, 2, 1, 1, 0, -1, 0, 0]
F31[1, 0, 2, 1, 1, 0, 0, -2, 0]
F31[1, 0, 2, 1, 1, 0, 0, -1, -1]
F31[1, 0, 2, 1, 1, 0, 0, -1, 0]
F31[1, 0, 2, 1, 1, 0, 0, 0, -1]
F31[1, 0, 2, 1, 1, 0, 0, 0, 0]
F31[1, 1, -1, 1, 1, 0, 0, -1, 0]
F31[1, 1, -1, 1, 1, 0, 0, 0, 0]
F31[1, 1, 0, 0, 1, 0, 0, -1, 0]
F31[1, 1, 0, 0, 1, 0, 0, 0, 0]
F31[1, 1, 0, 1, 0, 0, 0, -1, 0]
F31[1, 1, 0, 1, 0, 0, 0, 0, -1]
F31[1, 1, 0, 1, 0, 0, 0, 0, 0]
F31[1, 1, 0, 1, 1, -1, 0, -1, 0]
F31[1, 1, 0, 1, 1, -1, 0, 0, 0]
F31[1, 1, 0, 1, 1, 0, -1, -1, 0]
F31[1, 1, 0, 1, 1, 0, -1, 0, 0]
F31[1, 1, 0, 1, 1, 0, 0, -2, 0]
F31[1, 1, 0, 1, 1, 0, 0, -1, 0]
F31[1, 1, 0, 1, 1, 0, 0, 0, -1]
F31[1, 1, 0, 1, 1, 0, 0, 0, 0]
F31[1, 1, 1, -1, 1, 0, 0, 0, 0]
F31[1, 1, 1, 0, 0, 0, 0, -1, 0]
F31[1, 1, 1, 0, 0, 0, 0, 0, 0]
F31[1, 1, 1, 0, 1, -1, 0, 0, 0]
F31[1, 1, 1, 0, 1, 0, -1, 0, 0]
F31[1, 1, 1, 0, 1, 0, 0, -2, 0]
F31[1, 1, 1, 0, 1, 0, 0, -1, 0]
F31[1, 1, 1, 0, 1, 0, 0, 0, -1]
F31[1, 1, 1, 0, 1, 0, 0, 0, 0]
F31[1, 1, 1, 1, -1, 0, 0, 0, -1]
F31[1, 1, 1, 1, -1, 0, 0, 0, 0]
F31[1, 1, 1, 1, 0, -1, 0, -1, 0]
F31[1, 1, 1, 1, 0, -1, 0, 0, 0]
F31[1, 1, 1, 1, 0, 0, -1, -1, 0]
F31[1, 1, 1, 1, 0, 0, -1, 0, 0]
F31[1, 1, 1, 1, 0, 0, 0, -1, -1]
F31[1, 1, 1, 1, 0, 0, 0, -1, 0]
F31[1, 1, 1, 1, 0, 0, 0, 0, -1]
F31[1, 1, 1, 1, 0, 0, 0, 0, 0]
F31[1, 1, 1, 1, 1, -2, 0, 0, 0]
F31[1, 1, 1, 1, 1, -1, -1, 0, 0]
F31[1, 1, 1, 1, 1, -1, 0, -2, 0]
F31[1, 1, 1, 1, 1, -1, 0, -1, 0]
F31[1, 1, 1, 1, 1, -1, 0, 0, -1]
F31[1, 1, 1, 1, 1, -1, 0, 0, 0]
F31[1, 1, 1, 1, 1, 0, -2, 0, 0]
F31[1, 1, 1, 1, 1, 0, -1, -2, 0]
F31[1, 1, 1, 1, 1, 0, -1, -1, 0]
F31[1, 1, 1, 1, 1, 0, -1, 0, -1]
F31[1, 1, 1, 1, 1, 0, -1, 0, 0]
F31[1, 1, 1, 1, 1, 0, 0, -2, 0]
F31[1, 1, 1, 1, 1, 0, 0, -1, -1]
F31[1, 1, 1, 1, 1, 0, 0, -1, 0]
F31[1, 1, 1, 1, 1, 0, 0, 0, -2]
F31[1, 1, 1, 1, 1, 0, 0, 0, -1]
F31[1, 1, 1, 1, 1, 0, 0, 0, 0]
F31[1, 1, 2, -1, 0, 0, 0, 0, 0]
F31[1, 1, 2, 0, -1, 0, 0, 0, 0]
F31[1, 1, 2, 0, 0, -1, 0, 0, 0]
F31[1, 1, 2, 0, 0, 0, -1, 0, 0]
F31[1, 1, 2, 0, 0, 0, 0, -1, 0]
F31[1, 1, 2, 0, 0, 0, 0, 0, -1]
F31[1, 1, 2, 0, 0, 0, 0, 0, 0]
F31[1, 1, 2, 0, 1, -1, 0, -1, 0]
F31[1, 1, 2, 0, 1, -1, 0, 0, 0]
F31[1, 1, 2, 0, 1, 0, -1, -1, 0]
F31[1, 1, 2, 0, 1, 0, -1, 0, 0]
F31[1, 1, 2, 0, 1, 0, 0, -2, 0]
F31[1, 1, 2, 0, 1, 0, 0, -1, -1]
F31[1, 1, 2, 0, 1, 0, 0, -1, 0]
F31[1, 1, 2, 0, 1, 0, 0, 0, 0]
F31[1, 1, 2, 1, -1, 0, -1, 0, 0]
F31[1, 1, 2, 1, -1, 0, 0, 0, -1]
F31[1, 1, 2, 1, -1, 0, 0, 0, 0]
F31[1, 1, 2, 1, 0, -1, -1, 0, 0]
F31[1, 1, 2, 1, 0, -1, 0, -1, 0]
F31[1, 1, 2, 1, 0, -1, 0, 0, 0]
F31[1, 1, 2, 1, 0, 0, -2, 0, 0]
F31[1, 1, 2, 1, 0, 0, -1, -1, 0]
F31[1, 1, 2, 1, 0, 0, -1, 0, -1]
F31[1, 1, 2, 1, 0, 0, -1, 0, 0]
F31[1, 1, 2, 1, 0, 0, 0, -1, -1]
F31[1, 1, 2, 1, 0, 0, 0, -1, 0]
F31[1, 1, 2, 1, 0, 0, 0, 0, -1]
F31[1, 1, 2, 1, 0, 0, 0, 0, 0]
F31[1, 1, 2, 1, 1, -2, 0, 0, 0]
F31[1, 1, 2, 1, 1, -1, -1, -1, 0]
F31[1, 1, 2, 1, 1, -1, -1, 0, 0]
F31[1, 1, 2, 1, 1, -1, 0, -2, 0]
F31[1, 1, 2, 1, 1, -1, 0, -1, 0]
F31[1, 1, 2, 1, 1, -1, 0, 0, -1]
F31[1, 1, 2, 1, 1, -1, 0, 0, 0]
F31[1, 1, 2, 1, 1, 0, -2, -1, 0]
F31[1, 1, 2, 1, 1, 0, -2, 0, 0]
F31[1, 1, 2, 1, 1, 0, -1, -2, 0]
F31[1, 1, 2, 1, 1, 0, -1, -1, 0]
F31[1, 1, 2, 1, 1, 0, -1, 0, -1]
F31[1, 1, 2, 1, 1, 0, -1, 0, 0]
F31[1, 1, 2, 1, 1, 0, 0, -2, 0]
F31[1, 1, 2, 1, 1, 0, 0, -1, -1]
F31[1, 1, 2, 1, 1, 0, 0, -1, 0]
F31[1, 1, 2, 1, 1, 0, 0, 0, -2]
F31[1, 1, 2, 1, 1, 0, 0, 0, -1]
F31[1, 1, 2, 1, 1, 0, 0, 0, 0]
F31[-3, 1, 2, 1, 1, 0, 0, 0, 0]
F31[-2, 0, 2, 1, 1, 0, 0, 0, 0]
F31[-2, 1, 1, 1, 1, 0, 0, 0, 0]
F31[-2, 1, 2, 0, 1, 0, 0, 0, 0]
F31[-2, 1, 2, 1, 0, 0, 0, 0, 0]
F31[-2, 1, 2, 1, 1, -1, 0, 0, 0]
F31[-2, 1, 2, 1, 1, 0, -1, 0, 0]
F31[-2, 1, 2, 1, 1, 0, 0, -1, 0]
F31[-2, 1, 2, 1, 1, 0, 0, 0, -1]
F31[-2, 1, 2, 1, 1, 0, 0, 0, 0]
F31[-1, 0, 2, 1, 0, 0, 0, 0, 0]
F31[-1, 0, 2, 1, 1, 0, 0, -1, 0]
F31[-1, 0, 2, 1, 1, 0, 0, 0, 0]
F31[-1, 1, 0, 1, 1, 0, 0, 0, 0]
F31[-1, 1, 1, 1, 1, -1, 0, 0, 0]
F31[-1, 1, 1, 1, 1, 0, 0, -1, 0]
F31[-1, 1, 1, 1, 1, 0, 0, 0, -1]
F31[-1, 1, 1, 1, 1, 0, 0, 0, 0]
F31[-1, 1, 2, 0, 0, 0, 0, 0, 0]
F31[-1, 1, 2, 0, 1, 0, 0, -1, 0]
F31[-1, 1, 2, 0, 1, 0, 0, 0, 0]
F31[-1, 1, 2, 1, 0, -1, 0, 0, 0]
F31[-1, 1, 2, 1, 0, 0, -1, 0, 0]
F31[-1, 1, 2, 1, 0, 0, 0, -1, 0]
F31[-1, 1, 2, 1, 0, 0, 0, 0, -1]
F31[-1, 1, 2, 1, 0, 0, 0, 0, 0]
F31[-1, 1, 2, 1, 1, -1, 0, -1, 0]
F31[-1, 1, 2, 1, 1, -1, 0, 0, 0]
F31[-1, 1, 2, 1, 1, 0, -1, -1, 0]
F31[-1, 1, 2, 1, 1, 0, -1, 0, 0]
F31[-1, 1, 2, 1, 1, 0, 0, -2, 0]
F31[-1, 1, 2, 1, 1, 0, 0, -1, -1]
F31[-1, 1, 2, 1, 1, 0, 0, -1, 0]
F31[-1, 1, 2, 1, 1, 0, 0, 0, -1]
F31[-1, 1, 2, 1, 1, 0, 0, 0, 0]
F31[0, -1, 2, 1, 1, 0, 0, 0, 0]
F31[0, 0, 0, 1, 1, 0, 0, 0, 0]
F31[0, 0, 1, 1, 0, 0, 0, 0, 0]
F31[0, 0, 1, 1, 1, 0, 0, -1, 0]
F31[0, 0, 1, 1, 1, 0, 0, 0, 0]
F31[0, 0, 2, 0, 1, 0, 0, 0, 0]
F31[0, 0, 2, 1, -1, 0, 0, 0, 0]
F31[0, 0, 2, 1, 0, 0, 0, -1, 0]
F31[0, 0, 2, 1, 0, 0, 0, 0, 0]
F31[0, 0, 2, 1, 1, -1, 0, 0, 0]
F31[0, 0, 2, 1, 1, 0, -1, 0, 0]
F31[0, 0, 2, 1, 1, 0, 0, -2, 0]
F31[0, 0, 2, 1, 1, 0, 0, -1, 0]
F31[0, 0, 2, 1, 1, 0, 0, 0, -1]
F31[0, 0, 2, 1, 1, 0, 0, 0, 0]
F31[0, 1, -1, 1, 1, 0, 0, 0, 0]
F31[0, 1, 0, 0, 1, 0, 0, 0, 0]
F31[0, 1, 0, 1, 0, 0, 0, 0, 0]
F31[0, 1, 0, 1, 1, -1, 0, 0, 0]
F31[0, 1, 0, 1, 1, 0, -1, 0, 0]
F31[0, 1, 0, 1, 1, 0, 0, -1, 0]
F31[0, 1, 0, 1, 1, 0, 0, 0, -1]
F31[0, 1, 0, 1, 1, 0, 0, 0, 0]
F31[0, 1, 1, 0, 0, 0, 0, 0, 0]
F31[0, 1, 1, 0, 1, 0, 0, -1, 0]
F31[0, 1, 1, 0, 1, 0, 0, 0, 0]
F31[0, 1, 1, 1, 0, -1, 0, 0, 0]
F31[0, 1, 1, 1, 0, 0, -1, 0, 0]
F31[0, 1, 1, 1, 0, 0, 0, 0, -1]
F31[0, 1, 1, 1, 0, 0, 0, 0, 0]
F31[0, 1, 1, 1, 1, -1, 0, -1, 0]
F31[0, 1, 1, 1, 1, -1, 0, 0, 0]
F31[0, 1, 1, 1, 1, 0, -1, -1, 0]
F31[0, 1, 1, 1, 1, 0, -1, 0, 0]
F31[0, 1, 1, 1, 1, 0, 0, -1, -1]
F31[0, 1, 1, 1, 1, 0, 0, -1, 0]
F31[0, 1, 1, 1, 1, 0, 0, 0, -1]
F31[0, 1, 1, 1, 1, 0, 0, 0, 0]
F31[0, 1, 2, 0, 0, 0, 0, -1, 0]
F31[0, 1, 2, 0, 0, 0, 0, 0, 0]
F31[0, 1, 2, 0, 1, -1, 0, 0, 0]
F31[0, 1, 2, 0, 1, 0, -1, 0, 0]
F31[0, 1, 2, 0, 1, 0, 0, -2, 0]
F31[0, 1, 2, 0, 1, 0, 0, -1, 0]
F31[0, 1, 2, 0, 1, 0, 0, 0, -1]
F31[0, 1, 2, 0, 1, 0, 0, 0, 0]
F31[0, 1, 2, 1, -1, 0, 0, 0, -1]
F31[0, 1, 2, 1, -1, 0, 0, 0, 0]
F31[0, 1, 2, 1, 0, -1, 0, -1, 0]
F31[0, 1, 2, 1, 0, -1, 0, 0, 0]
F31[0, 1, 2, 1, 0, 0, -1, -1, 0]
F31[0, 1, 2, 1, 0, 0, -1, 0, 0]
F31[0, 1, 2, 1, 0, 0, 0, -1, -1]
F31[0, 1, 2, 1, 0, 0, 0, -1, 0]
F31[0, 1, 2, 1, 0, 0, 0, 0, -1]
F31[0, 1, 2, 1, 0, 0, 0, 0, 0]
F31[0, 1, 2, 1, 1, -2, 0, 0, 0]
F31[0, 1, 2, 1, 1, -1, -1, 0, 0]
F31[0, 1, 2, 1, 1, -1, 0, -2, 0]
F31[0, 1, 2, 1, 1, -1, 0, -1, 0]
F31[0, 1, 2, 1, 1, -1, 0, 0, -1]
F31[0, 1, 2, 1, 1, -1, 0, 0, 0]
F31[0, 1, 2, 1, 1, 0, -2, 0, 0]
F31[0, 1, 2, 1, 1, 0, -1, -2, 0]
F31[0, 1, 2, 1, 1, 0, -1, -1, 0]
F31[0, 1, 2, 1, 1, 0, -1, 0, 0]
F31[0, 1, 2, 1, 1, 0, 0, -2, 0]
F31[0, 1, 2, 1, 1, 0, 0, -1, -1]
F31[0, 1, 2, 1, 1, 0, 0, -1, 0]
F31[0, 1, 2, 1, 1, 0, 0, 0, -2]
F31[0, 1, 2, 1, 1, 0, 0, 0, -1]
F31[0, 1, 2, 1, 1, 0, 0, 0, 0]
F31[1, -1, 1, 1, 1, 0, 0, 0, 0]
F31[1, -1, 2, 1, 0, 0, 0, 0, 0]
F31[1, -1, 2, 1, 1, 0, 0, -1, 0]
F31[1, -1, 2, 1, 1, 0, 0, 0, 0]
F31[1, 0, 0, 1, 0, 0, 0, 0, 0]
F31[1, 0, 0, 1, 1, 0, 0, -1, 0]
F31[1, 0, 0, 1, 1, 0, 0, 0, 0]
F31[1, 0, 1, 0, 1, 0, 0, 0, 0]
F31[1, 0, 1, 1, -1, 0, 0, 0, 0]
F31[1, 0, 1, 1, 0, 0, 0, -1, 0]
F31[1, 0, 1, 1, 0, 0, 0, 0, 0]
F31[1, 0, 1, 1, 1, -1, 0, 0, 0]
F31[1, 0, 1, 1, 1, 0, -1, 0, 0]
F31[1, 0, 1, 1, 1, 0, 0, -2, 0]
F31[1, 0, 1, 1, 1, 0, 0, -1, 0]
F31[1, 0, 1, 1, 1, 0, 0, 0, -1]
F31[1, 0, 1, 1, 1, 0, 0, 0, 0]
F31[1, 0, 2, 0, 0, 0, 0, 0, 0]
F31[1, 0, 2, 0, 1, 0, 0, -1, 0]
F31[1, 0, 2, 0, 1, 0, 0, 0, 0]
F31[1, 0, 2, 1, -1, 0, 0, 0, 0]
F31[1, 0, 2, 1, 0, -1, 0, 0, 0]
F31[1, 0, 2, 1, 0, 0, -1, 0, 0]
F31[1, 0, 2, 1, 0, 0, 0, -1, 0]
F31[1, 0, 2, 1, 0, 0, 0, 0, -1]
F31[1, 0, 2, 1, 0, 0, 0, 0, 0]
F31[1, 0, 2, 1, 1, -1, 0, -1, 0]
F31[1, 0, 2, 1, 1, -1, 0, 0, 0]
F31[1, 0, 2, 1, 1, 0, -1, -1, 0]
F31[1, 0, 2, 1, 1, 0, -1, 0, 0]
F31[1, 0, 2, 1, 1, 0, 0, -2, 0]
F31[1, 0, 2, 1, 1, 0, 0, -1, -1]
F31[1, 0, 2, 1, 1, 0, 0, -1, 0]
F31[1, 0, 2, 1, 1, 0, 0, 0, -1]
F31[1, 0, 2, 1, 1, 0, 0, 0, 0]
F31[1, 1, -1, 1, 1, 0, 0, -1, 0]
F31[1, 1, -1, 1, 1, 0, 0, 0, 0]
F31[1, 1, 0, 0, 1, 0, 0, -1, 0]
F31[1, 1, 0, 0, 1, 0, 0, 0, 0]
F31[1, 1, 0, 1, 0, 0, 0, -1, 0]
F31[1, 1, 0, 1, 0, 0, 0, 0, -1]
F31[1, 1, 0, 1, 0, 0, 0, 0, 0]
F31[1, 1, 0, 1, 1, -1, 0, -1, 0]
F31[1, 1, 0, 1, 1, -1, 0, 0, 0]
F31[1, 1, 0, 1, 1, 0, -1, -1, 0]
F31[1, 1, 0, 1, 1, 0, -1, 0, 0]
F31[1, 1, 0, 1, 1, 0, 0, -2, 0]
F31[1, 1, 0, 1, 1, 0, 0, -1, 0]
F31[1, 1, 0, 1, 1, 0, 0, 0, -1]
F31[1, 1, 0, 1, 1, 0, 0, 0, 0]
F31[1, 1, 1, -1, 1, 0, 0, 0, 0]
F31[1, 1, 1, 0, 0, 0, 0, -1, 0]
F31[1, 1, 1, 0, 0, 0, 0, 0, 0]
F31[1, 1, 1, 0, 1, -1, 0, 0, 0]
F31[1, 1, 1, 0, 1, 0, -1, 0, 0]
F31[1, 1, 1, 0, 1, 0, 0, -2, 0]
F31[1, 1, 1, 0, 1, 0, 0, -1, 0]
F31[1, 1, 1, 0, 1, 0, 0, 0, -1]
F31[1, 1, 1, 0, 1, 0, 0, 0, 0]
F31[1, 1, 1, 1, -1, 0, 0, 0, -1]
F31[1, 1, 1, 1, -1, 0, 0, 0, 0]
F31[1, 1, 1, 1, 0, -1, 0, -1, 0]
F31[1, 1, 1, 1, 0, -1, 0, 0, 0]
F31[1, 1, 1, 1, 0, 0, -1, -1, 0]
F31[1, 1, 1, 1, 0, 0, -1, 0, 0]
F31[1, 1, 1, 1, 0, 0, 0, -1, -1]
F31[1, 1, 1, 1, 0, 0, 0, -1, 0]
F31[1, 1, 1, 1, 0, 0, 0, 0, -1]
F31[1, 1, 1, 1, 0, 0, 0, 0, 0]
F31[1, 1, 1, 1, 1, -2, 0, 0, 0]
F31[1, 1, 1, 1, 1, -1, -1, 0, 0]
F31[1, 1, 1, 1, 1, -1, 0, -2, 0]
F31[1, 1, 1, 1, 1, -1, 0, -1, 0]
F31[1, 1, 1, 1, 1, -1, 0, 0, -1]
F31[1, 1, 1, 1, 1, -1, 0, 0, 0]
F31[1, 1, 1, 1, 1, 0, -2, 0, 0]
F31[1, 1, 1, 1, 1, 0, -1, -2, 0]
F31[1, 1, 1, 1, 1, 0, -1, -1, 0]
F31[1, 1, 1, 1, 1, 0, -1, 0, -1]
F31[1, 1, 1, 1, 1, 0, -1, 0, 0]
F31[1, 1, 1, 1, 1, 0, 0, -2, 0]
F31[1, 1, 1, 1, 1, 0, 0, -1, -1]
F31[1, 1, 1, 1, 1, 0, 0, -1, 0]
F31[1, 1, 1, 1, 1, 0, 0, 0, -2]
F31[1, 1, 1, 1, 1, 0, 0, 0, -1]
F31[1, 1, 1, 1, 1, 0, 0, 0, 0]
F31[1, 1, 2, -1, 0, 0, 0, 0, 0]
F31[1, 1, 2, 0, -1, 0, 0, 0, 0]
F31[1, 1, 2, 0, 0, -1, 0, 0, 0]
F31[1, 1, 2, 0, 0, 0, -1, 0, 0]
F31[1, 1, 2, 0, 0, 0, 0, -1, 0]
F31[1, 1, 2, 0, 0, 0, 0, 0, -1]
F31[1, 1, 2, 0, 0, 0, 0, 0, 0]
F31[1, 1, 2, 0, 1, -1, 0, -1, 0]
F31[1, 1, 2, 0, 1, -1, 0, 0, 0]
F31[1, 1, 2, 0, 1, 0, -1, -1, 0]
F31[1, 1, 2, 0, 1, 0, -1, 0, 0]
F31[1, 1, 2, 0, 1, 0, 0, -2, 0]
F31[1, 1, 2, 0, 1, 0, 0, -1, -1]
F31[1, 1, 2, 0, 1, 0, 0, -1, 0]
F31[1, 1, 2, 0, 1, 0, 0, 0, 0]
F31[1, 1, 2, 1, -1, 0, -1, 0, 0]
F31[1, 1, 2, 1, -1, 0, 0, 0, -1]
F31[1, 1, 2, 1, -1, 0, 0, 0, 0]
F31[1, 1, 2, 1, 0, -1, -1, 0, 0]
F31[1, 1, 2, 1, 0, -1, 0, -1, 0]
F31[1, 1, 2, 1, 0, -1, 0, 0, 0]
F31[1, 1, 2, 1, 0, 0, -2, 0, 0]
F31[1, 1, 2, 1, 0, 0, -1, -1, 0]
F31[1, 1, 2, 1, 0, 0, -1, 0, -1]
F31[1, 1, 2, 1, 0, 0, -1, 0, 0]
F31[1, 1, 2, 1, 0, 0, 0, -1, -1]
F31[1, 1, 2, 1, 0, 0, 0, -1, 0]
F31[1, 1, 2, 1, 0, 0, 0, 0, -1]
F31[1, 1, 2, 1, 0, 0, 0, 0, 0]
F31[1, 1, 2, 1, 1, -2, 0, 0, 0]
F31[1, 1, 2, 1, 1, -1, -1, -1, 0]
F31[1, 1, 2, 1, 1, -1, -1, 0, 0]
F31[1, 1, 2, 1, 1, -1, 0, -2, 0]
F31[1, 1, 2, 1, 1, -1, 0, -1, 0]
F31[1, 1, 2, 1, 1, -1, 0, 0, -1]
F31[1, 1, 2, 1, 1, -1, 0, 0, 0]
F31[1, 1, 2, 1, 1, 0, -2, -1, 0]
F31[1, 1, 2, 1, 1, 0, -2, 0, 0]
F31[1, 1, 2, 1, 1, 0, -1, -2, 0]
F31[1, 1, 2, 1, 1, 0, -1, -1, 0]
F31[1, 1, 2, 1, 1, 0, -1, 0, -1]
F31[1, 1, 2, 1, 1, 0, -1, 0, 0]
F31[1, 1, 2, 1, 1, 0, 0, -2, 0]
F31[1, 1, 2, 1, 1, 0, 0, -1, -1]
F31[1, 1, 2, 1, 1, 0, 0, -1, 0]
F31[1, 1, 2, 1, 1, 0, 0, 0, -2]
F31[1, 1, 2, 1, 1, 0, 0, 0, -1]
F31[1, 1, 2, 1, 1, 0, 0, 0, 0]
F31[-1, 0, 1, 1, 1, 0, 0, 0, 0]
F31[-1, 1, 1, 0, 1, 0, 0, 0, 0]
F31[-1, 1, 1, 1, 0, 0, 0, 0, 0]
F31[-1, 1, 1, 1, 1, 0, -1, 0, 0]
F31[-1, 1, 2, 1, -1, 0, 0, 0, 0]
F31[0, 1, 1, 1, -1, 0, 0, 0, 0]
F31[0, 1, 1, 1, 0, 0, 0, -1, 0]
F31[0, 1, 1, 1, 1, 0, 0, -2, 0]
F31[0, 1, 2, 0, -1, 0, 0, 0, 0]
F31[0, 1, 2, 1, -1, 0, -1, 0, 0]
F31[0, 1, 2, 1, -1, 0, 0, -1, 0]
F31[0, 1, 2, 1, 0, 0, 0, -2, 0]
F31[1, 0, 2, 1, -1, 0, 0, -1, 0]
F31[1, 0, 2, 1, 0, 0, 0, -2, 0]
F31[1, 1, 1, 1, -1, 0, 0, -1, 0]
F31[1, 1, 1, 1, 0, 0, 0, -2, 0]
F31[1, 1, 2, 0, -1, 0, 0, -1, 0]
F31[1, 1, 2, 0, 0, 0, 0, -2, 0]
F31[1, 1, 2, 1, -1, 0, -1, -1, 0]
F31[1, 1, 2, 1, -1, 0, 0, -1, 0]
F31[1, 1, 2, 1, 0, 0, -1, -2, 0]
F31[1, 1, 2, 1, 0, 0, 0, -2, 0]
F31[-1, 0, 1, 1, 1, 0, 0, 0, 0]
F31[-1, 1, 1, 0, 1, 0, 0, 0, 0]
F31[-1, 1, 1, 1, 0, 0, 0, 0, 0]
F31[-1, 1, 1, 1, 1, 0, -1, 0, 0]
F31[-1, 1, 2, 1, -1, 0, 0, 0, 0]
F31[0, 1, 1, 1, -1, 0, 0, 0, 0]
F31[0, 1, 1, 1, 0, 0, 0, -1, 0]
F31[0, 1, 1, 1, 1, 0, 0, -2, 0]
F31[0, 1, 2, 0, -1, 0, 0, 0, 0]
F31[0, 1, 2, 1, -1, 0, -1, 0, 0]
F31[0, 1, 2, 1, -1, 0, 0, -1, 0]
F31[0, 1, 2, 1, 0, 0, 0, -2, 0]
F31[1, 0, 2, 1, -1, 0, 0, -1, 0]
F31[1, 0, 2, 1, 0, 0, 0, -2, 0]
F31[1, 1, 1, 1, -1, 0, 0, -1, 0]
F31[1, 1, 1, 1, 0, 0, 0, -2, 0]
F31[1, 1, 2, 0, -1, 0, 0, -1, 0]
F31[1, 1, 2, 0, 0, 0, 0, -2, 0]
F31[1, 1, 2, 1, -1, 0, -1, -1, 0]
F31[1, 1, 2, 1, -1, 0, 0, -1, 0]
F31[1, 1, 2, 1, 0, 0, -1, -2, 0]
F31[1, 1, 2, 1, 0, 0, 0, -2, 0]