D42[-1, 1, 1, 0, 1, 1, 0, 0, 0]
D42[-1, 1, 1, 1, 1, 0, 0, 0, 0]
D42[0, 0, 1, 0, 1, 1, 0, 0, 0]
D42[0, 0, 1, 1, 1, 0, 0, 0, 0]
D42[0, 1, 0, 0, 1, 1, 0, 0, 0]
D42[0, 1, 0, 1, 1, 0, 0, 0, 0]
D42[0, 1, 1, -1, 1, 1, 0, 0, 0]
D42[0, 1, 1, 0, 0, 1, 0, 0, 0]
D42[0, 1, 1, 0, 1, 0, 0, 0, 0]
D42[0, 1, 1, 0, 1, 1, -1, 0, 0]
D42[0, 1, 1, 0, 1, 1, 0, -1, 0]
D42[0, 1, 1, 0, 1, 1, 0, 0, -1]
D42[0, 1, 1, 0, 1, 1, 0, 0, 0]
D42[0, 1, 1, 1, 0, 0, 0, 0, 0]
D42[0, 1, 1, 1, 1, -1, 0, 0, 0]
D42[0, 1, 1, 1, 1, 0, -1, 0, 0]
D42[0, 1, 1, 1, 1, 0, 0, -1, 0]
D42[0, 1, 1, 1, 1, 0, 0, 0, -1]
D42[0, 1, 1, 1, 1, 0, 0, 0, 0]
D42[1, -1, 1, 0, 1, 1, 0, 0, 0]
D42[1, -1, 1, 1, 1, 0, 0, 0, 0]
D42[1, 0, 0, 0, 1, 1, 0, 0, 0]
D42[1, 0, 0, 1, 1, 0, 0, 0, 0]
D42[1, 0, 1, -1, 1, 1, 0, 0, 0]
D42[1, 0, 1, 0, 0, 1, 0, 0, 0]
D42[1, 0, 1, 0, 1, 0, 0, 0, 0]
D42[1, 0, 1, 0, 1, 1, -1, 0, 0]
D42[1, 0, 1, 0, 1, 1, 0, -1, 0]
D42[1, 0, 1, 0, 1, 1, 0, 0, -1]
D42[1, 0, 1, 0, 1, 1, 0, 0, 0]
D42[1, 0, 1, 1, 0, 0, 0, 0, 0]
D42[1, 0, 1, 1, 1, -1, 0, 0, 0]
D42[1, 0, 1, 1, 1, 0, -1, 0, 0]
D42[1, 0, 1, 1, 1, 0, 0, -1, 0]
D42[1, 0, 1, 1, 1, 0, 0, 0, -1]
D42[1, 0, 1, 1, 1, 0, 0, 0, 0]
D42[1, 1, 0, -1, 1, 1, 0, 0, 0]
D42[1, 1, 0, 0, 0, 1, 0, 0, 0]
D42[1, 1, 0, 0, 1, 0, 0, 0, 0]
D42[1, 1, 0, 0, 1, 1, 0, 0, -1]
D42[1, 1, 0, 0, 1, 1, 0, 0, 0]
D42[1, 1, 0, 1, 0, 0, 0, 0, 0]
D42[1, 1, 0, 1, 1, -1, 0, 0, 0]
D42[1, 1, 0, 1, 1, 0, 0, 0, -1]
D42[1, 1, 0, 1, 1, 0, 0, 0, 0]
D42[1, 1, 1, -1, 0, 1, 0, 0, 0]
D42[1, 1, 1, -1, 1, 1, -1, 0, 0]
D42[1, 1, 1, -1, 1, 1, 0, -1, 0]
D42[1, 1, 1, -1, 1, 1, 0, 0, 0]
D42[1, 1, 1, 0, 0, 0, 0, 0, 0]
D42[1, 1, 1, 0, 0, 1, -1, 0, 0]
D42[1, 1, 1, 0, 0, 1, 0, -1, 0]
D42[1, 1, 1, 0, 0, 1, 0, 0, -1]
D42[1, 1, 1, 0, 0, 1, 0, 0, 0]
D42[1, 1, 1, 0, 1, 0, -1, 0, 0]
D42[1, 1, 1, 0, 1, 0, 0, -1, 0]
D42[1, 1, 1, 0, 1, 0, 0, 0, 0]
D42[1, 1, 1, 0, 1, 1, -1, 0, 0]
D42[1, 1, 1, 0, 1, 1, 0, -1, 0]
D42[1, 1, 1, 0, 1, 1, 0, 0, -1]
D42[1, 1, 1, 0, 1, 1, 0, 0, 0]
D42[1, 1, 1, 1, 0, -1, 0, 0, 0]
D42[1, 1, 1, 1, 0, 0, -1, 0, 0]
D42[1, 1, 1, 1, 0, 0, 0, -1, 0]
D42[1, 1, 1, 1, 0, 0, 0, 0, -1]
D42[1, 1, 1, 1, 0, 0, 0, 0, 0]
D42[1, 1, 1, 1, 1, -1, 0, 0, 0]
D42[1, 1, 1, 1, 1, 0, -1, 0, 0]
D42[1, 1, 1, 1, 1, 0, 0, -1, 0]
D42[1, 1, 1, 1, 1, 0, 0, 0, -1]
D42[1, 1, 1, 1, 1, 0, 0, 0, 0]
D42[-1, 0, 1, 1, 1, 1, 0, 0, 0]
D42[-1, 1, 1, 0, 1, 1, 0, 0, 0]
D42[-1, 1, 1, 1, 1, 0, 0, 0, 0]
D42[-1, 1, 1, 1, 1, 1, 0, 0, -1]
D42[-1, 1, 1, 1, 1, 1, 0, 0, 0]
D42[0, 0, 0, 1, 1, 1, 0, 0, 0]
D42[0, 0, 1, 1, 1, 1, -1, 0, 0]
D42[0, 0, 1, 1, 1, 1, 0, -1, 0]
D42[0, 0, 1, 1, 1, 1, 0, 0, 0]
D42[0, 1, 0, 0, 1, 1, 0, 0, 0]
D42[0, 1, 0, 1, 1, 0, 0, 0, 0]
D42[0, 1, 0, 1, 1, 1, 0, 0, -1]
D42[0, 1, 1, 0, 1, 1, -1, 0, 0]
D42[0, 1, 1, 0, 1, 1, 0, -1, 0]
D42[0, 1, 1, 0, 1, 1, 0, 0, 0]
D42[0, 1, 1, 1, 1, 0, 0, 0, 0]
D42[0, 1, 1, 1, 1, 1, -1, 0, 0]
D42[0, 1, 1, 1, 1, 1, 0, -1, 0]
D42[0, 1, 1, 1, 1, 1, 0, 0, -1]
D42[0, 1, 1, 1, 1, 1, 0, 0, 0]
D42[-2, 1, 1, 1, 1, 1, 0, 0, 0]
D42[-2, 1, 1, 2, 1, 0, 0, 0, 0]
D42[-1, 0, 1, 2, 1, 0, 0, 0, 0]
D42[-1, 1, 0, 1, 1, 1, 0, 0, 0]
D42[-1, 1, 0, 2, 1, 0, 0, 0, 0]
D42[-1, 1, 1, 1, 0, 1, 0, 0, 0]
D42[-1, 1, 1, 1, 1, 1, -1, 0, 0]
D42[-1, 1, 1, 1, 1, 1, 0, -1, 0]
D42[-1, 1, 1, 2, 0, 0, 0, 0, 0]
D42[-1, 1, 1, 2, 1, -1, 0, 0, 0]
D42[-1, 1, 1, 2, 1, 0, -1, 0, 0]
D42[-1, 1, 1, 2, 1, 0, 0, -1, 0]
D42[-1, 1, 1, 2, 1, 0, 0, 0, -1]
D42[-1, 1, 1, 2, 1, 0, 0, 0, 0]
D42[0, -1, 1, 1, 1, 1, 0, 0, 0]
D42[0, -1, 1, 2, 1, 0, 0, 0, 0]
D42[0, 0, 0, 2, 1, 0, 0, 0, 0]
D42[0, 0, 1, 0, 1, 1, 0, 0, 0]
D42[0, 0, 1, 1, 1, 0, 0, 0, 0]
D42[0, 0, 1, 1, 1, 1, 0, 0, -1]
D42[0, 0, 1, 2, 1, -1, 0, 0, 0]
D42[0, 0, 1, 2, 1, 0, -1, 0, 0]
D42[0, 0, 1, 2, 1, 0, 0, -1, 0]
D42[0, 0, 1, 2, 1, 0, 0, 0, -1]
D42[0, 0, 1, 2, 1, 0, 0, 0, 0]
D42[0, 1, 0, 1, 0, 1, 0, 0, 0]
D42[0, 1, 0, 1, 1, 1, 0, 0, 0]
D42[0, 1, 0, 2, 0, 0, 0, 0, 0]
D42[0, 1, 0, 2, 1, -1, 0, 0, 0]
D42[0, 1, 0, 2, 1, 0, 0, 0, -1]
D42[0, 1, 0, 2, 1, 0, 0, 0, 0]
D42[0, 1, 1, 1, 0, 1, -1, 0, 0]
D42[0, 1, 1, 1, 0, 1, 0, -1, 0]
D42[0, 1, 1, 1, 0, 1, 0, 0, 0]
D42[0, 1, 1, 1, 1, 0, -1, 0, 0]
D42[0, 1, 1, 1, 1, 0, 0, -1, 0]
D42[0, 1, 1, 2, 0, 0, -1, 0, 0]
D42[0, 1, 1, 2, 0, 0, 0, -1, 0]
D42[0, 1, 1, 2, 0, 0, 0, 0, 0]
D42[0, 1, 1, 2, 1, -1, 0, 0, 0]
D42[0, 1, 1, 2, 1, 0, -1, 0, 0]
D42[0, 1, 1, 2, 1, 0, 0, -1, 0]
D42[0, 1, 1, 2, 1, 0, 0, 0, -1]
D42[0, 1, 1, 2, 1, 0, 0, 0, 0]