0
18 6
5 17
1 -1 -1 0 1 0 0 0 1 2*m1^2 
1 0 0 0 0 0 0 0 0 0 
0 0 0 0 1 0 0 0 0 0 
1 0 1 0 0 -1 0 0 0 s 
2 -2 0 0 2 0 0 0 1 -m2^2+4*m1^2 
0 1 -1 -1 1 1 0 0 0 s 
2 0 0 0 0 0 0 -1 0 2*m1^2 
0 0 -1 0 1 0 -1 1 1 m1^2 
2 0 -1 0 0 0 0 0 0 2*m1^2 

0
18 7
5 21
0 0 1 0 0 0 0 0 0 0 
0 0 0 0 1 0 0 0 0 0 
1 0 0 0 0 0 0 0 0 0 
0 -1 1 1 1 -1 0 0 0 s 
0 2 0 0 0 0 0 0 -1 -m2^2 
1 0 1 0 0 -1 0 0 0 s 
1 -1 0 0 1 0 1 -1 0 2*m1^2+t 
1 0 1 0 0 0 0 -1 0 m1^2+t 
1 -1 -1 0 1 0 0 0 1 2*m1^2 

0
18 12
5 17
2 0 -1 0 0 0 0 0 0 2*m1^2 
0 1 -1 -1 1 1 0 0 0 s 
1 0 0 0 0 0 0 0 0 0 
0 0 0 0 1 0 0 0 0 0 
2 -1 -2 -1 2 2 0 0 1 s-m2^2+4*m1^2 
1 0 -1 0 0 1 0 0 0 s 
1 0 -1 -1 1 1 1 -1 0 2*s+2*m1^2+t 
1 0 -1 0 0 0 0 1 0 m1^2+t 
1 0 -2 -1 1 1 0 0 1 2*s+2*m1^2 

0
18 13
5 21
0 0 1 0 0 0 0 0 0 0 
0 1 -1 -1 1 1 0 0 0 s 
1 0 0 0 0 0 0 0 0 0 
0 0 0 0 1 0 0 0 0 0 
0 3 0 -1 0 0 0 0 -1 s-m2^2 
1 0 1 0 0 -1 0 0 0 s 
1 0 -1 -1 1 1 1 -1 0 2*s+2*m1^2+t 
1 0 1 0 0 0 0 -1 0 m1^2+t 
1 0 -2 -1 1 1 0 0 1 2*s+2*m1^2 

0
18 14
8 26
1 -1 -1 0 1 0 0 0 1 0 
0 0 0 1 0 0 0 0 0 0 
0 0 0 0 1 0 0 0 0 0 
0 1 0 0 0 0 0 0 0 0 
0 0 0 0 0 1 0 0 0 -m2^2 
0 1 -1 -1 1 1 0 0 0 s 
0 1 0 1 0 0 -1 0 0 s+2*m1^2 
0 0 -1 0 1 0 -1 1 1 m1^2 
0 1 0 1 0 0 0 0 -1 s+2*m1^2 

0
18 15
9 15
0 0 1 0 0 0 0 0 0 0 
0 1 0 0 0 0 0 0 0 0 
1 0 0 0 0 0 0 0 0 0 
0 0 0 1 0 0 0 0 0 0 
1 3 1 0 -1 0 0 0 -1 -m2^2+4*m1^2 
1 0 1 0 0 -1 0 0 0 s 
0 0 0 0 0 0 1 0 0 0 
1 0 1 0 0 0 0 -1 0 m1^2+t 
0 0 0 0 0 0 0 0 1 0 

0
18 18
11 3
0 2 2 0 -1 0 0 0 0 2*m2^2 
1 0 0 0 0 0 0 0 0 0 
1 3 1 0 -1 0 0 0 -1 3*m2^2 
1 0 1 0 0 -1 0 0 0 s 
0 1 0 0 0 0 0 0 0 0 
1 4 2 -1 -1 -1 0 0 -1 2*s+3*m2^2 
2 0 0 0 0 0 0 -1 0 2*m1^2 
1 3 2 0 -1 0 -1 -1 0 3*m2^2+m1^2+t 
2 0 -1 0 0 0 0 0 0 2*m1^2 

0
18 19
11 19
0 0 0 0 1 0 0 0 0 0 
1 0 0 0 0 0 0 0 0 0 
1 -1 -1 0 1 0 0 0 1 -m2^2 
1 0 1 0 0 -1 0 0 0 s 
0 1 0 0 0 0 0 0 0 0 
1 -2 0 1 1 -1 0 0 1 -m2^2 
2 0 0 0 0 0 0 -1 0 2*m1^2 
1 -1 0 0 1 0 1 -1 0 -m2^2+m1^2+t 
2 0 -1 0 0 0 0 0 0 2*m1^2 

0
18 20
11 3
2 0 -1 0 0 0 0 0 0 2*m1^2 
1 3 1 0 -1 0 0 0 -1 3*m2^2 
1 0 0 0 0 0 0 0 0 0 
1 2 0 1 -1 1 0 0 -1 3*m2^2 
0 1 0 0 0 0 0 0 0 0 
1 0 -1 0 0 1 0 0 0 s 
0 2 1 0 -1 0 1 1 -1 2*m2^2 
1 0 -1 0 0 0 0 1 0 m1^2+t 
0 2 2 0 -1 0 0 0 0 2*m2^2 

0
18 21
11 7
0 0 1 0 0 0 0 0 0 0 
1 -1 -1 0 1 0 0 0 1 -m2^2 
1 0 0 0 0 0 0 0 0 0 
1 -2 0 1 1 -1 0 0 1 -m2^2 
0 1 0 0 0 0 0 0 0 0 
1 0 1 0 0 -1 0 0 0 s 
2 -2 -1 0 1 0 1 -1 1 -2*m2^2+2*m1^2 
1 0 1 0 0 0 0 -1 0 m1^2+t 
2 -2 -2 0 1 0 0 0 2 -2*m2^2+2*m1^2 

0
18 22
14 56
1 -1 -1 0 1 0 0 0 1 0 
0 0 0 1 0 0 0 0 0 0 
0 0 0 0 1 0 0 0 0 0 
0 1 0 0 0 0 0 0 0 0 
0 0 0 0 0 1 0 0 0 0 
0 1 -1 -1 1 1 0 0 0 s+m2^2 
0 1 0 1 0 0 -1 0 0 s+2*m1^2 
0 0 -1 0 1 0 -1 1 1 m1^2 
0 1 0 1 0 0 0 0 -1 s+2*m1^2 

0
18 23
16 57
1 0 0 0 0 0 0 0 0 0 
0 0 0 0 0 1 0 0 0 0 
0 0 0 1 0 0 0 0 0 0 
0 0 1 0 0 0 0 0 0 0 
0 0 0 0 1 0 0 0 0 0 
0 -2 1 1 1 -1 1 0 0 s+m2^2 
1 1 0 0 0 1 0 -1 -1 s+m1^2 
2 0 0 0 0 0 0 -1 0 0 
-1 -1 0 1 0 1 1 0 0 s+2*m1^2 

0
18 24
11 3
0 1 1 1 -1 1 0 0 0 -s+2*m2^2 
1 0 -1 0 0 1 0 0 0 s 
1 2 0 1 -1 1 0 0 -1 3*m2^2 
1 0 0 0 0 0 0 0 0 0 
0 1 0 0 0 0 0 0 0 0 
1 3 1 0 -1 0 0 0 -1 3*m2^2 
2 0 -1 0 0 1 0 -1 0 2*s+2*m1^2 
1 2 1 1 -1 1 -1 -1 0 3*m2^2+m1^2+t 
2 0 -2 0 0 1 0 0 0 2*s+2*m1^2 

1
18 25
11 19
0 0 0 0 1 0 0 0 0 0 
0 0 1 0 0 0 0 0 0 0 
0 0 1 0 0 0 0 0 0 0 
1 0 0 0 0 0 0 0 0 0 
0 1 0 0 0 0 0 0 0 0 
0 0 1 0 0 0 0 0 0 0 
0 0 1 0 0 0 0 0 0 0 
0 0 1 0 0 0 0 0 0 0 
0 0 1 0 0 0 0 0 0 0 

0
18 26
12 11
2 -3 -1 1 1 -1 0 0 2 -s+2*m2^2-2*m1^2 
0 0 0 1 0 0 0 0 0 0 
1 -2 0 1 1 -1 0 0 1 m2^2-2*m1^2 
0 1 0 0 0 0 0 0 0 0 
1 0 0 0 0 0 0 0 0 0 
1 -1 -1 0 1 0 0 0 1 m2^2-2*m1^2 
0 1 0 1 0 0 -1 0 0 s+2*m1^2 
1 -2 -1 1 1 -1 -1 1 2 m2^2-m1^2+t 
0 1 0 1 0 0 0 0 -1 s+2*m1^2 

0
18 27
12 27
0 0 0 0 1 0 0 0 0 0 
0 1 0 0 0 0 0 0 0 0 
1 -1 -1 0 1 0 0 0 1 m2^2-2*m1^2 
0 0 0 1 0 0 0 0 0 0 
1 0 0 0 0 0 0 0 0 0 
1 -2 0 1 1 -1 0 0 1 m2^2-2*m1^2 
0 0 0 0 0 0 1 0 0 0 
1 -1 0 0 1 0 1 -1 0 m2^2-m1^2+t 
0 0 0 0 0 0 0 0 1 0 

0
18 28
14 50
0 2 0 0 0 0 0 0 -1 2*m1^2 
0 1 -1 -1 1 1 0 0 0 s+m2^2 
0 1 0 0 0 0 0 0 0 0 
0 0 0 0 1 0 0 0 0 0 
0 0 0 0 0 1 0 0 0 0 
0 0 0 1 0 0 0 0 0 0 
1 0 -1 -1 1 1 1 -1 0 2*s+m2^2+t 
0 1 0 0 0 0 1 0 -1 m1^2+t 
1 0 -2 -1 1 1 0 0 1 2*s+m2^2 

0
18 29
16 29
1 0 0 0 0 0 0 0 0 0 
0 0 0 0 0 1 0 0 0 0 
0 0 0 1 0 0 0 0 0 0 
0 0 1 0 0 0 0 0 0 0 
0 0 0 0 1 0 0 0 0 0 
0 -2 1 1 1 -1 1 0 0 s+m2^2 
1 1 0 0 0 1 0 -1 -1 s+m1^2 
2 0 0 0 0 0 0 -1 0 0 
-1 -1 0 1 0 1 1 0 0 s+2*m1^2 

0
18 30
14 58
1 -1 -1 0 1 0 0 0 1 0 
0 0 0 1 0 0 0 0 0 0 
0 0 0 0 1 0 0 0 0 0 
0 1 0 0 0 0 0 0 0 0 
0 0 0 0 0 1 0 0 0 0 
0 1 -1 -1 1 1 0 0 0 s+m2^2 
0 1 0 1 0 0 -1 0 0 s+2*m1^2 
0 0 -1 0 1 0 -1 1 1 m1^2 
0 1 0 1 0 0 0 0 -1 s+2*m1^2 

0
18 31
16 61
1 0 0 0 0 0 0 0 0 0 
0 0 0 0 0 1 0 0 0 0 
0 0 0 1 0 0 0 0 0 0 
0 0 1 0 0 0 0 0 0 0 
0 0 0 0 1 0 0 0 0 0 
0 -2 1 1 1 -1 1 0 0 s+m2^2 
1 1 0 0 0 1 0 -1 -1 s+m1^2 
2 0 0 0 0 0 0 -1 0 0 
-1 -1 0 1 0 1 1 0 0 s+2*m1^2 

0
18 34
5 17
1 -2 0 1 1 -1 0 0 1 2*m1^2 
1 0 0 0 0 0 0 0 0 0 
0 -1 1 1 1 -1 0 0 0 s 
1 0 1 0 0 -1 0 0 0 s 
2 -3 2 1 2 -2 0 0 1 s-m2^2+4*m1^2 
0 0 0 0 1 0 0 0 0 0 
2 0 0 0 0 0 0 -1 0 2*m1^2 
0 -1 0 1 1 -1 -1 1 1 s+m1^2 
2 0 -1 0 0 0 0 0 0 2*m1^2 

1
18 35
5 21
0 0 1 0 0 0 0 0 0 0 
0 0 0 0 1 0 0 0 0 0 
0 1 0 0 0 0 0 0 0 0 
0 1 0 0 0 0 0 0 0 0 
0 1 0 0 0 0 0 0 0 0 
1 0 0 0 0 0 0 0 0 0 
0 1 0 0 0 0 0 0 0 0 
0 1 0 0 0 0 0 0 0 0 
0 1 0 0 0 0 0 0 0 0 

0
18 38
8 26
0 -1 0 1 0 0 0 0 1 -s 
0 0 0 0 1 0 0 0 0 0 
0 0 0 1 0 0 0 0 0 0 
0 -1 1 1 1 -1 0 0 0 s 
0 0 0 2 2 -1 0 0 0 -m2^2+4*m1^2 
0 1 0 0 0 0 0 0 0 0 
1 -1 0 0 1 0 1 -1 0 t 
0 0 0 1 0 0 -1 0 1 m1^2+t 
1 -1 -1 0 1 0 0 0 1 0 

0
18 39
13 39
1 0 0 0 0 0 0 0 0 0 
0 1 0 0 0 0 0 0 0 0 
0 0 1 0 0 0 0 0 0 0 
0 0 0 1 0 0 0 0 0 0 
0 0 0 0 1 0 0 0 0 -m2^2 
0 0 0 0 0 1 0 0 0 0 
0 0 0 0 0 0 1 0 0 0 
0 0 0 0 0 0 0 1 0 0 
0 0 0 0 0 0 0 0 1 0 

0
18 40
5 17
1 -2 0 1 1 -1 0 0 1 2*m1^2 
1 0 -1 0 0 1 0 0 0 s 
0 -1 1 1 1 -1 0 0 0 s 
1 0 0 0 0 0 0 0 0 0 
2 -2 0 0 2 0 0 0 1 -m2^2+4*m1^2 
0 0 0 0 1 0 0 0 0 0 
2 0 -1 0 0 1 0 -1 0 2*s+2*m1^2 
0 -1 0 1 1 -1 -1 1 1 s+m1^2 
2 0 -2 0 0 1 0 0 0 2*s+2*m1^2 

1
18 41
5 21
0 0 1 0 0 0 0 0 0 0 
0 1 0 0 0 0 0 0 0 0 
0 1 0 0 0 0 0 0 0 0 
0 0 0 0 1 0 0 0 0 0 
0 1 0 0 0 0 0 0 0 0 
1 0 0 0 0 0 0 0 0 0 
0 1 0 0 0 0 0 0 0 0 
0 1 0 0 0 0 0 0 0 0 
0 1 0 0 0 0 0 0 0 0 

0
18 42
8 26
1 -2 0 1 1 -1 0 0 1 0 
0 1 0 0 0 0 0 0 0 0 
0 -1 1 1 1 -1 0 0 0 s 
0 0 0 1 0 0 0 0 0 0 
0 0 0 2 2 -1 0 0 0 -m2^2+4*m1^2 
0 0 0 0 1 0 0 0 0 0 
0 0 0 0 0 0 1 0 0 0 
0 -1 0 1 1 -1 -1 1 1 s+m1^2 
0 0 0 0 0 0 0 0 1 0 

1
18 43
9 15
0 0 1 0 0 0 0 0 0 0 
0 1 0 0 0 0 0 0 0 0 
0 0 0 0 1 0 0 0 0 0 
0 0 0 1 0 0 0 0 0 0 
0 0 0 0 1 0 0 0 0 0 
1 0 0 0 0 0 0 0 0 0 
0 0 0 0 1 0 0 0 0 0 
0 0 0 0 1 0 0 0 0 0 
0 0 0 0 1 0 0 0 0 0 

0
18 44
8 26
0 -1 0 1 0 0 0 0 1 -s 
0 1 -1 -1 1 1 0 0 0 s 
0 0 0 1 0 0 0 0 0 0 
0 0 0 0 1 0 0 0 0 0 
0 2 -1 0 2 0 0 0 0 -m2^2+4*m1^2 
0 1 0 0 0 0 0 0 0 0 
1 0 -1 -1 1 1 1 -1 0 2*s+t 
0 0 0 1 0 0 -1 0 1 m1^2+t 
1 0 -2 -1 1 1 0 0 1 2*s 

0
18 45
13 39
1 0 0 0 0 0 0 0 0 0 
0 2 0 -1 0 0 0 0 0 2*s 
0 0 1 0 0 0 0 0 0 0 
0 1 0 0 0 0 0 0 0 0 
0 1 -1 -1 1 1 0 0 0 s-m2^2 
0 0 0 0 0 1 0 0 0 0 
0 1 0 -1 0 0 1 0 0 3*s 
0 0 0 0 0 0 0 1 0 0 
0 1 0 -1 0 0 0 0 1 3*s 

0
18 46
13 46
1 0 0 0 0 0 0 0 0 0 
0 1 0 0 0 0 0 0 0 0 
0 0 1 0 0 0 0 0 0 0 
0 0 0 1 0 0 0 0 0 0 
0 0 0 0 1 0 0 0 0 -m2^2 
0 0 0 0 0 1 0 0 0 0 
0 0 0 0 0 0 1 0 0 0 
0 0 0 0 0 0 0 1 0 0 
0 0 0 0 0 0 0 0 1 0 

0
18 47
13 47
1 0 0 0 0 0 0 0 0 0 
0 1 0 0 0 0 0 0 0 0 
0 0 1 0 0 0 0 0 0 0 
0 0 0 1 0 0 0 0 0 0 
0 0 0 0 1 0 0 0 0 -m2^2 
0 0 0 0 0 1 0 0 0 0 
0 0 0 0 0 0 1 0 0 0 
0 0 0 0 0 0 0 1 0 0 
0 0 0 0 0 0 0 0 1 0 

0
18 48
11 3
2 0 0 0 0 -1 0 0 0 2*m1^2 
1 4 2 -1 -1 -1 0 0 -1 2*s+3*m2^2 
1 0 1 0 0 -1 0 0 0 s 
1 3 1 0 -1 0 0 0 -1 3*m2^2 
0 1 0 0 0 0 0 0 0 0 
1 0 0 0 0 0 0 0 0 0 
0 3 2 -1 -1 -1 1 1 -1 3*s+2*m2^2 
1 0 0 0 0 -1 0 1 0 s+m1^2+t 
0 3 3 -1 -1 -1 0 0 0 3*s+2*m2^2 

1
18 49
11 7
0 0 1 0 0 0 0 0 0 0 
0 0 0 1 0 0 0 0 0 0 
0 0 0 1 0 0 0 0 0 0 
0 0 0 1 0 0 0 0 0 0 
0 1 0 0 0 0 0 0 0 0 
1 0 0 0 0 0 0 0 0 0 
0 0 0 1 0 0 0 0 0 0 
0 0 0 1 0 0 0 0 0 0 
0 0 0 1 0 0 0 0 0 0 

0
18 50
14 50
0 -1 0 1 0 0 0 0 1 -s 
0 0 0 0 1 0 0 0 0 0 
0 0 0 1 0 0 0 0 0 0 
0 1 -1 -1 1 1 0 0 0 s+m2^2 
0 0 0 0 0 1 0 0 0 0 
0 1 0 0 0 0 0 0 0 0 
-1 1 0 0 1 0 -1 1 0 2*m1^2-t 
0 0 0 1 0 0 -1 0 1 m1^2+t 
-1 1 1 0 1 0 0 0 -1 2*m1^2 

1
18 51
16 29
1 0 0 0 0 0 0 0 0 0 
0 0 1 0 0 0 0 0 0 0 
0 1 0 0 0 0 0 0 0 0 
0 1 0 0 0 0 0 0 0 0 
0 0 0 0 1 0 0 0 0 0 
0 0 0 1 0 0 0 0 0 0 
0 1 0 0 0 0 0 0 0 0 
0 1 0 0 0 0 0 0 0 0 
0 1 0 0 0 0 0 0 0 0 

0
18 52
12 11
0 2 0 0 0 0 0 0 -1 2*m1^2 
1 -1 -1 0 1 0 0 0 1 m2^2-2*m1^2 
0 1 0 0 0 0 0 0 0 0 
1 -2 0 1 1 -1 0 0 1 m2^2-2*m1^2 
1 0 0 0 0 0 0 0 0 0 
0 0 0 1 0 0 0 0 0 0 
2 -2 -1 0 1 0 1 -1 1 2*m2^2-2*m1^2 
0 1 0 0 0 0 1 0 -1 m1^2+t 
2 -2 -2 0 1 0 0 0 2 2*m2^2-2*m1^2 

0
18 54
14 58
0 -1 0 1 0 0 0 0 1 -s 
0 0 0 0 1 0 0 0 0 0 
0 0 0 1 0 0 0 0 0 0 
0 1 -1 -1 1 1 0 0 0 s+m2^2 
0 0 0 0 0 1 0 0 0 0 
0 1 0 0 0 0 0 0 0 0 
-1 1 0 0 1 0 -1 1 0 2*m1^2-t 
0 0 0 1 0 0 -1 0 1 m1^2+t 
-1 1 1 0 1 0 0 0 -1 2*m1^2 

0
18 56
14 56
0 2 0 0 0 0 0 0 -1 2*m1^2 
0 1 -1 -1 1 1 0 0 0 s+m2^2 
0 1 0 0 0 0 0 0 0 0 
0 0 0 0 1 0 0 0 0 0 
0 0 0 0 0 1 0 0 0 0 
0 0 0 1 0 0 0 0 0 0 
1 0 -1 -1 1 1 1 -1 0 2*s+m2^2+t 
0 1 0 0 0 0 1 0 -1 m1^2+t 
1 0 -2 -1 1 1 0 0 1 2*s+m2^2 

1
18 57
16 57
1 0 0 0 0 0 0 0 0 0 
0 1 0 0 0 0 0 0 0 0 
0 1 0 0 0 0 0 0 0 0 
0 0 0 0 0 1 0 0 0 0 
0 0 0 0 1 0 0 0 0 0 
0 0 0 1 0 0 0 0 0 0 
0 1 0 0 0 0 0 0 0 0 
0 1 0 0 0 0 0 0 0 0 
0 1 0 0 0 0 0 0 0 0 

0
18 58
14 58
-1 2 0 -1 1 1 0 0 -1 m2^2+2*m1^2 
0 1 0 0 0 0 0 0 0 0 
0 1 -1 -1 1 1 0 0 0 s+m2^2 
0 0 0 1 0 0 0 0 0 0 
0 0 0 0 0 1 0 0 0 0 
0 0 0 0 1 0 0 0 0 0 
0 0 0 0 0 0 1 0 0 0 
0 1 0 -1 1 1 1 -1 -1 s+m2^2+m1^2+2*t 
0 0 0 0 0 0 0 0 1 0 

1
18 59
16 61
1 0 0 0 0 0 0 0 0 0 
0 0 1 0 0 0 0 0 0 0 
0 1 0 0 0 0 0 0 0 0 
0 0 0 0 0 1 0 0 0 0 
0 0 0 0 1 0 0 0 0 0 
0 0 0 1 0 0 0 0 0 0 
0 1 0 0 0 0 0 0 0 0 
0 1 0 0 0 0 0 0 0 0 
0 1 0 0 0 0 0 0 0 0 

0
18 60
14 58
0 2 0 0 0 0 0 0 -1 2*m1^2 
0 1 -1 -1 1 1 0 0 0 s+m2^2 
0 1 0 0 0 0 0 0 0 0 
0 0 0 0 1 0 0 0 0 0 
0 0 0 0 0 1 0 0 0 0 
0 0 0 1 0 0 0 0 0 0 
1 0 -1 -1 1 1 1 -1 0 2*s+m2^2+t 
0 1 0 0 0 0 1 0 -1 m1^2+t 
1 0 -2 -1 1 1 0 0 1 2*s+m2^2 

1
18 61
18 55
1 0 0 0 0 0 0 0 0 0 
0 0 0 1 0 0 0 0 0 0 
0 0 0 0 0 1 0 0 0 0 
0 1 0 0 0 0 0 0 0 0 
0 0 0 0 1 0 0 0 0 0 
0 0 1 0 0 0 0 0 0 0 
0 0 0 1 0 0 0 0 0 0 
0 0 0 1 0 0 0 0 0 0 
0 0 0 1 0 0 0 0 0 0 

