0
9 2
2 1
2 -1 0 0 2*m1^2 
1 0 0 0 0 
1 -1 1 0 s 
1 -1 0 1 m1^2-t 

0
9 3
2 3
0 1 0 0 0 
1 0 0 0 0 
1 1 -1 0 s 
1 1 0 -1 m1^2+t 

0
9 4
2 1
2 0 -1 0 2*m1^2 
1 1 -1 0 s 
1 0 0 0 0 
1 0 -1 1 m1^2-t 

1
9 5
2 3
0 1 0 0 0 
0 0 1 0 0 
1 0 0 0 0 
0 0 1 0 0 

0
9 9
0 9
1 0 0 0 0 
0 1 0 0 -m1^2 
0 0 1 0 -m1^2 
0 0 0 1 0 

1
9 10
2 3
0 0 1 0 0 
1 0 0 0 0 
0 0 1 0 0 
0 1 0 0 0 

1
9 11
4 13
1 0 0 0 0 
0 0 1 0 0 
0 1 0 0 0 
0 0 0 1 0 

1
9 12
2 3
0 0 1 0 0 
0 0 1 0 0 
1 0 0 0 0 
0 1 0 0 0 

0
9 13
4 13
1 0 0 0 0 
0 1 0 0 -m1^2 
0 0 1 0 0 
0 0 0 1 0 

1
9 14
9 7
0 0 0 1 0 
0 1 0 0 0 
0 0 1 0 0 
1 0 0 0 0 

