0
6 19
2 19
0 1 0 0 0 0 0 0 0 0 
1 0 0 0 0 0 0 0 0 0 
0 2 0 0 0 0 0 0 -1 0 
1 0 1 0 0 -1 0 0 0 s 
0 0 0 0 1 0 0 0 0 0 
0 3 0 -1 0 0 0 0 -1 s 
2 0 0 0 0 0 0 -1 0 2*m1^2 
0 2 0 0 0 0 -1 0 0 0 
2 0 -1 0 0 0 0 0 0 2*m1^2 

1
6 22
2 19
0 0 1 0 0 0 0 0 0 0 
1 0 0 0 0 0 0 0 0 0 
0 1 0 0 0 0 0 0 0 0 
0 0 1 0 0 0 0 0 0 0 
0 0 0 0 1 0 0 0 0 0 
0 0 1 0 0 0 0 0 0 0 
0 0 1 0 0 0 0 0 0 0 
0 0 1 0 0 0 0 0 0 0 
0 0 1 0 0 0 0 0 0 0 

0
6 23
3 23
1 0 0 0 0 0 0 0 0 0 
0 0 0 0 1 0 0 0 0 0 
0 0 1 0 0 0 0 0 0 0 
0 1 -1 -1 1 1 0 0 0 s 
0 1 0 0 0 0 0 0 0 0 
0 0 0 0 0 1 0 0 0 0 
-1 1 0 0 1 0 -1 1 0 m1^2-t 
0 0 0 0 0 0 0 1 0 0 
-1 1 1 0 1 0 0 0 -1 m1^2 

1
6 25
2 19
0 1 0 0 0 0 0 0 0 0 
0 0 1 0 0 0 0 0 0 0 
0 0 1 0 0 0 0 0 0 0 
1 0 0 0 0 0 0 0 0 0 
0 0 0 0 1 0 0 0 0 0 
0 0 1 0 0 0 0 0 0 0 
0 0 1 0 0 0 0 0 0 0 
0 0 1 0 0 0 0 0 0 0 
0 0 1 0 0 0 0 0 0 0 

0
6 28
3 28
0 -1 0 1 0 0 0 0 1 -s 
0 -1 1 1 1 -1 0 0 0 s 
0 0 0 1 0 0 0 0 0 0 
0 0 0 0 1 0 0 0 0 0 
0 0 1 0 0 0 0 0 0 0 
0 1 0 0 0 0 0 0 0 0 
-1 0 1 1 1 -1 -1 1 0 2*s+m1^2-t 
0 0 0 1 0 0 -1 0 1 t 
-1 0 2 1 1 -1 0 0 -1 2*s+m1^2 

0
6 29
3 29
1 0 0 0 0 0 0 0 0 0 
0 -1 1 1 1 -1 0 0 0 s 
0 0 1 0 0 0 0 0 0 0 
0 0 0 0 1 0 0 0 0 0 
0 0 0 1 0 0 0 0 0 0 
0 0 0 0 0 1 0 0 0 0 
-1 0 1 1 1 -1 -1 1 0 2*s+m1^2-t 
0 0 0 0 0 0 0 1 0 0 
-1 0 2 1 1 -1 0 0 -1 2*s+m1^2 

0
6 38
2 11
0 2 0 0 0 0 0 0 -1 0 
1 0 0 0 0 0 0 0 0 0 
0 1 0 0 0 0 0 0 0 0 
1 0 1 0 0 -1 0 0 0 s 
1 3 1 0 -1 0 0 0 -1 m1^2 
0 0 0 1 0 0 0 0 0 0 
2 0 0 0 0 0 0 -1 0 2*m1^2 
0 1 0 0 0 0 1 0 -1 t 
2 0 -1 0 0 0 0 0 0 2*m1^2 

0
6 39
3 53
1 0 0 0 0 0 0 0 0 0 
0 0 0 0 1 0 0 0 0 0 
0 0 1 0 0 0 0 0 0 0 
0 -1 1 1 1 -1 0 0 0 s 
0 -1 2 0 2 0 0 0 0 2*m1^2 
0 0 0 0 0 1 0 0 0 0 
1 -1 0 0 1 0 1 -1 0 m1^2+t 
0 0 0 0 0 0 0 1 0 0 
1 -1 -1 0 1 0 0 0 1 m1^2 

0
6 44
2 11
0 2 0 0 0 0 0 0 -1 0 
1 0 -1 0 0 1 0 0 0 s 
0 1 0 0 0 0 0 0 0 0 
1 0 0 0 0 0 0 0 0 0 
1 2 0 1 -1 1 0 0 -1 m1^2 
0 0 0 1 0 0 0 0 0 0 
2 0 -1 0 0 1 0 -1 0 2*s+2*m1^2 
0 1 0 0 0 0 1 0 -1 t 
2 0 -2 0 0 1 0 0 0 2*s+2*m1^2 

0
6 45
3 53
1 0 0 0 0 0 0 0 0 0 
0 1 -1 -1 1 1 0 0 0 s 
0 0 1 0 0 0 0 0 0 0 
0 0 0 0 1 0 0 0 0 0 
0 0 0 -1 2 2 0 0 0 2*m1^2 
0 0 0 0 0 1 0 0 0 0 
1 0 -1 -1 1 1 1 -1 0 2*s+m1^2+t 
0 0 0 0 0 0 0 1 0 0 
1 0 -2 -1 1 1 0 0 1 2*s+m1^2 

0
6 50
3 28
-1 0 1 0 0 1 0 0 0 -s 
0 0 0 0 1 0 0 0 0 0 
0 0 0 0 0 1 0 0 0 0 
0 -1 1 1 1 -1 0 0 0 s 
0 0 0 1 0 0 0 0 0 0 
0 0 1 0 0 0 0 0 0 0 
1 -1 0 0 1 0 1 -1 0 m1^2+t 
0 0 1 0 0 1 0 -1 0 2*t 
1 -1 -1 0 1 0 0 0 1 m1^2 

1
6 51
3 29
1 0 0 0 0 0 0 0 0 0 
0 0 0 0 1 0 0 0 0 0 
0 1 0 0 0 0 0 0 0 0 
0 1 0 0 0 0 0 0 0 0 
0 0 0 1 0 0 0 0 0 0 
0 0 1 0 0 0 0 0 0 0 
0 1 0 0 0 0 0 0 0 0 
0 1 0 0 0 0 0 0 0 0 
0 1 0 0 0 0 0 0 0 0 

0
6 54
3 30
0 2 0 0 0 0 0 0 -1 0 
0 0 0 0 1 0 0 0 0 0 
0 1 0 0 0 0 0 0 0 0 
0 -1 1 1 1 -1 0 0 0 s 
0 0 1 0 0 0 0 0 0 0 
0 0 0 1 0 0 0 0 0 0 
1 -1 0 0 1 0 1 -1 0 m1^2+t 
0 1 0 0 0 0 1 0 -1 t 
1 -1 -1 0 1 0 0 0 1 m1^2 

0
6 55
3 55
1 0 0 0 0 0 0 0 0 0 
0 0 0 0 1 0 0 0 0 0 
0 0 1 0 0 0 0 0 0 0 
0 1 -1 -1 1 1 0 0 0 s 
0 1 0 0 0 0 0 0 0 0 
0 0 0 0 0 1 0 0 0 0 
-1 1 0 0 1 0 -1 1 0 m1^2-t 
0 0 0 0 0 0 0 1 0 0 
-1 1 1 0 1 0 0 0 -1 m1^2 

1
6 56
2 19
0 0 1 0 0 0 0 0 0 0 
0 0 1 0 0 0 0 0 0 0 
0 0 1 0 0 0 0 0 0 0 
1 0 0 0 0 0 0 0 0 0 
0 1 0 0 0 0 0 0 0 0 
0 0 0 0 1 0 0 0 0 0 
0 0 1 0 0 0 0 0 0 0 
0 0 1 0 0 0 0 0 0 0 
0 0 1 0 0 0 0 0 0 0 

1
6 57
3 23
0 0 1 0 0 0 0 0 0 0 
0 0 0 1 0 0 0 0 0 0 
0 0 0 1 0 0 0 0 0 0 
0 0 0 0 1 0 0 0 0 0 
0 1 0 0 0 0 0 0 0 0 
1 0 0 0 0 0 0 0 0 0 
0 0 0 1 0 0 0 0 0 0 
0 0 0 1 0 0 0 0 0 0 
0 0 0 1 0 0 0 0 0 0 

0
6 58
6 30
1 -2 0 1 1 -1 0 0 1 -m1^2 
0 0 0 1 0 0 0 0 0 0 
0 -1 1 1 1 -1 0 0 0 s 
0 1 0 0 0 0 0 0 0 0 
0 0 1 0 0 0 0 0 0 0 
0 0 0 0 1 0 0 0 0 0 
0 1 0 1 0 0 -1 0 0 s+2*m1^2 
0 -1 0 1 1 -1 -1 1 1 s 
0 1 0 1 0 0 0 0 -1 s+2*m1^2 

1
6 59
6 31
1 0 0 0 0 0 0 0 0 0 
0 0 0 1 0 0 0 0 0 0 
0 0 0 0 0 1 0 0 0 0 
0 1 0 0 0 0 0 0 0 0 
0 0 0 0 1 0 0 0 0 0 
0 0 1 0 0 0 0 0 0 0 
0 0 0 0 0 1 0 0 0 0 
0 0 0 0 0 1 0 0 0 0 
0 0 0 0 0 1 0 0 0 0 

0
6 60
3 30
0 -1 0 1 0 0 0 0 1 -s 
0 -1 1 1 1 -1 0 0 0 s 
0 0 0 1 0 0 0 0 0 0 
0 0 0 0 1 0 0 0 0 0 
0 0 1 0 0 0 0 0 0 0 
0 1 0 0 0 0 0 0 0 0 
-1 0 1 1 1 -1 -1 1 0 2*s+m1^2-t 
0 0 0 1 0 0 -1 0 1 t 
-1 0 2 1 1 -1 0 0 -1 2*s+m1^2 

1
6 61
3 55
1 0 0 0 0 0 0 0 0 0 
0 0 0 1 0 0 0 0 0 0 
0 0 0 0 0 1 0 0 0 0 
0 0 0 0 1 0 0 0 0 0 
0 1 0 0 0 0 0 0 0 0 
0 0 1 0 0 0 0 0 0 0 
0 0 0 1 0 0 0 0 0 0 
0 0 0 1 0 0 0 0 0 0 
0 0 0 1 0 0 0 0 0 0 

