0
14 18
5 17
0 1 0 0 0 0 0 0 0 0 
1 0 0 0 0 0 0 0 0 0 
0 2 0 0 0 0 0 0 -1 0 
1 0 1 0 0 -1 0 0 0 s 
0 0 0 0 1 0 0 0 0 0 
0 3 0 -1 0 0 0 0 -1 s-m2^2 
2 0 0 0 0 0 0 -1 0 2*m1^2 
0 2 0 0 0 0 -1 0 0 0 
2 0 -1 0 0 0 0 0 0 2*m1^2 

0
14 19
5 19
0 1 0 0 0 0 0 0 0 0 
1 0 0 0 0 0 0 0 0 0 
0 2 0 0 0 0 0 0 -1 0 
1 0 1 0 0 -1 0 0 0 s 
0 0 0 0 1 0 0 0 0 0 
0 3 0 -1 0 0 0 0 -1 s-m2^2 
2 0 0 0 0 0 0 -1 0 2*m1^2 
0 2 0 0 0 0 -1 0 0 0 
2 0 -1 0 0 0 0 0 0 2*m1^2 

1
14 22
5 19
0 0 1 0 0 0 0 0 0 0 
1 0 0 0 0 0 0 0 0 0 
0 1 0 0 0 0 0 0 0 0 
0 0 1 0 0 0 0 0 0 0 
0 0 0 0 1 0 0 0 0 0 
0 0 1 0 0 0 0 0 0 0 
0 0 1 0 0 0 0 0 0 0 
0 0 1 0 0 0 0 0 0 0 
0 0 1 0 0 0 0 0 0 0 

0
14 23
8 23
1 0 0 0 0 0 0 0 0 0 
0 1 0 0 0 0 0 0 0 0 
0 0 1 0 0 0 0 0 0 0 
0 0 0 1 0 0 0 0 0 0 
0 0 0 0 1 0 0 0 0 0 
0 0 0 0 0 1 0 0 0 -m2^2 
0 0 0 0 0 0 1 0 0 0 
0 0 0 0 0 0 0 1 0 0 
0 0 0 0 0 0 0 0 1 0 

0
14 24
5 17
0 0 0 1 0 0 0 0 0 0 
1 0 -1 0 0 1 0 0 0 s 
0 1 0 1 0 0 0 0 -1 s 
1 0 0 0 0 0 0 0 0 0 
0 0 0 0 1 0 0 0 0 0 
0 2 0 0 0 0 0 0 -1 -m2^2 
2 0 -1 0 0 1 0 -1 0 2*s+2*m1^2 
0 1 0 1 0 0 -1 0 0 s 
2 0 -2 0 0 1 0 0 0 2*s+2*m1^2 

1
14 25
5 19
0 1 0 0 0 0 0 0 0 0 
0 0 1 0 0 0 0 0 0 0 
0 0 1 0 0 0 0 0 0 0 
1 0 0 0 0 0 0 0 0 0 
0 0 0 0 1 0 0 0 0 0 
0 0 1 0 0 0 0 0 0 0 
0 0 1 0 0 0 0 0 0 0 
0 0 1 0 0 0 0 0 0 0 
0 0 1 0 0 0 0 0 0 0 

0
14 26
8 26
1 0 0 0 0 0 0 0 0 0 
0 1 0 0 0 0 0 0 0 0 
0 0 1 0 0 0 0 0 0 0 
0 0 0 1 0 0 0 0 0 0 
0 0 0 0 1 0 0 0 0 0 
0 0 0 0 0 1 0 0 0 -m2^2 
0 0 0 0 0 0 1 0 0 0 
0 0 0 0 0 0 0 1 0 0 
0 0 0 0 0 0 0 0 1 0 

0
14 27
8 27
1 0 0 0 0 0 0 0 0 0 
0 1 0 0 0 0 0 0 0 0 
0 0 1 0 0 0 0 0 0 0 
0 0 0 1 0 0 0 0 0 0 
0 0 0 0 1 0 0 0 0 0 
0 0 0 0 0 1 0 0 0 -m2^2 
0 0 0 0 0 0 1 0 0 0 
0 0 0 0 0 0 0 1 0 0 
0 0 0 0 0 0 0 0 1 0 

0
14 28
8 28
1 0 0 0 0 0 0 0 0 0 
0 1 0 0 0 0 0 0 0 0 
0 0 1 0 0 0 0 0 0 0 
0 0 0 1 0 0 0 0 0 0 
0 0 0 0 1 0 0 0 0 0 
0 0 0 0 0 1 0 0 0 -m2^2 
0 0 0 0 0 0 1 0 0 0 
0 0 0 0 0 0 0 1 0 0 
0 0 0 0 0 0 0 0 1 0 

0
14 29
8 29
1 0 0 0 0 0 0 0 0 0 
0 1 0 0 0 0 0 0 0 0 
0 0 1 0 0 0 0 0 0 0 
0 0 0 1 0 0 0 0 0 0 
0 0 0 0 1 0 0 0 0 0 
0 0 0 0 0 1 0 0 0 -m2^2 
0 0 0 0 0 0 1 0 0 0 
0 0 0 0 0 0 0 1 0 0 
0 0 0 0 0 0 0 0 1 0 

0
14 30
8 30
1 0 0 0 0 0 0 0 0 0 
0 1 0 0 0 0 0 0 0 0 
0 0 1 0 0 0 0 0 0 0 
0 0 0 1 0 0 0 0 0 0 
0 0 0 0 1 0 0 0 0 0 
0 0 0 0 0 1 0 0 0 -m2^2 
0 0 0 0 0 0 1 0 0 0 
0 0 0 0 0 0 0 1 0 0 
0 0 0 0 0 0 0 0 1 0 

0
14 31
8 31
1 0 0 0 0 0 0 0 0 0 
0 1 0 0 0 0 0 0 0 0 
0 0 1 0 0 0 0 0 0 0 
0 0 0 1 0 0 0 0 0 0 
0 0 0 0 1 0 0 0 0 0 
0 0 0 0 0 1 0 0 0 -m2^2 
0 0 0 0 0 0 1 0 0 0 
0 0 0 0 0 0 0 1 0 0 
0 0 0 0 0 0 0 0 1 0 

0
14 34
11 3
0 -1 0 1 0 0 0 0 1 -s 
1 0 0 0 0 0 0 0 0 0 
0 0 0 1 0 0 0 0 0 m2^2 
1 0 1 0 0 -1 0 0 0 s 
1 -2 0 1 1 -1 0 0 1 -m2^2 
0 1 0 0 0 0 0 0 0 0 
2 0 0 0 0 0 0 -1 0 2*m1^2 
0 0 0 1 0 0 -1 0 1 m2^2+t 
2 0 -1 0 0 0 0 0 0 2*m1^2 

1
14 35
12 7
0 0 1 0 0 0 0 0 0 0 
0 1 0 0 0 0 0 0 0 0 
0 0 0 1 0 0 0 0 0 0 
0 0 0 1 0 0 0 0 0 0 
0 0 0 1 0 0 0 0 0 0 
1 0 0 0 0 0 0 0 0 0 
0 0 0 1 0 0 0 0 0 0 
0 0 0 1 0 0 0 0 0 0 
0 0 0 1 0 0 0 0 0 0 

0
14 40
11 3
0 -1 0 1 0 0 0 0 1 -s 
1 0 -1 0 0 1 0 0 0 s 
0 0 0 1 0 0 0 0 0 m2^2 
1 0 0 0 0 0 0 0 0 0 
1 -1 -1 0 1 0 0 0 1 -m2^2 
0 1 0 0 0 0 0 0 0 0 
2 0 -1 0 0 1 0 -1 0 2*s+2*m1^2 
0 0 0 1 0 0 -1 0 1 m2^2+t 
2 0 -2 0 0 1 0 0 0 2*s+2*m1^2 

1
14 41
12 7
0 0 1 0 0 0 0 0 0 0 
0 0 0 1 0 0 0 0 0 0 
0 0 0 1 0 0 0 0 0 0 
0 1 0 0 0 0 0 0 0 0 
0 0 0 1 0 0 0 0 0 0 
1 0 0 0 0 0 0 0 0 0 
0 0 0 1 0 0 0 0 0 0 
0 0 0 1 0 0 0 0 0 0 
0 0 0 1 0 0 0 0 0 0 

0
14 42
12 11
2 0 0 0 0 -1 0 0 0 2*m2^2 
0 0 0 1 0 0 0 0 0 0 
1 0 1 0 0 -1 0 0 0 s+m2^2 
0 1 0 0 0 0 0 0 0 0 
1 3 1 0 -1 0 0 0 -1 m2^2+2*m1^2 
1 0 0 0 0 0 0 0 0 0 
0 1 0 1 0 0 -1 0 0 s+2*m1^2 
1 0 0 0 0 -1 0 1 0 s+m2^2+t 
0 1 0 1 0 0 0 0 -1 s+2*m1^2 

1
14 43
12 15
0 0 1 0 0 0 0 0 0 0 
0 0 0 1 0 0 0 0 0 0 
0 0 0 0 1 0 0 0 0 0 
0 1 0 0 0 0 0 0 0 0 
0 0 0 0 1 0 0 0 0 0 
1 0 0 0 0 0 0 0 0 0 
0 0 0 0 1 0 0 0 0 0 
0 0 0 0 1 0 0 0 0 0 
0 0 0 0 1 0 0 0 0 0 

0
14 44
14 38
1 0 0 0 0 0 0 0 0 0 
0 2 0 -1 0 0 0 0 0 2*s 
0 0 1 0 0 0 0 0 0 0 
0 1 0 0 0 0 0 0 0 0 
0 1 -1 -1 1 1 0 0 0 s+m2^2 
0 0 0 0 0 1 0 0 0 0 
0 1 0 -1 0 0 1 0 0 3*s 
0 0 0 0 0 0 0 1 0 0 
0 1 0 -1 0 0 0 0 1 3*s 

0
14 45
14 39
1 0 0 0 0 0 0 0 0 0 
0 2 0 -1 0 0 0 0 0 2*s 
0 0 1 0 0 0 0 0 0 0 
0 1 0 0 0 0 0 0 0 0 
0 1 -1 -1 1 1 0 0 0 s+m2^2 
0 0 0 0 0 1 0 0 0 0 
0 1 0 -1 0 0 1 0 0 3*s 
0 0 0 0 0 0 0 1 0 0 
0 1 0 -1 0 0 0 0 1 3*s 

0
14 48
11 3
0 -1 0 1 0 0 0 0 1 -s 
1 2 0 1 -1 1 0 0 -1 3*m2^2 
0 0 0 1 0 0 0 0 0 m2^2 
1 3 1 0 -1 0 0 0 -1 3*m2^2 
1 0 0 0 0 0 0 0 0 0 
0 1 0 0 0 0 0 0 0 0 
2 3 0 1 -1 1 -1 -1 -1 s+4*m2^2+2*m1^2 
0 0 0 1 0 0 -1 0 1 m2^2+t 
2 3 -1 1 -1 1 0 0 -2 s+4*m2^2+2*m1^2 

1
14 49
12 7
0 0 1 0 0 0 0 0 0 0 
0 0 0 1 0 0 0 0 0 0 
0 0 0 1 0 0 0 0 0 0 
0 0 0 1 0 0 0 0 0 0 
0 1 0 0 0 0 0 0 0 0 
1 0 0 0 0 0 0 0 0 0 
0 0 0 1 0 0 0 0 0 0 
0 0 0 1 0 0 0 0 0 0 
0 0 0 1 0 0 0 0 0 0 

0
14 52
14 38
1 0 0 0 0 0 0 0 0 0 
0 2 2 0 -1 0 0 0 0 0 
0 0 1 0 0 0 0 0 0 0 
0 1 1 1 -1 1 0 0 0 -s+m2^2 
0 1 0 0 0 0 0 0 0 0 
0 0 0 0 0 1 0 0 0 0 
-1 1 2 0 -1 0 1 1 0 -t 
0 0 0 0 0 0 0 1 0 0 
-1 1 3 0 -1 0 0 0 1 0 

0
14 53
14 39
1 0 0 0 0 0 0 0 0 0 
0 2 2 0 -1 0 0 0 0 0 
0 0 1 0 0 0 0 0 0 0 
0 1 1 1 -1 1 0 0 0 -s+m2^2 
0 1 0 0 0 0 0 0 0 0 
0 0 0 0 0 1 0 0 0 0 
-1 1 2 0 -1 0 1 1 0 -t 
0 0 0 0 0 0 0 1 0 0 
-1 1 3 0 -1 0 0 0 1 0 

