B45[-2, 1, 1, 1, 1, 1, 0]
B45[-1, 0, 1, 1, 1, 1, 0]
B45[-1, 1, 0, 1, 1, 1, 0]
B45[-1, 1, 1, 0, 1, 1, 0]
B45[-1, 1, 1, 1, 0, 1, 0]
B45[-1, 1, 1, 1, 1, 0, 0]
B45[-1, 1, 1, 1, 1, 1, -1]
B45[-1, 1, 1, 1, 1, 1, 0]
B45[0, 0, 0, 1, 1, 1, 0]
B45[0, 0, 1, 1, 1, 0, 0]
B45[0, 0, 1, 1, 1, 1, -1]
B45[0, 0, 1, 1, 1, 1, 0]
B45[0, 1, -1, 1, 1, 1, 0]
B45[0, 1, 0, 0, 1, 1, 0]
B45[0, 1, 0, 1, 0, 1, 0]
B45[0, 1, 0, 1, 1, 0, 0]
B45[0, 1, 0, 1, 1, 1, -1]
B45[0, 1, 0, 1, 1, 1, 0]
B45[0, 1, 1, 0, 1, 0, 0]
B45[0, 1, 1, 0, 1, 1, -1]
B45[0, 1, 1, 0, 1, 1, 0]
B45[0, 1, 1, 1, 0, 1, -1]
B45[0, 1, 1, 1, 0, 1, 0]
B45[0, 1, 1, 1, 1, -1, 0]
B45[0, 1, 1, 1, 1, 0, -1]
B45[0, 1, 1, 1, 1, 0, 0]
B45[0, 1, 1, 1, 1, 1, -2]
B45[0, 1, 1, 1, 1, 1, -1]
B45[0, 1, 1, 1, 1, 1, 0]
B45[1, 0, -1, 1, 1, 1, 0]
B45[1, 0, 0, 1, 1, 0, 0]
B45[1, 0, 0, 1, 1, 1, -1]
B45[1, 0, 0, 1, 1, 1, 0]
B45[1, 1, -2, 1, 1, 1, 0]
B45[1, 1, -1, 0, 1, 1, 0]
B45[1, 1, -1, 1, 0, 1, 0]
B45[1, 1, -1, 1, 1, 0, 0]
B45[1, 1, -1, 1, 1, 1, -1]
B45[1, 1, -1, 1, 1, 1, 0]
B45[1, 1, 0, 0, 1, 0, 0]
B45[1, 1, 0, 0, 1, 1, -1]
B45[1, 1, 0, 0, 1, 1, 0]
B45[1, 1, 0, 1, 0, 1, -1]
B45[1, 1, 0, 1, 0, 1, 0]
B45[1, 1, 0, 1, 1, -1, 0]
B45[1, 1, 0, 1, 1, 0, -1]
B45[1, 1, 0, 1, 1, 0, 0]
B45[1, 1, 0, 1, 1, 1, -2]
B45[1, 1, 0, 1, 1, 1, -1]
B45[1, 1, 0, 1, 1, 1, 0]
B45[0, -1, 1, 1, 1, 1, 0]
B45[0, 0, 1, 0, 1, 1, 0]
B45[0, 0, 1, 1, 0, 1, 0]
B45[0, 1, 1, -1, 1, 1, 0]
B45[0, 1, 1, 0, 0, 1, 0]
B45[0, 1, 1, 1, 0, 0, 0]
B45[1, -1, 0, 1, 1, 1, 0]
B45[1, 0, 0, 0, 1, 1, 0]
B45[1, 0, 0, 1, 0, 1, 0]
B45[1, 1, 0, -1, 1, 1, 0]
B45[1, 1, 0, 0, 0, 1, 0]
B45[1, 1, 0, 1, 0, 0, 0]