D66[-1, 1, 1, 1, 1, 1, 0]
D66[0, 0, 1, 1, 1, 1, 0]
D66[0, 1, 0, 1, 1, 1, 0]
D66[0, 1, 1, 0, 1, 1, 0]
D66[0, 1, 1, 1, 0, 1, 0]
D66[0, 1, 1, 1, 1, 0, 0]
D66[0, 1, 1, 1, 1, 1, -1]
D66[0, 1, 1, 1, 1, 1, 0]
D66[1, 0, 0, 1, 1, 1, 0]
D66[1, 0, 1, 1, 1, 1, 0]
D66[1, 1, -1, 1, 1, 1, 0]
D66[1, 1, 0, 0, 1, 1, 0]
D66[1, 1, 0, 1, 0, 1, 0]
D66[1, 1, 0, 1, 1, 1, -1]
D66[1, 1, 0, 1, 1, 1, 0]
D66[1, 1, 1, -1, 1, 1, 0]
D66[1, 1, 1, 0, 0, 1, 0]
D66[1, 1, 1, 0, 1, 0, 0]
D66[1, 1, 1, 0, 1, 1, 0]
D66[1, 1, 1, 1, 0, 1, 0]
D66[1, 1, 1, 1, 1, 0, 0]
D66[1, 1, 1, 1, 1, 1, -1]
D66[1, 1, 1, 1, 1, 1, 0]
D66[-1, 0, 1, 1, 1, 1, 0]
D66[-1, 1, 1, 1, 0, 1, 0]
D66[0, -1, 1, 1, 1, 1, 0]
D66[0, 0, 0, 1, 1, 1, 0]
D66[0, 0, 1, 0, 1, 1, 0]
D66[0, 0, 1, 1, 0, 1, 0]
D66[0, 0, 1, 1, 1, 0, 0]
D66[0, 0, 1, 1, 1, 1, -1]
D66[0, 1, 0, 1, 0, 1, 0]
D66[0, 1, 0, 1, 1, 1, -1]
D66[0, 1, 1, 0, 0, 1, 0]
D66[0, 1, 1, 0, 1, 1, -1]
D66[0, 1, 1, 1, -1, 1, 0]
D66[0, 1, 1, 1, 0, 0, 0]
D66[0, 1, 1, 1, 0, 1, -1]
D66[0, 1, 1, 1, 1, 0, -1]
D66[1, -1, 0, 1, 1, 1, 0]
D66[1, -1, 1, 0, 1, 1, 0]
D66[1, -1, 1, 1, 1, 1, 0]
D66[1, 0, -1, 1, 1, 1, 0]
D66[1, 0, 0, 0, 1, 1, 0]
D66[1, 0, 0, 1, 0, 1, 0]
D66[1, 0, 0, 1, 1, 0, 0]
D66[1, 0, 0, 1, 1, 1, -1]
D66[1, 0, 1, -1, 1, 1, 0]
D66[1, 0, 1, 0, 0, 1, 0]
D66[1, 0, 1, 0, 1, 0, 0]
D66[1, 0, 1, 0, 1, 1, -1]
D66[1, 0, 1, 0, 1, 1, 0]
D66[1, 0, 1, 1, 0, 1, 0]
D66[1, 0, 1, 1, 1, 0, 0]
D66[1, 0, 1, 1, 1, 1, -1]
D66[1, 1, -1, 1, 0, 1, 0]
D66[1, 1, -1, 1, 1, 1, -1]
D66[1, 1, 0, 0, 0, 1, 0]
D66[1, 1, 0, 0, 1, 1, -1]
D66[1, 1, 0, 1, -1, 1, 0]
D66[1, 1, 0, 1, 0, 0, 0]
D66[1, 1, 0, 1, 0, 1, -1]
D66[1, 1, 0, 1, 1, 0, -1]
D66[1, 1, 0, 1, 1, 0, 0]
D66[1, 1, 0, 1, 1, 1, -2]
D66[1, 1, 1, -1, 1, 1, -1]
D66[1, 1, 1, 0, 0, 0, 0]
D66[1, 1, 1, 0, 0, 1, -1]
D66[1, 1, 1, 0, 1, 0, -1]
D66[1, 1, 1, 0, 1, 1, -2]
D66[1, 1, 1, 0, 1, 1, -1]
D66[1, 1, 1, 1, -1, 1, 0]
D66[1, 1, 1, 1, 0, 0, 0]
D66[1, 1, 1, 1, 0, 1, -1]
D66[1, 1, 1, 1, 1, -1, 0]
D66[1, 1, 1, 1, 1, 0, -1]
D66[1, 1, 1, 1, 1, 1, -2]
D66[1, 1, 1, -1, 0, 1, 0]