504 8702981471834618428 1 6
5 7 3 6 4 8 

500 11359154068504470507 1 6
7 5 2 6 4 8 

498 5543982718558770306 1 6
5 7 6 4 1 8 

497 8090782145052676393 1 6
5 7 0 6 4 8 

492 10133845944513552094 1 6
7 3 6 8 5 2 

490 8215221418316778100 1 6
5 7 3 6 8 1 

489 13183709432123725612 1 6
5 6 8 7 3 0 

486 4467170001665404726 1 6
7 5 2 6 8 1 

485 18130239112954478536 1 6
7 0 6 8 5 2 

483 9842077952172024314 1 6
5 7 0 6 8 1 

476 12534357403914321986 1 6
2 7 3 6 4 8 

474 16417342939849439785 1 6
3 7 4 1 6 8 

473 14590972583693248551 1 6
3 7 0 4 6 8 

470 1389889268459255978 1 6
2 7 6 4 1 8 

469 18212176725202209864 1 6
2 7 0 6 4 8 

462 4287812478577080967 1 6
2 7 3 6 1 8 

461 13989977217895681432 1 6
2 6 8 7 3 0 

459 12458865068405751574 2 6
3 7 0 6 8 1 
3 7 0 8 6 1 

455 6671401861562494249 1 6
2 7 0 6 8 1 

444 2533966660344348782 1 6
4 8 7 3 5 2 

442 110131797785745324 1 6
5 7 3 4 1 8 

441 9003050333989118906 1 6
5 4 8 7 3 0 

438 10652832563304640713 1 6
7 5 2 4 1 8 

437 12452964666575953562 1 6
4 8 7 0 5 2 

435 18228275920433371040 1 6
5 7 0 4 1 8 

430 1272999721409251663 1 6
7 3 5 2 8 1 

429 5740866933296349383 1 6
8 5 2 7 3 0 

427 5735109176152994987 1 6
5 8 1 7 3 0 

423 8080273999387784970 2 6
5 2 7 0 8 1 
5 2 8 1 7 0 

414 7007950002879806828 1 6
2 3 7 4 1 8 

413 8837733209292256534 1 6
2 4 8 3 7 0 

411 1226493218471789778 1 6
3 7 0 4 1 8 

407 11479316131980642074 1 6
2 7 0 4 1 8 

399 2865881114710650056 1 6
2 1 8 3 7 0 

380 4232562485325304129 1 6
3 2 5 4 6 8 

378 16965177152500345253 2 6
3 5 4 1 6 8 
5 3 4 1 6 8 

377 11878656636587735063 1 6
5 3 0 4 6 8 

374 2348320657411627487 2 6
2 5 4 1 6 8 
5 2 4 1 6 8 

373 12292666681644972359 1 6
0 5 2 4 6 8 

371 9430514327270748934 1 6
5 0 4 1 6 8 

366 8877922767271057943 1 6
3 2 5 1 6 8 

365 8333391190556873168 1 6
2 5 6 8 3 0 

363 9882354020833328628 1 6
5 3 0 1 8 6 

359 8035306384636352297 1 6
0 5 2 8 6 1 

350 4494608805918164827 2 6
2 3 4 1 6 8 
3 2 4 1 6 8 

349 7004550725748304466 1 6
2 3 0 4 6 8 

347 16193886320543656296 1 6
3 0 4 1 6 8 

343 12945949037977546999 1 6
2 0 4 1 6 8 

335 2110251901175560493 1 6
2 3 0 6 1 8 

318 17649155400706524944 1 6
3 2 5 4 1 8 

317 17256540211435868645 1 6
4 8 3 0 2 5 

315 5383772430323179777 1 6
5 3 0 4 1 8 

311 16860917353526749038 1 6
0 5 2 4 1 8 

303 8333828433458949507 1 6
5 2 1 8 3 0 

287 11559914236969610083 1 6
2 3 0 4 1 8 

252 11726388725329763910 1 6
7 3 6 4 5 2 

250 12011622005107490901 1 6
5 7 3 6 4 1 

249 13301215631624341944 1 6
5 6 4 7 3 0 

246 7459974258286298392 1 6
7 5 2 6 4 1 

245 7294813323278423713 1 6
7 0 6 4 5 2 

243 18120915960200287958 1 6
5 7 0 6 4 1 

238 18034892866269428737 1 6
7 3 6 1 5 2 

237 10522816335652173235 1 6
6 5 2 7 3 0 

235 10281195000806920920 1 6
5 6 1 7 3 0 

231 9234324331980839463 1 6
7 0 6 1 5 2 

222 13665299859710251355 1 6
2 7 3 6 4 1 

221 7358522812429444273 1 6
2 6 4 7 3 0 

219 6439010092224508602 1 6
3 7 0 4 1 6 

215 13518386149797661037 1 6
2 7 0 6 4 1 

207 6129343623781073873 1 6
2 6 1 7 3 0 

190 13067759816718595776 1 6
4 1 7 3 5 2 

189 14227264612148468335 1 6
4 5 2 7 3 0 

187 5170639945398778578 1 6
5 4 1 7 3 0 

183 4074954946742059588 1 6
4 1 7 0 5 2 

175 2983056112770072237 1 6
1 5 2 3 7 0 

159 13365080918288114423 1 6
2 4 1 3 7 0 

126 8056609337398703773 1 6
3 2 5 4 1 6 

125 1822205150543971244 1 6
4 6 3 0 2 5 

123 7745355369630391304 1 6
5 3 0 4 1 6 

119 15811664464115910544 1 6
0 5 2 4 1 6 

111 14671395263259670739 1 6
2 5 3 0 1 6 

95 4472648225633070282 1 6
2 3 0 4 1 6 

63 10350806573698465869 1 6
4 1 3 0 2 5 

496 5693705200657993846 1 5
5 7 6 4 8 

488 6893648894029194092 1 5
5 7 3 6 8 

484 10311932632246186788 1 5
7 6 8 5 2 

482 2659527068312147868 1 5
5 7 6 8 1 

481 6195997959752919872 1 5
5 7 0 6 8 

472 16687611397175111983 1 5
3 7 4 6 8 

468 11947300004587607687 1 5
2 7 6 4 8 

460 1488412926723676828 1 5
2 7 3 6 8 

458 13587610809061470757 2 5
3 7 6 8 1 
3 7 8 6 1 

457 4628458207185915356 2 5
6 8 3 7 0 
8 6 3 7 0 

454 10234854453363376888 1 5
2 7 6 8 1 

326 2413483033542367775 2 4
2 6 8 1 
2 8 6 1 

69 14464322681345727777 2 3
2 0 6 
2 6 0 

291 12429872557421794535 1 4
5 0 8 1 

270 10163397271177605791 2 4
2 3 1 8 
3 2 1 8 

13 17656326354493340191 1 3
2 3 0 

263 4849430361981918121 2 4
2 0 1 8 
2 0 8 1 

163 12429872557421794535 1 4
5 1 7 0 

420 8664814692506710121 2 4
7 8 5 2 
8 7 5 2 

135 4849430361981918121 2 4
2 1 0 7 
2 1 7 0 

120 11107603889844941919 2 4
3 5 4 6 
5 3 4 6 

116 980241542258791808 2 4
4 6 5 2 
4 6 2 5 

114 625395942258090273 1 4
5 4 1 6 

240 11588169327138301058 1 4
5 7 6 4 

113 16297294750304441533 1 4
5 0 4 6 

370 1451467360133204967 1 5
5 4 1 6 8 

108 4295883924898234599 1 4
3 6 2 5 

106 5278860131342378476 2 4
3 5 1 6 
5 3 1 6 

232 10084751685533954206 1 4
5 6 7 3 

105 12953654784815822153 1 4
5 6 3 0 

362 12126251804207986733 2 5
3 5 1 6 8 
5 3 1 6 8 

228 6779773879202997074 2 4
6 7 5 2 
7 6 5 2 

101 4256610992988182905 4 4
0 6 5 2 
0 6 2 5 
6 0 5 2 
6 0 2 5 

358 5190088900108639284 4 5
2 5 6 8 1 
2 5 8 6 1 
5 2 6 8 1 
5 2 8 6 1 

226 7196292225789128462 1 4
5 7 6 1 

99 2312160739410427022 1 4
5 0 1 6 

356 3589154807789467775 4 4
2 5 6 8 
2 5 8 6 
5 2 6 8 
5 2 8 6 

92 5016048722219017051 2 4
2 3 4 6 
3 2 4 6 

90 625395942258090273 1 4
3 4 1 6 

216 15477886939757034196 1 4
3 7 4 6 

89 12895247839049352840 1 4
4 6 3 0 

346 1451467360133204967 1 5
3 4 1 6 8 

86 625395942258090273 1 4
2 4 1 6 

212 11431053446275788464 1 4
2 7 6 4 

85 16297294750304441533 1 4
2 0 4 6 

342 1451467360133204967 1 5
2 4 1 6 8 

78 13252871205337770529 4 4
2 3 1 6 
2 3 6 1 
3 2 1 6 
3 2 6 1 

204 14825347126931947947 1 4
2 6 7 3 

77 1350421611143869986 1 4
2 6 3 0 

334 13645106943960359182 2 5
2 3 6 1 8 
3 2 6 1 8 

325 10722596037441462642 2 4
2 0 6 8 
2 0 8 6 

198 916175729083138007 1 4
2 7 6 1 

71 4849430361981918121 2 4
2 0 1 6 
2 0 6 1 

328 7323112735729795569 2 3
3 6 8 
3 8 6 

60 5404151796797491025 1 4
4 3 2 5 

312 15967028558043134457 2 4
3 5 4 8 
5 3 4 8 

55 3360068959549584607 1 5
0 4 1 5 2 

58 15670133940343146296 2 4
3 5 4 1 
5 3 4 1 

184 2555575177045098214 1 4
4 5 7 3 

57 6228849495594731314 1 4
4 5 3 0 

314 8206872942381466328 2 5
3 5 4 1 8 
5 3 4 1 8 

308 9589174647365646901 2 4
4 8 5 2 
4 8 2 5 

51 15303299370163436999 1 4
5 0 4 1 

54 17540382598376591068 2 4
4 1 2 5 
4 1 5 2 

180 6049478581707287295 1 4
4 7 5 2 

53 10050894332829205571 2 4
4 0 2 5 
4 0 5 2 

310 6104955753575438406 2 5
2 5 4 1 8 
5 2 4 1 8 

104 12632342468619678346 2 3
3 5 6 
5 3 6 

361 1947221905050147465 1 5
5 8 6 0 3 

172 5999463753019767499 2 4
3 7 5 2 
3 7 2 5 

45 12277498039208301906 2 4
2 5 3 0 
5 2 3 0 

302 2035436199613637535 1 5
3 5 2 1 8 

88 4880995784867285669 1 3
3 4 6 

345 3063526252911577654 1 5
3 0 4 6 8 

197 916175729083138007 1 4
2 6 7 0 

324 7323112735729795569 2 3
2 6 8 
2 8 6 

156 12534056237523555672 1 4
4 2 3 7 

29 16372774043690030421 1 4
4 2 3 0 

286 9163758758951818385 2 5
2 3 4 1 8 
3 2 4 1 8 

76 5929441778008549557 2 3
2 3 6 
3 2 6 

333 13710509385179351483 1 5
2 6 8 3 0 

56 14357543932795968282 2 3
4 3 5 
4 5 3 

313 14152232211703445516 1 5
5 4 8 3 0 

306 12815071327694841775 1 4
5 4 1 8 

49 8314182141702135009 1 3
4 5 0 

52 5866017786500108610 2 3
4 2 5 
4 5 2 

309 9809207327913848526 1 5
0 4 8 5 2 

298 8917144385363181632 2 4
3 5 1 8 
5 3 1 8 

41 17656326354493340191 1 3
5 3 0 

44 17730842381964932344 2 3
3 2 5 
3 5 2 

301 14550357515079669871 1 5
8 5 2 0 3 

12 13811601009566447630 2 2
2 3 
3 2 

269 3224462700283131276 1 4
2 8 3 0 

112 4880995784867285669 1 3
5 4 6 

369 1686388169432820061 1 5
5 0 4 6 8 

84 4880995784867285669 1 3
2 4 6 

341 11105139954648041493 1 5
2 0 4 6 8 

20 16057663672689140328 1 2
4 2 

277 6276618748863879305 1 4
2 0 4 8 

278 12815071327694841775 1 4
2 4 1 8 

21 8314182141702135009 1 3
4 2 0 

24 16057663672689140328 1 2
4 3 

281 3029996095674828340 1 4
4 8 3 0 

40 13811601009566447630 2 2
3 5 
5 3 

297 15343790748681236939 1 4
5 8 0 3 

48 16057663672689140328 1 2
4 5 

305 16779597140795654605 1 4
5 0 4 8 

149 7775719511540455551 1 4
4 2 7 0 

406 1847552575113344429 1 5
2 7 4 1 8 

276 9092131938686820227 1 3
2 4 8 

22 108422713436611649 1 3
2 4 1 

279 3568526507124646174 1 5
2 0 4 1 8 

140 5147154787981543763 1 3
2 3 7 

397 15498091918484199532 1 5
2 8 3 7 0 

153 7720963999161288080 1 4
4 3 7 0 

410 17389482737629794726 1 5
3 7 4 1 8 

280 9092131938686820227 1 3
3 4 8 

23 3549739056365016550 1 4
2 0 4 1 

26 108422713436611649 1 3
3 4 1 

283 4413420112328929363 1 5
3 0 4 1 8 

168 5147154787981543763 1 3
5 3 7 

425 5040290399905778076 1 5
5 8 7 3 0 

282 12815071327694841775 1 4
3 4 1 8 

25 4189010045326060690 1 3
4 3 0 

28 16756858199187979348 2 3
4 3 2 
4 2 3 

285 15398900924196712293 1 5
2 4 8 3 0 

148 6432361931143694159 1 3
4 2 7 

405 13897988057211037798 1 5
2 4 8 7 0 

284 4238013296622897843 2 4
2 3 4 8 
3 2 4 8 

27 4588159413583185618 1 4
4 1 3 0 

30 8023684374601098437 2 4
2 3 4 1 
3 2 4 1 

152 3490191165724530952 1 3
4 3 7 

409 9507316286111960927 1 5
4 8 3 7 0 

134 14464322681345727777 2 3
2 1 7 
2 7 1 

391 13359856559744027423 8 5
2 1 8 7 0 
2 1 8 0 7 
2 0 7 1 8 
2 0 7 8 1 
2 7 0 1 8 
2 7 0 8 1 
2 8 1 7 0 
2 8 1 0 7 

261 14464322681345727777 2 3
2 0 8 
2 8 0 

7 14464322681345727777 2 3
2 1 0 
2 0 1 

388 14464322681345727777 2 3
2 7 8 
2 8 7 

176 13695875716064267514 1 3
4 5 7 

433 7542629786313572156 1 5
5 4 8 7 0 

196 9790497849770534921 2 3
2 6 7 
2 7 6 

453 15968493561554929179 1 5
2 6 8 7 0 

97 14464322681345727777 2 3
5 0 6 
5 6 0 

354 2413483033542367775 2 4
5 6 8 1 
5 8 6 1 

224 7977311541644482511 2 3
5 6 7 
5 7 6 

141 2904647960035365740 1 4
2 3 7 0 

398 5660169028273256874 1 5
2 3 7 1 8 

14 5929441778008549557 2 3
2 3 1 
3 2 1 

271 316746096397858794 1 5
2 3 0 1 8 

268 8978346329307520752 2 3
2 3 8 
3 2 8 

169 2904647960035365740 1 4
5 3 7 0 

426 1641740147293657867 1 5
5 7 3 8 1 

42 5929441778008549557 2 3
3 5 1 
5 3 1 

299 14160047124927152260 1 5
5 1 8 3 0 

296 13871357917731074364 2 3
3 5 8 
5 3 8 

39 8366814671184371901 2 4
0 1 5 2 
1 0 5 2 

177 11938168944509237485 1 4
4 5 7 0 

434 3453854469421754024 1 5
5 7 4 1 8 

50 108422713436611649 1 3
5 4 1 

307 16848299836461083665 1 5
5 0 4 1 8 

304 9092131938686820227 1 3
5 4 8 

47 8690037624244865919 1 5
1 5 2 3 0 

225 4444199970412988080 1 4
5 6 7 0 

352 7323112735729795569 2 3
5 6 8 
5 8 6 

162 8533824145127251727 2 3
5 1 7 
5 7 1 

419 3959569905953012489 2 5
5 7 0 8 1 
5 8 1 7 0 

35 7777280951167004470 2 3
5 1 0 
5 0 1 

289 8533824145127251727 2 3
5 0 8 
5 8 0 

416 10176953991774265477 2 3
5 7 8 
5 8 7 

142 4786370140648967462 1 4
2 1 3 7 

15 1350421611143869986 1 4
2 1 3 0 

150 15862012808414824108 1 4
2 7 4 1 

154 13158666103116773739 1 4
3 7 4 1 

293 10116363432887323098 2 4
0 8 5 2 
8 0 5 2 

166 10116363432887323098 2 4
1 7 5 2 
7 1 5 2 

170 2709238594086543269 1 4
5 1 3 7 

43 1602608418064193060 1 4
5 1 3 0 

300 11085576491209452512 1 4
3 8 5 2 

46 10885408293368597281 2 4
3 1 2 5 
3 1 5 2 

178 9705778446354584035 1 4
5 7 4 1 

329 8658101909039773473 2 4
6 8 3 0 
8 6 3 0 

330 2413483033542367775 2 4
3 6 8 1 
3 8 6 1 

332 6699394289352154359 2 4
2 3 6 8 
3 2 6 8 

340 3361403507696534030 1 4
2 4 6 8 

344 3361403507696534030 1 4
3 4 6 8 

87 10421028017615374770 1 5
2 0 4 1 6 

353 7010147491536846677 1 4
5 0 8 6 

360 16688074477554640333 2 4
3 5 6 8 
5 3 6 8 

103 10845859065380869653 1 5
0 5 2 1 6 

368 3361403507696534030 1 4
5 4 6 8 

389 4849430361981918121 2 4
2 8 7 0 
2 8 0 7 

390 4849430361981918121 2 4
2 7 1 8 
2 7 8 1 

396 18395602803973000098 1 4
2 8 3 7 

404 12271094815807887298 1 4
2 7 4 8 

408 16089009135098336165 1 4
3 7 4 8 

151 7978333295640469445 1 5
2 4 1 7 0 

417 11722965492617572201 1 4
5 8 7 0 

418 11722965492617572201 1 4
5 7 8 1 

424 8237894091674376865 1 4
5 8 7 3 

167 16873439295704285136 1 5
1 5 2 7 0 

432 6540147987215777745 1 4
5 7 4 8 

452 18055315935950069478 1 4
2 7 6 8 

456 14437601767220925767 2 4
3 7 6 8 
3 7 8 6 

199 2430324901915183356 2 5
2 6 1 7 0 
2 7 0 6 1 

480 11453544590885739030 1 4
5 7 6 8 

31 5919134464758585611 1 5
2 4 1 3 0 

59 17404352611023956979 1 5
5 4 1 3 0 

316 7727742834588596639 1 5
3 4 8 2 5 

61 1804643565945269363 1 5
4 3 0 2 5 

62 14576552553268147720 1 5
3 4 1 2 5 

79 9196762756382579012 2 5
2 3 0 1 6 
2 3 0 6 1 

91 1776366202979812195 1 5
3 0 4 1 6 

348 11201642906740423611 2 5
2 3 4 6 8 
3 2 4 6 8 

93 2737958853331447778 1 5
2 4 6 3 0 

94 5849787898404243402 2 5
2 3 4 1 6 
3 2 4 1 6 

107 1842125370238781623 1 5
5 3 0 1 6 

364 9179510333088653107 1 5
3 2 5 6 8 

109 12973402241384774392 1 5
6 2 5 3 0 

110 374180943901514029 1 5
3 2 5 1 6 

115 8547527913282965593 1 5
5 0 4 1 6 

372 3470128437971187378 2 5
2 5 4 6 8 
5 2 4 6 8 

117 13449464948999582800 2 5
0 4 6 5 2 
0 4 6 2 5 

118 11141490405734521258 2 5
2 5 4 1 6 
5 2 4 1 6 

121 15602165600264841971 1 5
5 4 6 3 0 

122 541645605482368006 2 5
3 5 4 1 6 
5 3 4 1 6 

124 4172925616912328686 1 5
3 4 6 2 5 

143 2884740448660561069 1 5
2 1 3 7 0 

155 17708489358580036697 1 5
4 1 3 7 0 

412 265722335785893331 1 5
2 4 8 3 7 

157 9188819252236882885 1 5
4 2 3 7 0 

158 6416082381717007802 1 5
2 4 1 3 7 

171 4280422543151865066 1 5
5 1 3 7 0 

428 4666512285610803702 1 5
8 7 3 5 2 

173 5833104052304562624 2 5
2 5 3 7 0 
5 2 3 7 0 

174 18445644441401086252 1 5
1 3 7 5 2 

179 12237818452424106484 1 5
5 4 1 7 0 

436 1384806845863334489 1 5
7 4 8 5 2 

181 7691330848909219805 1 5
4 7 0 5 2 

182 2484163330981477401 1 5
7 4 1 5 2 

185 8843491426583521209 1 5
4 5 7 3 0 

186 14616671924632295798 1 5
5 4 1 7 3 

188 3988366408720714847 1 5
4 7 3 5 2 

205 2901507909575488052 1 5
2 6 7 3 0 

206 14233200410134016554 1 5
2 7 3 6 1 

213 6354394150563568449 1 5
2 7 0 6 4 

214 462305832304431438 1 5
2 7 6 4 1 

217 7215856487895937969 1 5
4 6 3 7 0 

218 2063385674035638007 1 5
3 7 4 1 6 

220 7768913212442988751 1 5
2 7 3 6 4 

227 5732094764554997730 1 5
5 7 0 6 1 

229 16617980378882282751 1 5
6 7 0 5 2 

230 10046169289989312423 1 5
7 6 1 5 2 

233 15880834461074015911 1 5
5 6 7 3 0 

234 13510435526636554417 1 5
5 7 3 6 1 

236 11681967344908721555 1 5
6 7 3 5 2 

241 1896248719012580240 1 5
5 7 0 6 4 

242 11985730681841836798 1 5
5 7 6 4 1 

244 1126474674619500694 1 5
7 6 4 5 2 

248 2463407632093999936 1 5
5 7 3 6 4 

295 16873439295704285136 1 5
0 5 2 8 1 

327 16866028887141627224 2 5
2 0 6 8 1 
2 0 8 6 1 

331 8667644153057124415 2 5
3 0 6 8 1 
3 0 8 6 1 

355 14014785464921293911 1 5
5 0 8 6 1 

357 1491643626909781316 1 5
0 5 2 8 6 

376 1544377976720206873 2 5
3 5 4 6 8 
5 3 4 6 8 

421 15673562462023222686 1 5
8 5 2 7 0 

422 15673562462023222686 1 5
7 5 2 8 1 

440 17897853159801235682 1 5
5 4 8 7 3 

