B3[0,1,0,1,0,0,0,0,0]  # 10
B3[1,1,0,1,0,0,0,0,0]  # 11
B3[0,1,1,1,0,0,0,0,0]  # 14
B3[1,1,1,1,0,0,0,0,0]  # 15
B3[1,1,0,1,1,0,0,0,0]  # 27
B3[0,1,1,1,1,0,0,0,0]  # 30
B3[1,1,1,1,1,0,0,0,0]  # 31
B3[1,0,0,1,0,1,0,0,0]  # 41
B3[1,-1,0,1,0,1,0,0,0] # 41
B3[0,0,1,1,0,1,0,0,0]  # 44
B3[-1,0,1,1,0,1,0,0,0] # 44
B3[1,0,1,1,0,1,0,0,0]  # 45
B3[1,-1,1,1,0,1,0,0,0] # 45
B3[1,0,1,1,-1,1,0,0,0] # 45
B3[1,0,0,1,1,1,0,0,0]  # 57
B3[1,-1,0,1,1,1,0,0,0] # 57
B3[1,1,0,1,1,1,0,0,0]  # 59
B3[1,1,-1,1,1,1,0,0,0] # 59
B3[1,1,0,1,1,1,-1,0,0] # 59
B3[1,1,-2,1,1,1,0,0,0] # 59
