A1[0,0,0,0,0,0,0,0,0]*(-a2-a6-a4-2*a1+d-a8)
A1[-1,0,1,0,0,0,0,0,0]*(a2)
A1[0,-1,1,0,0,0,0,0,0]*(-a2)
A1[0,0,0,0,0,0,0,0,1]*(mm^2*a8-m1^2*a8)
A1[0,-1,0,0,1,0,0,0,0]*(-a4)
A1[0,-1,0,0,0,0,0,0,1]*(-a8)
A1[0,-1,0,0,0,0,1,0,0]*(-a6)
A1[0,0,0,0,0,0,1,0,0]*(a6*mm^2-m1^2*a6)

A1[0,0,0,0,0,0,0,0,0]*(-a2-a3-2*a0-a7-a5+d)
A1[1,0,0,0,0,0,0,0,0]*(-2*m1^2*a0)
A1[-1,0,1,0,0,0,0,0,0]*(-a2)
A1[0,-1,1,0,0,0,0,0,0]*(a2)
A1[0,0,0,0,0,0,0,1,0]*(-m1^2*a7+mm^2*a7)
A1[0,0,1,0,0,0,0,0,0]*(-2*a2*m1^2)
A1[-1,0,0,1,0,0,0,0,0]*(-a3)
A1[-1,0,0,0,0,0,0,1,0]*(-a7)
A1[0,0,0,1,0,0,0,0,0]*(-m1^2*a3)
A1[-1,0,0,0,0,1,0,0,0]*(-a5)
A1[0,0,0,0,0,1,0,0,0]*(-m1^2*a5+s*a5)

A1[0,0,0,0,0,0,0,0,0]*(a4-a1)
A1[0,1,0,0,-1,0,0,0,0]*(a1)
A1[-1,0,1,0,0,0,0,0,0]*(-a2)
A1[0,-1,1,0,0,0,0,0,0]*(-a2)
A1[0,0,1,-1,0,0,0,0,0]*(a2)
A1[0,0,1,0,-1,0,0,0,0]*(a2)
A1[0,0,1,0,0,0,0,0,0]*(-a2*m1^2)
A1[0,-1,0,0,1,0,0,0,0]*(-a4)
A1[0,0,0,0,0,0,0,0,1]*(-mm^2*a8+t*a8)
A1[0,-1,0,0,0,0,1,0,0]*(-a6)
A1[0,0,0,0,-1,0,1,0,0]*(a6)
A1[0,0,0,0,0,0,1,0,0]*(a6*t-a6*mm^2+s*a6)
A1[0,-1,0,0,0,0,0,0,1]*(-a8)
A1[0,0,0,0,-1,0,0,0,1]*(a8)

A1[0,0,0,0,0,0,0,0,0]*(a3-a0)
A1[1,0,0,-1,0,0,0,0,0]*(a0)
A1[1,0,0,0,0,0,0,0,0]*(-m1^2*a0)
A1[-1,0,1,0,0,0,0,0,0]*(-a2)
A1[0,-1,1,0,0,0,0,0,0]*(-a2)
A1[0,0,1,-1,0,0,0,0,0]*(a2)
A1[0,0,1,0,-1,0,0,0,0]*(a2)
A1[0,0,1,0,0,0,0,0,0]*(-a2*m1^2)
A1[-1,0,0,1,0,0,0,0,0]*(-a3)
A1[0,0,0,0,0,0,0,1,0]*(-a7*t-m1^2*a7+mm^2*a7)
A1[0,0,0,1,0,0,0,0,0]*(-m1^2*a3)
A1[-1,0,0,0,0,1,0,0,0]*(-a5)
A1[0,0,0,-1,0,1,0,0,0]*(a5)
A1[0,0,0,0,0,1,0,0,0]*(-m1^2*a5+s*a5)
A1[-1,0,0,0,0,0,0,1,0]*(-a7)
A1[0,0,0,-1,0,0,0,1,0]*(a7)

A1[1,0,0,-1,0,0,0,0,0]*(-a0)
A1[1,0,0,0,0,-1,0,0,0]*(a0)
A1[1,0,0,0,0,0,0,0,0]*(-s*a0)
A1[0,-1,1,0,0,0,0,0,0]*(a2)
A1[0,0,1,-1,0,0,0,0,0]*(-a2)
A1[0,0,1,0,-1,0,0,0,0]*(-a2)
A1[0,0,1,0,0,-1,0,0,0]*(a2)
A1[0,0,1,0,0,0,-1,0,0]*(a2)
A1[0,0,1,0,0,0,0,0,-1]*(-a2)
A1[0,0,1,0,0,0,0,0,0]*(-a2*s)
A1[0,0,0,0,0,0,0,0,0]*(-a3+a5)
A1[0,0,0,1,0,-1,0,0,0]*(a3)
A1[0,0,0,-1,0,1,0,0,0]*(-a5)
A1[0,0,0,0,0,0,0,1,0]*(a7*t-mm^2*a7)
A1[0,0,0,-1,0,0,0,1,0]*(-a7)
A1[0,0,0,0,0,-1,0,1,0]*(a7)

A1[0,0,0,0,0,0,0,0,0]*(-a0+a7)
A1[1,0,0,0,0,0,0,-1,0]*(a0)
A1[1,0,0,0,0,0,0,0,0]*(-a0*mm^2-m1^2*a0)
A1[-1,0,1,0,0,0,0,0,0]*(-a2)
A1[0,-1,1,0,0,0,0,0,0]*(a2)
A1[0,0,1,0,0,0,0,-1,0]*(a2)
A1[0,0,1,0,0,0,0,0,-1]*(-a2)
A1[0,0,1,0,0,0,0,0,0]*(-2*a2*m1^2)
A1[-1,0,0,1,0,0,0,0,0]*(-a3)
A1[0,0,0,1,0,0,0,-1,0]*(a3)
A1[0,0,0,1,0,0,0,0,0]*(-a3*t-m1^2*a3)
A1[-1,0,0,0,0,1,0,0,0]*(-a5)
A1[0,0,0,0,0,1,0,-1,0]*(a5)
A1[0,0,0,0,0,1,0,0,0]*(-mm^2*a5-m1^2*a5+s*a5)
A1[-1,0,0,0,0,0,0,1,0]*(-a7)
A1[0,0,0,0,0,0,0,1,0]*(-m1^2*a7+mm^2*a7)

A1[0,0,0,0,0,0,0,0,0]*(a1-a8)
A1[0,1,0,0,0,0,0,0,-1]*(-a1)
A1[0,1,0,0,0,0,0,0,0]*(-m1^2*a1+mm^2*a1)
A1[-1,0,1,0,0,0,0,0,0]*(-a2)
A1[0,-1,1,0,0,0,0,0,0]*(a2)
A1[0,0,1,0,0,0,0,-1,0]*(a2)
A1[0,0,1,0,0,0,0,0,-1]*(-a2)
A1[0,0,1,0,0,0,0,0,0]*(-2*a2*m1^2)
A1[0,-1,0,0,1,0,0,0,0]*(a4)
A1[0,0,0,0,1,0,0,0,-1]*(-a4)
A1[0,0,0,0,1,0,0,0,0]*(-m1^2*a4-a4*t+2*mm^2*a4)
A1[0,-1,0,0,0,0,1,0,0]*(a6)
A1[0,0,0,0,0,0,1,0,-1]*(-a6)
A1[0,0,0,0,0,0,1,0,0]*(-a6*mm^2+s*a6-m1^2*a6)
A1[0,-1,0,0,0,0,0,0,1]*(a8)
A1[0,0,0,0,0,0,0,0,1]*(-mm^2*a8-m1^2*a8)

A1[0,0,0,0,0,0,0,0,0]*(-a2+a0)
A1[1,-1,0,0,0,0,0,0,0]*(a0)
A1[1,0,-1,0,0,0,0,0,0]*(-a0)
A1[-1,0,1,0,0,0,0,0,0]*(a2)
A1[0,-1,1,0,0,0,0,0,0]*(-a2)
A1[0,0,0,0,0,0,0,1,0]*(m1^2*a7-mm^2*a7)
A1[-1,0,0,1,0,0,0,0,0]*(a3)
A1[0,-1,0,1,0,0,0,0,0]*(2*a3)
A1[0,0,-1,1,0,0,0,0,0]*(-a3)
A1[0,0,0,1,-1,0,0,0,0]*(-a3)
A1[-1,0,0,0,0,1,0,0,0]*(a5)
A1[0,-1,0,0,0,1,0,0,0]*(a5)
A1[0,0,-1,0,0,1,0,0,0]*(-a5)
A1[0,0,0,0,0,1,-1,0,0]*(-a5)
A1[0,0,0,0,0,1,0,0,-1]*(a5)
A1[-1,0,0,0,0,0,0,1,0]*(a7)
A1[0,0,-1,0,0,0,0,1,0]*(-a7)
A1[0,0,0,0,0,0,0,1,-1]*(a7)

A1[-1,1,0,0,0,0,0,0,0]*(a1)
A1[0,0,0,0,0,0,0,0,0]*(-a2+a1)
A1[0,1,-1,0,0,0,0,0,0]*(-a1)
A1[-1,0,1,0,0,0,0,0,0]*(-a2)
A1[0,-1,1,0,0,0,0,0,0]*(a2)
A1[0,0,0,0,0,0,0,0,1]*(-mm^2*a8-m1^2*a8)
A1[0,0,1,0,0,0,0,0,0]*(-2*a2*m1^2)
A1[-1,0,0,0,1,0,0,0,0]*(2*a4)
A1[0,-1,0,0,1,0,0,0,0]*(a4)
A1[0,0,-1,0,1,0,0,0,0]*(-a4)
A1[0,0,0,-1,1,0,0,0,0]*(-a4)
A1[0,0,0,0,1,0,0,0,0]*(m1^2*a4)
A1[-1,0,0,0,0,0,1,0,0]*(a6)
A1[0,-1,0,0,0,0,1,0,0]*(a6)
A1[0,0,-1,0,0,0,1,0,0]*(-a6)
A1[0,0,0,0,0,-1,1,0,0]*(-a6)
A1[0,0,0,0,0,0,1,-1,0]*(a6)
A1[0,0,0,0,0,0,1,0,0]*(-a6*mm^2+s*a6)
A1[0,-1,0,0,0,0,0,0,1]*(a8)
A1[0,0,-1,0,0,0,0,0,1]*(-a8)
A1[0,0,0,0,0,0,0,-1,1]*(a8)

A1[0,0,0,0,0,0,0,0,0]*(a6-a4+a1-a8)
A1[0,1,0,0,-1,0,0,0,0]*(-a1)
A1[0,1,0,0,0,0,-1,0,0]*(a1)
A1[0,1,0,0,0,0,0,0,-1]*(-a1)
A1[0,-1,1,0,0,0,0,0,0]*(a2)
A1[0,0,1,-1,0,0,0,0,0]*(-a2)
A1[0,0,1,0,-1,0,0,0,0]*(-a2)
A1[0,0,1,0,0,-1,0,0,0]*(a2)
A1[0,0,1,0,0,0,-1,0,0]*(a2)
A1[0,0,1,0,0,0,0,0,-1]*(-a2)
A1[0,0,1,0,0,0,0,0,0]*(-a2*s)
A1[0,-1,0,0,1,0,0,0,0]*(a4)
A1[0,0,0,0,0,0,0,0,1]*(mm^2*a8-t*a8-s*a8)
A1[0,0,0,0,1,0,-1,0,0]*(a4)
A1[0,0,0,0,1,0,0,0,-1]*(-a4)
A1[0,0,0,0,1,0,0,0,0]*(s*a4)
A1[0,-1,0,0,0,0,1,0,0]*(a6)
A1[0,0,0,0,-1,0,1,0,0]*(-a6)
A1[0,0,0,0,0,0,-1,0,1]*(a8)
A1[0,0,0,0,0,0,1,0,-1]*(-a6)
A1[0,0,0,0,0,0,1,0,0]*(-a6*t+a6*mm^2)
A1[0,-1,0,0,0,0,0,0,1]*(a8)
A1[0,0,0,0,-1,0,0,0,1]*(-a8)

