0
3 1
1 8
0 0 0 1 0 
-1 1 0 1 m1^2+t-mmv^2 
-1 0 1 1 m1^2+t-mmv^2 
-1 1 1 0 -s 

1
3 5
3 3
1 0 0 0 0 
0 0 1 0 0 
0 1 0 0 0 
0 0 1 0 0 

0
3 6
0 6
1 0 0 0 -m1^2 
0 1 0 0 0 
0 0 1 0 0 
0 1 1 -1 -s+2*mmv^2 

0
3 9
2 9
0 0 0 1 0 
1 -1 0 1 s+m1^2+t-mmv^2 
1 0 -1 1 s+m1^2+t-mmv^2 
1 0 0 0 0 

1
3 10
0 10
1 0 0 0 0 
0 1 0 0 0 
1 0 0 0 0 
0 0 0 1 0 

0
3 12
0 10
-1 1 1 0 -s-m1^2 
0 0 1 0 0 
0 1 0 0 0 
0 0 0 1 0 

1
3 13
3 11
1 0 0 0 0 
0 0 1 0 0 
0 1 0 0 0 
0 0 0 1 0 

0
3 14
0 14
-1 1 1 0 -s-m1^2 
0 0 1 0 0 
0 1 0 0 0 
0 0 0 1 0 

