D31[-1, 0, 1, 1, 1, 1, 0, 0, 0]
D31[-1, 1, 1, 0, 1, 1, 0, 0, 0]
D31[-1, 1, 1, 1, 1, 0, 0, 0, 0]
D31[-1, 1, 1, 1, 1, 1, 0, 0, 0]
D31[0, -1, 1, 1, 1, 1, 0, 0, 0]
D31[0, 0, 0, 1, 1, 1, 0, 0, 0]
D31[0, 0, 1, 0, 1, 1, 0, 0, 0]
D31[0, 0, 1, 1, 0, 1, 0, 0, 0]
D31[0, 0, 1, 1, 1, 0, 0, 0, 0]
D31[0, 0, 1, 1, 1, 1, -1, 0, 0]
D31[0, 0, 1, 1, 1, 1, 0, -1, 0]
D31[0, 0, 1, 1, 1, 1, 0, 0, -1]
D31[0, 0, 1, 1, 1, 1, 0, 0, 0]
D31[0, 1, 0, 0, 1, 1, 0, 0, 0]
D31[0, 1, 0, 1, 1, 0, 0, 0, 0]
D31[0, 1, 0, 1, 1, 1, 0, 0, -1]
D31[0, 1, 0, 1, 1, 1, 0, 0, 0]
D31[0, 1, 1, -1, 1, 1, 0, 0, 0]
D31[0, 1, 1, 0, 0, 1, 0, 0, 0]
D31[0, 1, 1, 0, 1, 0, 0, 0, 0]
D31[0, 1, 1, 0, 1, 1, -1, 0, 0]
D31[0, 1, 1, 0, 1, 1, 0, -1, 0]
D31[0, 1, 1, 0, 1, 1, 0, 0, -1]
D31[0, 1, 1, 0, 1, 1, 0, 0, 0]
D31[0, 1, 1, 1, 0, 0, 0, 0, 0]
D31[0, 1, 1, 1, 0, 1, 0, 0, -1]
D31[0, 1, 1, 1, 0, 1, 0, 0, 0]
D31[0, 1, 1, 1, 1, -1, 0, 0, 0]
D31[0, 1, 1, 1, 1, 0, -1, 0, 0]
D31[0, 1, 1, 1, 1, 0, 0, -1, 0]
D31[0, 1, 1, 1, 1, 0, 0, 0, -1]
D31[0, 1, 1, 1, 1, 0, 0, 0, 0]
D31[0, 1, 1, 1, 1, 1, -1, 0, -1]
D31[0, 1, 1, 1, 1, 1, -1, 0, 0]
D31[0, 1, 1, 1, 1, 1, 0, -1, 0]
D31[0, 1, 1, 1, 1, 1, 0, 0, -2]
D31[0, 1, 1, 1, 1, 1, 0, 0, -1]
D31[0, 1, 1, 1, 1, 1, 0, 0, 0]
D31[1, -2, 1, 1, 1, 1, 0, 0, 0]
D31[1, -1, 0, 1, 1, 1, 0, 0, 0]
D31[1, -1, 1, 1, 0, 1, 0, 0, 0]
D31[1, -1, 1, 1, 1, 0, 0, 0, 0]
D31[1, -1, 1, 1, 1, 1, -1, 0, 0]
D31[1, -1, 1, 1, 1, 1, 0, -1, 0]
D31[1, -1, 1, 1, 1, 1, 0, 0, -1]
D31[1, -1, 1, 1, 1, 1, 0, 0, 0]
D31[1, 0, 0, 0, 1, 1, 0, 0, 0]
D31[1, 0, 0, 1, 0, 1, 0, 0, 0]
D31[1, 0, 0, 1, 1, 0, 0, 0, 0]
D31[1, 0, 0, 1, 1, 1, -1, 0, 0]
D31[1, 0, 0, 1, 1, 1, 0, -1, 0]
D31[1, 0, 0, 1, 1, 1, 0, 0, -1]
D31[1, 0, 0, 1, 1, 1, 0, 0, 0]
D31[1, 0, 1, -1, 1, 1, 0, 0, 0]
D31[1, 0, 1, 0, 1, 0, 0, 0, 0]
D31[1, 0, 1, 0, 1, 1, -1, 0, 0]
D31[1, 0, 1, 0, 1, 1, 0, -1, 0]
D31[1, 0, 1, 0, 1, 1, 0, 0, -1]
D31[1, 0, 1, 0, 1, 1, 0, 0, 0]
D31[1, 0, 1, 1, 0, 0, 0, 0, 0]
D31[1, 0, 1, 1, 0, 1, -1, 0, 0]
D31[1, 0, 1, 1, 0, 1, 0, -1, 0]
D31[1, 0, 1, 1, 0, 1, 0, 0, -1]
D31[1, 0, 1, 1, 0, 1, 0, 0, 0]
D31[1, 0, 1, 1, 1, -1, 0, 0, 0]
D31[1, 0, 1, 1, 1, 0, -1, 0, 0]
D31[1, 0, 1, 1, 1, 0, 0, -1, 0]
D31[1, 0, 1, 1, 1, 0, 0, 0, -1]
D31[1, 0, 1, 1, 1, 0, 0, 0, 0]
D31[1, 0, 1, 1, 1, 1, -2, 0, 0]
D31[1, 0, 1, 1, 1, 1, -1, -1, 0]
D31[1, 0, 1, 1, 1, 1, -1, 0, -1]
D31[1, 0, 1, 1, 1, 1, -1, 0, 0]
D31[1, 0, 1, 1, 1, 1, 0, -2, 0]
D31[1, 0, 1, 1, 1, 1, 0, -1, -1]
D31[1, 0, 1, 1, 1, 1, 0, -1, 0]
D31[1, 0, 1, 1, 1, 1, 0, 0, -2]
D31[1, 0, 1, 1, 1, 1, 0, 0, -1]
D31[1, 0, 1, 1, 1, 1, 0, 0, 0]
D31[1, 1, -1, 0, 1, 1, 0, 0, 0]
D31[1, 1, -1, 1, 1, 0, 0, 0, 0]
D31[1, 1, 0, -1, 1, 1, 0, 0, 0]
D31[1, 1, 0, 0, 0, 1, 0, 0, 0]
D31[1, 1, 0, 0, 1, 0, 0, 0, 0]
D31[1, 1, 0, 0, 1, 1, -1, 0, 0]
D31[1, 1, 0, 0, 1, 1, 0, -1, 0]
D31[1, 1, 0, 0, 1, 1, 0, 0, -1]
D31[1, 1, 0, 0, 1, 1, 0, 0, 0]
D31[1, 1, 0, 1, 0, 0, 0, 0, 0]
D31[1, 1, 0, 1, 0, 1, 0, 0, -1]
D31[1, 1, 0, 1, 0, 1, 0, 0, 0]
D31[1, 1, 0, 1, 1, -1, 0, 0, 0]
D31[1, 1, 0, 1, 1, 0, -1, 0, 0]
D31[1, 1, 0, 1, 1, 0, 0, -1, 0]
D31[1, 1, 0, 1, 1, 0, 0, 0, -1]
D31[1, 1, 0, 1, 1, 0, 0, 0, 0]
D31[1, 1, 0, 1, 1, 1, -1, 0, -1]
D31[1, 1, 0, 1, 1, 1, -1, 0, 0]
D31[1, 1, 0, 1, 1, 1, 0, -1, -1]
D31[1, 1, 0, 1, 1, 1, 0, 0, -2]
D31[1, 1, 0, 1, 1, 1, 0, 0, -1]
D31[1, 1, 0, 1, 1, 1, 0, 0, 0]
D31[1, 1, 1, -1, 0, 1, 0, 0, 0]
D31[1, 1, 1, -1, 1, 1, -1, 0, 0]
D31[1, 1, 1, -1, 1, 1, 0, -1, 0]
D31[1, 1, 1, -1, 1, 1, 0, 0, 0]
D31[1, 1, 1, 0, 0, 0, 0, 0, 0]
D31[1, 1, 1, 0, 0, 1, -1, 0, 0]
D31[1, 1, 1, 0, 0, 1, 0, -1, 0]
D31[1, 1, 1, 0, 0, 1, 0, 0, -1]
D31[1, 1, 1, 0, 0, 1, 0, 0, 0]
D31[1, 1, 1, 0, 1, 0, -1, 0, 0]
D31[1, 1, 1, 0, 1, 0, 0, -1, 0]
D31[1, 1, 1, 0, 1, 0, 0, 0, 0]
D31[1, 1, 1, 0, 1, 1, -2, 0, 0]
D31[1, 1, 1, 0, 1, 1, -1, -1, 0]
D31[1, 1, 1, 0, 1, 1, -1, 0, -1]
D31[1, 1, 1, 0, 1, 1, -1, 0, 0]
D31[1, 1, 1, 0, 1, 1, 0, -2, 0]
D31[1, 1, 1, 0, 1, 1, 0, -1, -1]
D31[1, 1, 1, 0, 1, 1, 0, -1, 0]
D31[1, 1, 1, 0, 1, 1, 0, 0, -1]
D31[1, 1, 1, 0, 1, 1, 0, 0, 0]
D31[1, 1, 1, 1, -1, 1, 0, 0, 0]
D31[1, 1, 1, 1, 0, -1, 0, 0, 0]
D31[1, 1, 1, 1, 0, 0, -1, 0, 0]
D31[1, 1, 1, 1, 0, 0, 0, -1, 0]
D31[1, 1, 1, 1, 0, 0, 0, 0, -1]
D31[1, 1, 1, 1, 0, 0, 0, 0, 0]
D31[1, 1, 1, 1, 0, 1, -1, 0, -1]
D31[1, 1, 1, 1, 0, 1, -1, 0, 0]
D31[1, 1, 1, 1, 0, 1, 0, -1, -1]
D31[1, 1, 1, 1, 0, 1, 0, -1, 0]
D31[1, 1, 1, 1, 0, 1, 0, 0, -2]
D31[1, 1, 1, 1, 0, 1, 0, 0, -1]
D31[1, 1, 1, 1, 0, 1, 0, 0, 0]
D31[1, 1, 1, 1, 1, -1, 0, 0, 0]
D31[1, 1, 1, 1, 1, 0, -1, 0, 0]
D31[1, 1, 1, 1, 1, 0, 0, -1, 0]
D31[1, 1, 1, 1, 1, 0, 0, 0, -1]
D31[1, 1, 1, 1, 1, 0, 0, 0, 0]
D31[1, 1, 1, 1, 1, 1, -2, 0, 0]
D31[1, 1, 1, 1, 1, 1, -1, -1, 0]
D31[1, 1, 1, 1, 1, 1, -1, 0, -1]
D31[1, 1, 1, 1, 1, 1, -1, 0, 0]
D31[1, 1, 1, 1, 1, 1, 0, -2, 0]
D31[1, 1, 1, 1, 1, 1, 0, -1, -1]
D31[1, 1, 1, 1, 1, 1, 0, -1, 0]
D31[1, 1, 1, 1, 1, 1, 0, 0, -2]
D31[1, 1, 1, 1, 1, 1, 0, 0, -1]
D31[1, 1, 1, 1, 1, 1, 0, 0, 0]
D31[0, 2, 0, -1, 1, 1, 0, 0, 0]
D31[0, 2, 0, 0, 1, 0, 0, 0, 0]
D31[0, 2, 0, 0, 1, 1, 0, 0, -1]
D31[0, 2, 0, 0, 1, 1, 0, 0, 0]
D31[0, 2, 0, 1, 1, -1, 0, 0, 0]
D31[0, 2, 0, 1, 1, 0, 0, 0, -1]
D31[0, 2, 0, 1, 1, 0, 0, 0, 0]
D31[0, 2, 0, 1, 1, 1, 0, 0, -2]
D31[0, 2, 0, 1, 1, 1, 0, 0, -1]
D31[0, 2, 0, 1, 1, 1, 0, 0, 0]
D31[1, 0, -1, 1, 1, 1, 0, 0, 0]
D31[1, 1, -1, 1, 1, 1, 0, 0, -1]
D31[1, 1, -1, 1, 1, 1, 0, 0, 0]
D31[1, 1, 0, 1, 1, 1, 0, -1, 0]
D31[1, 2, 0, -1, 0, 1, 0, 0, 0]
D31[1, 2, 0, -1, 1, 1, 0, 0, 0]
D31[1, 2, 0, 0, 0, 0, 0, 0, 0]
D31[1, 2, 0, 0, 0, 1, 0, 0, -1]
D31[1, 2, 0, 0, 0, 1, 0, 0, 0]
D31[1, 2, 0, 0, 1, 0, 0, 0, 0]
D31[1, 2, 0, 0, 1, 1, 0, 0, -1]
D31[1, 2, 0, 0, 1, 1, 0, 0, 0]
D31[1, 2, 0, 1, 0, -1, 0, 0, 0]
D31[1, 2, 0, 1, 0, 0, 0, 0, -1]
D31[1, 2, 0, 1, 0, 0, 0, 0, 0]
D31[1, 2, 0, 1, 0, 1, 0, 0, -2]
D31[1, 2, 0, 1, 0, 1, 0, 0, -1]
D31[1, 2, 0, 1, 0, 1, 0, 0, 0]
D31[1, 2, 0, 1, 1, -1, 0, 0, 0]
D31[1, 2, 0, 1, 1, 0, 0, 0, -1]
D31[1, 2, 0, 1, 1, 0, 0, 0, 0]
D31[1, 2, 0, 1, 1, 1, 0, 0, -2]
D31[1, 2, 0, 1, 1, 1, 0, 0, -1]
D31[1, 2, 0, 1, 1, 1, 0, 0, 0]