D23[-1, 1, 1, 0, 1, 1, 0, 0, 0]
D23[0, 0, 1, 0, 1, 1, 0, 0, 0]
D23[0, 0, 1, 1, 1, 0, 0, 0, 0]
D23[0, 1, 0, 0, 1, 1, 0, 0, 0]
D23[0, 1, 0, 1, 1, 0, 0, 0, 0]
D23[0, 1, 1, -1, 1, 1, 0, 0, 0]
D23[0, 1, 1, 0, 0, 1, 0, 0, 0]
D23[0, 1, 1, 0, 1, 0, 0, 0, 0]
D23[0, 1, 1, 0, 1, 1, -1, 0, 0]
D23[0, 1, 1, 0, 1, 1, 0, -1, 0]
D23[0, 1, 1, 0, 1, 1, 0, 0, -1]
D23[0, 1, 1, 0, 1, 1, 0, 0, 0]
D23[0, 1, 1, 1, 0, 0, 0, 0, 0]
D23[0, 1, 1, 1, 1, -1, 0, 0, 0]
D23[0, 1, 1, 1, 1, 0, 0, 0, -1]
D23[0, 1, 1, 1, 1, 0, 0, 0, 0]
D23[1, -1, 1, 0, 1, 1, 0, 0, 0]
D23[1, -1, 1, 1, 1, 0, 0, 0, 0]
D23[1, 0, 0, 0, 1, 1, 0, 0, 0]
D23[1, 0, 0, 1, 1, 0, 0, 0, 0]
D23[1, 0, 1, -1, 1, 1, 0, 0, 0]
D23[1, 0, 1, 0, 0, 1, 0, 0, 0]
D23[1, 0, 1, 0, 1, 0, 0, 0, 0]
D23[1, 0, 1, 0, 1, 1, -1, 0, 0]
D23[1, 0, 1, 0, 1, 1, 0, -1, 0]
D23[1, 0, 1, 0, 1, 1, 0, 0, -1]
D23[1, 0, 1, 0, 1, 1, 0, 0, 0]
D23[1, 0, 1, 1, 0, 0, 0, 0, 0]
D23[1, 0, 1, 1, 1, -1, 0, 0, 0]
D23[1, 0, 1, 1, 1, 0, -1, 0, 0]
D23[1, 0, 1, 1, 1, 0, 0, -1, 0]
D23[1, 0, 1, 1, 1, 0, 0, 0, -1]
D23[1, 0, 1, 1, 1, 0, 0, 0, 0]
D23[1, 1, -1, 0, 1, 1, 0, 0, 0]
D23[1, 1, -1, 1, 1, 0, 0, 0, 0]
D23[1, 1, 0, -1, 1, 1, 0, 0, 0]
D23[1, 1, 0, 0, 0, 1, 0, 0, 0]
D23[1, 1, 0, 0, 1, 0, 0, 0, 0]
D23[1, 1, 0, 0, 1, 1, -1, 0, 0]
D23[1, 1, 0, 0, 1, 1, 0, -1, 0]
D23[1, 1, 0, 0, 1, 1, 0, 0, -1]
D23[1, 1, 0, 0, 1, 1, 0, 0, 0]
D23[1, 1, 0, 1, 0, 0, 0, 0, 0]
D23[1, 1, 0, 1, 1, -1, 0, 0, 0]
D23[1, 1, 0, 1, 1, 0, -1, 0, 0]
D23[1, 1, 0, 1, 1, 0, 0, -1, 0]
D23[1, 1, 0, 1, 1, 0, 0, 0, -1]
D23[1, 1, 0, 1, 1, 0, 0, 0, 0]
D23[1, 1, 1, -1, 0, 1, 0, 0, 0]
D23[1, 1, 1, -1, 1, 1, -1, 0, 0]
D23[1, 1, 1, -1, 1, 1, 0, 0, 0]
D23[1, 1, 1, 0, 0, 0, 0, 0, 0]
D23[1, 1, 1, 0, 0, 1, -1, 0, 0]
D23[1, 1, 1, 0, 0, 1, 0, -1, 0]
D23[1, 1, 1, 0, 0, 1, 0, 0, -1]
D23[1, 1, 1, 0, 0, 1, 0, 0, 0]
D23[1, 1, 1, 0, 1, 0, -1, 0, 0]
D23[1, 1, 1, 0, 1, 0, 0, -1, 0]
D23[1, 1, 1, 0, 1, 0, 0, 0, 0]
D23[1, 1, 1, 0, 1, 1, -2, 0, 0]
D23[1, 1, 1, 0, 1, 1, -1, -1, 0]
D23[1, 1, 1, 0, 1, 1, -1, 0, -1]
D23[1, 1, 1, 0, 1, 1, -1, 0, 0]
D23[1, 1, 1, 0, 1, 1, 0, -1, 0]
D23[1, 1, 1, 0, 1, 1, 0, 0, -1]
D23[1, 1, 1, 0, 1, 1, 0, 0, 0]
D23[1, 1, 1, 1, 0, -1, 0, 0, 0]
D23[1, 1, 1, 1, 0, 0, -1, 0, 0]
D23[1, 1, 1, 1, 0, 0, 0, -1, 0]
D23[1, 1, 1, 1, 0, 0, 0, 0, -1]
D23[1, 1, 1, 1, 0, 0, 0, 0, 0]
D23[1, 1, 1, 1, 1, -1, 0, 0, 0]
D23[1, 1, 1, 1, 1, 0, -1, 0, 0]
D23[1, 1, 1, 1, 1, 0, 0, -1, 0]
D23[1, 1, 1, 1, 1, 0, 0, 0, -1]
D23[1, 1, 1, 1, 1, 0, 0, 0, 0]