1
15 22
15 19
0 0 1 0 0 0 0 0 0 0 
0 1 0 0 0 0 0 0 0 0 
1 0 0 0 0 0 0 0 0 0 
0 0 1 0 0 0 0 0 0 0 
0 0 0 0 1 0 0 0 0 0 
0 0 1 0 0 0 0 0 0 0 
0 0 1 0 0 0 0 0 0 0 
0 0 1 0 0 0 0 0 0 0 
0 0 1 0 0 0 0 0 0 0 

0
15 24
15 18
1 0 1 0 0 -1 0 0 0 s-m1^2 
0 2 0 -1 0 0 0 0 0 2*s 
0 0 2 0 0 -1 0 0 0 2*s-m1^2 
0 1 0 0 0 0 0 0 0 0 
0 0 0 0 1 0 0 0 0 0 
0 0 1 0 0 0 0 0 0 -m1^2 
0 1 0 -1 0 0 1 0 0 3*s 
0 0 1 0 0 -1 0 1 0 2*s-m1^2 
0 1 0 -1 0 0 0 0 1 3*s 

1
15 25
15 19
1 0 0 0 0 0 0 0 0 0 
0 0 1 0 0 0 0 0 0 0 
0 0 1 0 0 0 0 0 0 0 
0 1 0 0 0 0 0 0 0 0 
0 0 0 0 1 0 0 0 0 0 
0 0 1 0 0 0 0 0 0 0 
0 0 1 0 0 0 0 0 0 0 
0 0 1 0 0 0 0 0 0 0 
0 0 1 0 0 0 0 0 0 0 

0
15 34
11 3
2 0 0 0 0 -1 0 0 0 2*m1^2 
0 1 0 0 0 0 0 0 0 0 
1 0 1 0 0 -1 0 0 0 s+m1^2 
0 0 0 1 0 0 0 0 0 0 
1 -2 0 1 1 -1 0 0 1 -2*m2^2+m1^2 
1 0 0 0 0 0 0 0 0 0 
0 0 0 0 0 0 1 0 0 0 
1 0 0 0 0 -1 0 1 0 s+m1^2+t 
0 0 0 0 0 0 0 0 1 0 

1
15 35
11 7
0 0 1 0 0 0 0 0 0 0 
0 1 0 0 0 0 0 0 0 0 
0 0 0 1 0 0 0 0 0 0 
0 0 0 1 0 0 0 0 0 0 
0 0 0 1 0 0 0 0 0 0 
1 0 0 0 0 0 0 0 0 0 
0 0 0 1 0 0 0 0 0 0 
0 0 0 1 0 0 0 0 0 0 
0 0 0 1 0 0 0 0 0 0 

0
15 40
11 3
2 0 0 0 0 -1 0 0 0 2*m1^2 
0 2 0 -1 0 0 0 0 0 2*s 
1 0 1 0 0 -1 0 0 0 s+m1^2 
0 1 0 0 0 0 0 0 0 0 
1 -1 -1 0 1 0 0 0 1 -2*m2^2+m1^2 
1 0 0 0 0 0 0 0 0 0 
0 1 0 -1 0 0 1 0 0 3*s 
1 0 0 0 0 -1 0 1 0 s+m1^2+t 
0 1 0 -1 0 0 0 0 1 3*s 

1
15 41
11 7
0 0 1 0 0 0 0 0 0 0 
0 0 0 1 0 0 0 0 0 0 
0 0 0 1 0 0 0 0 0 0 
0 1 0 0 0 0 0 0 0 0 
0 0 0 1 0 0 0 0 0 0 
1 0 0 0 0 0 0 0 0 0 
0 0 0 1 0 0 0 0 0 0 
0 0 0 1 0 0 0 0 0 0 
0 0 0 1 0 0 0 0 0 0 

0
15 42
11 11
2 0 0 0 0 -1 0 0 0 2*m1^2 
0 0 0 1 0 0 0 0 0 0 
1 0 1 0 0 -1 0 0 0 s+m1^2 
0 1 0 0 0 0 0 0 0 0 
1 3 1 0 -1 0 0 0 -1 2*m2^2+m1^2 
1 0 0 0 0 0 0 0 0 0 
0 1 0 1 0 0 -1 0 0 s+2*m2^2 
1 0 0 0 0 -1 0 1 0 s+m1^2+t 
0 1 0 1 0 0 0 0 -1 s+2*m2^2 

1
15 43
11 15
0 0 1 0 0 0 0 0 0 0 
0 1 0 0 0 0 0 0 0 0 
0 0 0 0 1 0 0 0 0 0 
0 0 0 1 0 0 0 0 0 0 
0 0 0 0 1 0 0 0 0 0 
1 0 0 0 0 0 0 0 0 0 
0 0 0 0 1 0 0 0 0 0 
0 0 0 0 1 0 0 0 0 0 
0 0 0 0 1 0 0 0 0 0 

0
15 44
15 38
1 0 0 0 0 0 0 0 0 0 
0 2 0 -1 0 0 0 0 0 2*s 
0 0 1 0 0 0 0 0 0 0 
0 1 0 0 0 0 0 0 0 0 
0 1 -1 -1 1 1 0 0 0 s+m1^2 
0 0 0 0 0 1 0 0 0 0 
0 1 0 -1 0 0 1 0 0 3*s 
0 0 0 0 0 0 0 1 0 0 
0 1 0 -1 0 0 0 0 1 3*s 

0
15 45
15 39
1 0 0 0 0 0 0 0 0 0 
0 2 0 -1 0 0 0 0 0 2*s 
0 0 1 0 0 0 0 0 0 0 
0 1 0 0 0 0 0 0 0 0 
0 1 -1 -1 1 1 0 0 0 s+m1^2 
0 0 0 0 0 1 0 0 0 0 
0 1 0 -1 0 0 1 0 0 3*s 
0 0 0 0 0 0 0 1 0 0 
0 1 0 -1 0 0 0 0 1 3*s 

0
15 48
11 3
2 0 0 0 0 -1 0 0 0 2*m1^2 
1 4 2 -1 -1 -1 0 0 -1 2*s+2*m2^2+m1^2 
1 0 1 0 0 -1 0 0 0 s+m1^2 
1 3 1 0 -1 0 0 0 -1 2*m2^2+m1^2 
0 1 0 0 0 0 0 0 0 0 
1 0 0 0 0 0 0 0 0 0 
0 3 2 -1 -1 -1 1 1 -1 3*s+2*m2^2 
1 0 0 0 0 -1 0 1 0 s+m1^2+t 
0 3 3 -1 -1 -1 0 0 0 3*s+2*m2^2 

1
15 49
11 7
0 0 1 0 0 0 0 0 0 0 
0 0 0 1 0 0 0 0 0 0 
0 0 0 1 0 0 0 0 0 0 
0 0 0 1 0 0 0 0 0 0 
0 1 0 0 0 0 0 0 0 0 
1 0 0 0 0 0 0 0 0 0 
0 0 0 1 0 0 0 0 0 0 
0 0 0 1 0 0 0 0 0 0 
0 0 0 1 0 0 0 0 0 0 

0
15 52
15 38
1 0 0 0 0 0 0 0 0 0 
0 2 2 0 -1 0 0 0 0 0 
0 0 1 0 0 0 0 0 0 0 
0 1 1 1 -1 1 0 0 0 -s+m1^2 
0 1 0 0 0 0 0 0 0 0 
0 0 0 0 0 1 0 0 0 0 
-1 1 2 0 -1 0 1 1 0 -t 
0 0 0 0 0 0 0 1 0 0 
-1 1 3 0 -1 0 0 0 1 0 

0
15 53
15 39
1 0 0 0 0 0 0 0 0 0 
0 2 2 0 -1 0 0 0 0 0 
0 0 1 0 0 0 0 0 0 0 
0 1 1 1 -1 1 0 0 0 -s+m1^2 
0 1 0 0 0 0 0 0 0 0 
0 0 0 0 0 1 0 0 0 0 
-1 1 2 0 -1 0 1 1 0 -t 
0 0 0 0 0 0 0 1 0 0 
-1 1 3 0 -1 0 0 0 1 0 

