C61[-1, 1, 0, 1, 1, 1, 0]
C61[-1, 1, 1, 0, 1, 1, 0]
C61[-1, 1, 1, 1, 0, 1, 0]
C61[-1, 1, 1, 1, 1, 0, 0]
C61[-1, 1, 1, 1, 1, 1, -1]
C61[-1, 1, 1, 1, 1, 1, 0]
C61[0, 0, 0, 1, 1, 1, 0]
C61[0, 0, 1, 0, 1, 1, 0]
C61[0, 0, 1, 1, 1, 0, 0]
C61[0, 0, 1, 1, 1, 1, -1]
C61[0, 0, 1, 1, 1, 1, 0]
C61[0, 1, -1, 1, 1, 1, 0]
C61[0, 1, 0, 0, 1, 1, 0]
C61[0, 1, 0, 1, 0, 1, 0]
C61[0, 1, 0, 1, 1, 0, 0]
C61[0, 1, 0, 1, 1, 1, -1]
C61[0, 1, 0, 1, 1, 1, 0]
C61[0, 1, 1, -1, 1, 1, 0]
C61[0, 1, 1, 0, 0, 1, 0]
C61[0, 1, 1, 0, 1, 0, 0]
C61[0, 1, 1, 0, 1, 1, -1]
C61[0, 1, 1, 0, 1, 1, 0]
C61[0, 1, 1, 1, 0, 0, 0]
C61[0, 1, 1, 1, 0, 1, -1]
C61[0, 1, 1, 1, 0, 1, 0]
C61[0, 1, 1, 1, 1, -1, 0]
C61[0, 1, 1, 1, 1, 0, -1]
C61[0, 1, 1, 1, 1, 0, 0]
C61[0, 1, 1, 1, 1, 1, -2]
C61[0, 1, 1, 1, 1, 1, -1]
C61[0, 1, 1, 1, 1, 1, 0]
C61[1, -1, 0, 1, 1, 1, 0]
C61[1, 0, -1, 1, 1, 1, 0]
C61[1, 0, 0, 0, 1, 1, 0]
C61[1, 0, 0, 1, 0, 1, 0]
C61[1, 0, 0, 1, 1, 0, 0]
C61[1, 0, 0, 1, 1, 1, -1]
C61[1, 0, 0, 1, 1, 1, 0]
C61[1, 1, -1, 0, 1, 1, 0]
C61[1, 1, -1, 1, 0, 1, 0]
C61[1, 1, -1, 1, 1, 1, -1]
C61[1, 1, -1, 1, 1, 1, 0]
C61[1, 1, 0, 0, 0, 1, 0]
C61[1, 1, 0, 0, 1, 1, -1]
C61[1, 1, 0, 0, 1, 1, 0]
C61[1, 1, 0, 1, -1, 1, 0]
C61[1, 1, 0, 1, 0, 0, 0]
C61[1, 1, 0, 1, 0, 1, -1]
C61[1, 1, 0, 1, 0, 1, 0]
C61[1, 1, 0, 1, 1, 0, -1]
C61[1, 1, 0, 1, 1, 0, 0]
C61[1, 1, 0, 1, 1, 1, -2]
C61[1, 1, 0, 1, 1, 1, -1]
C61[1, 1, 0, 1, 1, 1, 0]
C61[-1, 1, 0, 1, 1, 1, 0]
C61[-1, 1, 1, 0, 1, 1, 0]
C61[-1, 1, 1, 1, 0, 1, 0]
C61[-1, 1, 1, 1, 1, 0, 0]
C61[-1, 1, 1, 1, 1, 1, -1]
C61[-1, 1, 1, 1, 1, 1, 0]
C61[0, 0, 0, 1, 1, 1, 0]
C61[0, 0, 1, 0, 1, 1, 0]
C61[0, 0, 1, 1, 1, 0, 0]
C61[0, 0, 1, 1, 1, 1, -1]
C61[0, 0, 1, 1, 1, 1, 0]
C61[0, 1, -1, 1, 1, 1, 0]
C61[0, 1, 0, 0, 1, 1, 0]
C61[0, 1, 0, 1, 0, 1, 0]
C61[0, 1, 0, 1, 1, 0, 0]
C61[0, 1, 0, 1, 1, 1, -1]
C61[0, 1, 0, 1, 1, 1, 0]
C61[0, 1, 1, -1, 1, 1, 0]
C61[0, 1, 1, 0, 0, 1, 0]
C61[0, 1, 1, 0, 1, 0, 0]
C61[0, 1, 1, 0, 1, 1, -1]
C61[0, 1, 1, 0, 1, 1, 0]
C61[0, 1, 1, 1, 0, 0, 0]
C61[0, 1, 1, 1, 0, 1, -1]
C61[0, 1, 1, 1, 0, 1, 0]
C61[0, 1, 1, 1, 1, -1, 0]
C61[0, 1, 1, 1, 1, 0, -1]
C61[0, 1, 1, 1, 1, 0, 0]
C61[0, 1, 1, 1, 1, 1, -2]
C61[0, 1, 1, 1, 1, 1, -1]
C61[0, 1, 1, 1, 1, 1, 0]
C61[1, -1, 0, 1, 1, 1, 0]
C61[1, 0, -1, 1, 1, 1, 0]
C61[1, 0, 0, 0, 1, 1, 0]
C61[1, 0, 0, 1, 0, 1, 0]
C61[1, 0, 0, 1, 1, 0, 0]
C61[1, 0, 0, 1, 1, 1, -1]
C61[1, 0, 0, 1, 1, 1, 0]
C61[1, 1, -1, 0, 1, 1, 0]
C61[1, 1, -1, 1, 0, 1, 0]
C61[1, 1, -1, 1, 1, 1, -1]
C61[1, 1, -1, 1, 1, 1, 0]
C61[1, 1, 0, 0, 0, 1, 0]
C61[1, 1, 0, 0, 1, 1, -1]
C61[1, 1, 0, 0, 1, 1, 0]
C61[1, 1, 0, 1, -1, 1, 0]
C61[1, 1, 0, 1, 0, 0, 0]
C61[1, 1, 0, 1, 0, 1, -1]
C61[1, 1, 0, 1, 0, 1, 0]
C61[1, 1, 0, 1, 1, 0, -1]
C61[1, 1, 0, 1, 1, 0, 0]
C61[1, 1, 0, 1, 1, 1, -2]
C61[1, 1, 0, 1, 1, 1, -1]
C61[1, 1, 0, 1, 1, 1, 0]
C61[1, 1, -2, 1, 1, 1, 0]
C61[1, 1, -1, 1, 1, 0, 0]
C61[-2, 1, 1, 1, 1, 1, 0]
C61[-1, 0, 1, 1, 1, 1, 0]