C5[0, 0, 0, 1, 1, 1, 0, 0, 0]
C5[0, 0, 1, 1, 1, 0, 0, 0, 0]
C5[0, 1, 0, 1, 0, 1, 0, 0, 0]
C5[0, 1, 0, 1, 1, 1, -1, 0, 0]
C5[0, 1, 0, 1, 1, 1, 0, 0, -1]
C5[0, 1, 0, 1, 1, 1, 0, 0, 0]
C5[0, 1, 1, 1, 0, 0, 0, 0, 0]
C5[0, 1, 1, 1, 1, 0, -1, 0, 0]
C5[0, 1, 1, 1, 1, 0, 0, 0, -1]
C5[0, 1, 1, 1, 1, 0, 0, 0, 0]
C5[1, -1, 0, 1, 1, 1, 0, 0, 0]
C5[1, -1, 1, 1, 1, 0, 0, 0, 0]
C5[1, 0, -1, 1, 1, 1, 0, 0, 0]
C5[1, 0, 0, 0, 1, 1, 0, 0, 0]
C5[1, 0, 0, 1, 0, 1, 0, 0, 0]
C5[1, 0, 0, 1, 1, 0, 0, 0, 0]
C5[1, 0, 0, 1, 1, 1, -1, 0, 0]
C5[1, 0, 0, 1, 1, 1, 0, -1, 0]
C5[1, 0, 0, 1, 1, 1, 0, 0, -1]
C5[1, 0, 0, 1, 1, 1, 0, 0, 0]
C5[1, 0, 1, 0, 1, 0, 0, 0, 0]
C5[1, 0, 1, 1, 0, 0, 0, 0, 0]
C5[1, 0, 1, 1, 1, -1, 0, 0, 0]
C5[1, 0, 1, 1, 1, 0, -1, 0, 0]
C5[1, 0, 1, 1, 1, 0, 0, -1, 0]
C5[1, 0, 1, 1, 1, 0, 0, 0, -1]
C5[1, 0, 1, 1, 1, 0, 0, 0, 0]
C5[1, 1, -1, 1, 0, 1, 0, 0, 0]
C5[1, 1, -1, 1, 1, 1, -1, 0, 0]
C5[1, 1, -1, 1, 1, 1, 0, 0, -1]
C5[1, 1, -1, 1, 1, 1, 0, 0, 0]
C5[1, 1, 0, 0, 0, 1, 0, 0, 0]
C5[1, 1, 0, 0, 1, 1, -1, 0, 0]
C5[1, 1, 0, 0, 1, 1, 0, 0, -1]
C5[1, 1, 0, 0, 1, 1, 0, 0, 0]
C5[1, 1, 0, 1, -1, 1, 0, 0, 0]
C5[1, 1, 0, 1, 0, 0, 0, 0, 0]
C5[1, 1, 0, 1, 0, 1, -1, 0, 0]
C5[1, 1, 0, 1, 0, 1, 0, -1, 0]
C5[1, 1, 0, 1, 0, 1, 0, 0, -1]
C5[1, 1, 0, 1, 0, 1, 0, 0, 0]
C5[1, 1, 0, 1, 1, 0, 0, 0, -1]
C5[1, 1, 0, 1, 1, 0, 0, 0, 0]
C5[1, 1, 0, 1, 1, 1, -2, 0, 0]
C5[1, 1, 0, 1, 1, 1, -1, -1, 0]
C5[1, 1, 0, 1, 1, 1, -1, 0, -1]
C5[1, 1, 0, 1, 1, 1, -1, 0, 0]
C5[1, 1, 0, 1, 1, 1, 0, -1, -1]
C5[1, 1, 0, 1, 1, 1, 0, -1, 0]
C5[1, 1, 0, 1, 1, 1, 0, 0, -2]
C5[1, 1, 0, 1, 1, 1, 0, 0, -1]
C5[1, 1, 0, 1, 1, 1, 0, 0, 0]
C5[1, 1, 1, 0, 0, 0, 0, 0, 0]
C5[1, 1, 1, 0, 1, 0, -1, 0, 0]
C5[1, 1, 1, 0, 1, 0, 0, 0, -1]
C5[1, 1, 1, 0, 1, 0, 0, 0, 0]
C5[1, 1, 1, 1, 0, 0, -1, 0, 0]
C5[1, 1, 1, 1, 0, 0, 0, -1, 0]
C5[1, 1, 1, 1, 0, 0, 0, 0, -1]
C5[1, 1, 1, 1, 0, 0, 0, 0, 0]
C5[1, 1, 1, 1, 1, -1, -1, 0, 0]
C5[1, 1, 1, 1, 1, -1, 0, 0, -1]
C5[1, 1, 1, 1, 1, -1, 0, 0, 0]
C5[1, 1, 1, 1, 1, 0, -2, 0, 0]
C5[1, 1, 1, 1, 1, 0, -1, -1, 0]
C5[1, 1, 1, 1, 1, 0, -1, 0, -1]
C5[1, 1, 1, 1, 1, 0, -1, 0, 0]
C5[1, 1, 1, 1, 1, 0, 0, -1, -1]
C5[1, 1, 1, 1, 1, 0, 0, -1, 0]
C5[1, 1, 1, 1, 1, 0, 0, 0, -2]
C5[1, 1, 1, 1, 1, 0, 0, 0, -1]
C5[1, 1, 1, 1, 1, 0, 0, 0, 0]
C5[0, 0, 0, 1, 1, 1, 0, 0, 0]
C5[0, 0, 1, 1, 1, 0, 0, 0, 0]
C5[0, 1, 0, 1, 0, 1, 0, 0, 0]
C5[0, 1, 0, 1, 1, 1, -1, 0, 0]
C5[0, 1, 0, 1, 1, 1, 0, 0, -1]
C5[0, 1, 0, 1, 1, 1, 0, 0, 0]
C5[0, 1, 1, 1, 0, 0, 0, 0, 0]
C5[0, 1, 1, 1, 1, 0, -1, 0, 0]
C5[0, 1, 1, 1, 1, 0, 0, 0, -1]
C5[0, 1, 1, 1, 1, 0, 0, 0, 0]
C5[1, -1, 0, 1, 1, 1, 0, 0, 0]
C5[1, -1, 1, 1, 1, 0, 0, 0, 0]
C5[1, 0, -1, 1, 1, 1, 0, 0, 0]
C5[1, 0, 0, 0, 1, 1, 0, 0, 0]
C5[1, 0, 0, 1, 0, 1, 0, 0, 0]
C5[1, 0, 0, 1, 1, 0, 0, 0, 0]
C5[1, 0, 0, 1, 1, 1, -1, 0, 0]
C5[1, 0, 0, 1, 1, 1, 0, -1, 0]
C5[1, 0, 0, 1, 1, 1, 0, 0, -1]
C5[1, 0, 0, 1, 1, 1, 0, 0, 0]
C5[1, 0, 1, 0, 1, 0, 0, 0, 0]
C5[1, 0, 1, 1, 0, 0, 0, 0, 0]
C5[1, 0, 1, 1, 1, -1, 0, 0, 0]
C5[1, 0, 1, 1, 1, 0, -1, 0, 0]
C5[1, 0, 1, 1, 1, 0, 0, -1, 0]
C5[1, 0, 1, 1, 1, 0, 0, 0, -1]
C5[1, 0, 1, 1, 1, 0, 0, 0, 0]
C5[1, 1, -1, 1, 0, 1, 0, 0, 0]
C5[1, 1, -1, 1, 1, 1, -1, 0, 0]
C5[1, 1, -1, 1, 1, 1, 0, 0, -1]
C5[1, 1, -1, 1, 1, 1, 0, 0, 0]
C5[1, 1, 0, 0, 0, 1, 0, 0, 0]
C5[1, 1, 0, 0, 1, 1, -1, 0, 0]
C5[1, 1, 0, 0, 1, 1, 0, 0, -1]
C5[1, 1, 0, 0, 1, 1, 0, 0, 0]
C5[1, 1, 0, 1, -1, 1, 0, 0, 0]
C5[1, 1, 0, 1, 0, 0, 0, 0, 0]
C5[1, 1, 0, 1, 0, 1, -1, 0, 0]
C5[1, 1, 0, 1, 0, 1, 0, -1, 0]
C5[1, 1, 0, 1, 0, 1, 0, 0, -1]
C5[1, 1, 0, 1, 0, 1, 0, 0, 0]
C5[1, 1, 0, 1, 1, 0, 0, 0, -1]
C5[1, 1, 0, 1, 1, 0, 0, 0, 0]
C5[1, 1, 0, 1, 1, 1, -2, 0, 0]
C5[1, 1, 0, 1, 1, 1, -1, 0, -1]
C5[1, 1, 0, 1, 1, 1, -1, 0, 0]
C5[1, 1, 0, 1, 1, 1, 0, -1, 0]
C5[1, 1, 0, 1, 1, 1, 0, 0, -2]
C5[1, 1, 0, 1, 1, 1, 0, 0, -1]
C5[1, 1, 0, 1, 1, 1, 0, 0, 0]
C5[1, 1, 1, 0, 0, 0, 0, 0, 0]
C5[1, 1, 1, 0, 1, 0, -1, 0, 0]
C5[1, 1, 1, 0, 1, 0, 0, 0, -1]
C5[1, 1, 1, 0, 1, 0, 0, 0, 0]
C5[1, 1, 1, 1, 0, 0, -1, 0, 0]
C5[1, 1, 1, 1, 0, 0, 0, 0, -1]
C5[1, 1, 1, 1, 0, 0, 0, 0, 0]
C5[1, 1, 1, 1, 1, -1, -1, 0, 0]
C5[1, 1, 1, 1, 1, -1, 0, 0, -1]
C5[1, 1, 1, 1, 1, -1, 0, 0, 0]
C5[1, 1, 1, 1, 1, 0, -2, 0, 0]
C5[1, 1, 1, 1, 1, 0, -1, -1, 0]
C5[1, 1, 1, 1, 1, 0, -1, 0, -1]
C5[1, 1, 1, 1, 1, 0, -1, 0, 0]
C5[1, 1, 1, 1, 1, 0, 0, -1, -1]
C5[1, 1, 1, 1, 1, 0, 0, -1, 0]
C5[1, 1, 1, 1, 1, 0, 0, 0, -2]
C5[1, 1, 1, 1, 1, 0, 0, 0, -1]
C5[1, 1, 1, 1, 1, 0, 0, 0, 0]
C5[0, 1, 0, 0, 1, 1, 0, 0, 0]
C5[0, 1, 0, 1, 1, 0, 0, 0, 0]
C5[0, 1, 1, 0, 1, 0, 0, 0, 0]
C5[0, 1, 1, 1, 1, -1, 0, 0, 0]
C5[1, 1, -1, 0, 1, 1, 0, 0, 0]
C5[1, 1, -1, 1, 1, 0, 0, 0, 0]
C5[1, 1, 0, -1, 1, 1, 0, 0, 0]
C5[1, 1, 0, 0, 1, 0, 0, 0, 0]
C5[1, 1, 0, 0, 1, 1, 0, -1, 0]
C5[1, 1, 0, 1, 1, -1, 0, 0, 0]
C5[1, 1, 0, 1, 1, 0, -1, 0, 0]
C5[1, 1, 0, 1, 1, 0, 0, -1, 0]
C5[1, 1, 0, 1, 1, 1, -1, -1, 0]
C5[1, 1, 0, 1, 1, 1, 0, -1, -1]
C5[1, 1, 1, -1, 1, 0, 0, 0, 0]
C5[1, 1, 1, 0, 1, -1, 0, 0, 0]
C5[1, 1, 1, 0, 1, 0, 0, -1, 0]
C5[1, 1, 1, 1, 0, -1, 0, 0, 0]
C5[1, 1, 1, 1, 0, 0, 0, -1, 0]
C5[1, 1, 1, 1, 1, -2, 0, 0, 0]
C5[1, 1, 1, 1, 1, -1, 0, -1, 0]