B13[-1, 0, 1, 1, 1, 1, 0, 0, 0]
B13[-1, 1, 1, 0, 1, 1, 0, 0, 0]
B13[-1, 1, 1, 1, 1, 1, -1, 0, 0]
B13[-1, 1, 1, 1, 1, 1, 0, 0, -1]
B13[-1, 1, 1, 1, 1, 1, 0, 0, 0]
B13[0, -1, 1, 1, 1, 1, 0, 0, 0]
B13[0, 0, 0, 1, 1, 1, 0, 0, 0]
B13[0, 0, 1, 0, 1, 1, 0, 0, 0]
B13[0, 0, 1, 1, 0, 1, 0, 0, 0]
B13[0, 0, 1, 1, 1, 0, 0, 0, 0]
B13[0, 0, 1, 1, 1, 1, -1, 0, 0]
B13[0, 0, 1, 1, 1, 1, 0, -1, 0]
B13[0, 0, 1, 1, 1, 1, 0, 0, -1]
B13[0, 0, 1, 1, 1, 1, 0, 0, 0]
B13[0, 1, 0, 0, 1, 1, 0, 0, 0]
B13[0, 1, 0, 1, 1, 1, -1, 0, 0]
B13[0, 1, 0, 1, 1, 1, 0, 0, -1]
B13[0, 1, 0, 1, 1, 1, 0, 0, 0]
B13[0, 1, 1, -1, 1, 1, 0, 0, 0]
B13[0, 1, 1, 0, 0, 1, 0, 0, 0]
B13[0, 1, 1, 0, 1, 0, 0, 0, 0]
B13[0, 1, 1, 0, 1, 1, -1, 0, 0]
B13[0, 1, 1, 0, 1, 1, 0, -1, 0]
B13[0, 1, 1, 0, 1, 1, 0, 0, -1]
B13[0, 1, 1, 0, 1, 1, 0, 0, 0]
B13[0, 1, 1, 1, 0, 1, -1, 0, 0]
B13[0, 1, 1, 1, 0, 1, 0, 0, -1]
B13[0, 1, 1, 1, 0, 1, 0, 0, 0]
B13[0, 1, 1, 1, 1, 0, -1, 0, 0]
B13[0, 1, 1, 1, 1, 0, 0, 0, -1]
B13[0, 1, 1, 1, 1, 0, 0, 0, 0]
B13[0, 1, 1, 1, 1, 1, -1, -1, 0]
B13[0, 1, 1, 1, 1, 1, -1, 0, -1]
B13[0, 1, 1, 1, 1, 1, -1, 0, 0]
B13[0, 1, 1, 1, 1, 1, 0, -1, -1]
B13[0, 1, 1, 1, 1, 1, 0, -1, 0]
B13[0, 1, 1, 1, 1, 1, 0, 0, -2]
B13[0, 1, 1, 1, 1, 1, 0, 0, -1]
B13[0, 1, 1, 1, 1, 1, 0, 0, 0]
B13[1, -1, 0, 1, 1, 1, 0, 0, 0]
B13[1, -1, 1, 1, 0, 1, 0, 0, 0]
B13[1, -1, 1, 1, 1, 0, 0, 0, 0]
B13[1, -1, 1, 1, 1, 1, 0, -1, 0]
B13[1, -1, 1, 1, 1, 1, 0, 0, -1]
B13[1, -1, 1, 1, 1, 1, 0, 0, 0]
B13[1, 0, -1, 1, 1, 1, 0, 0, 0]
B13[1, 0, 0, 0, 1, 1, 0, 0, 0]
B13[1, 0, 0, 1, 0, 1, 0, 0, 0]
B13[1, 0, 0, 1, 1, 0, 0, 0, 0]
B13[1, 0, 0, 1, 1, 1, -1, 0, 0]
B13[1, 0, 0, 1, 1, 1, 0, -1, 0]
B13[1, 0, 0, 1, 1, 1, 0, 0, -1]
B13[1, 0, 0, 1, 1, 1, 0, 0, 0]
B13[1, 0, 1, 0, 0, 1, 0, 0, 0]
B13[1, 0, 1, 0, 1, 0, 0, 0, 0]
B13[1, 0, 1, 0, 1, 1, 0, -1, 0]
B13[1, 0, 1, 0, 1, 1, 0, 0, -1]
B13[1, 0, 1, 0, 1, 1, 0, 0, 0]
B13[1, 0, 1, 1, 0, 0, 0, 0, 0]
B13[1, 0, 1, 1, 0, 1, -1, 0, 0]
B13[1, 0, 1, 1, 0, 1, 0, -1, 0]
B13[1, 0, 1, 1, 0, 1, 0, 0, -1]
B13[1, 0, 1, 1, 0, 1, 0, 0, 0]
B13[1, 0, 1, 1, 1, -1, 0, 0, 0]
B13[1, 0, 1, 1, 1, 0, -1, 0, 0]
B13[1, 0, 1, 1, 1, 0, 0, -1, 0]
B13[1, 0, 1, 1, 1, 0, 0, 0, -1]
B13[1, 0, 1, 1, 1, 0, 0, 0, 0]
B13[1, 0, 1, 1, 1, 1, -1, -1, 0]
B13[1, 0, 1, 1, 1, 1, -1, 0, -1]
B13[1, 0, 1, 1, 1, 1, -1, 0, 0]
B13[1, 0, 1, 1, 1, 1, 0, -2, 0]
B13[1, 0, 1, 1, 1, 1, 0, -1, -1]
B13[1, 0, 1, 1, 1, 1, 0, -1, 0]
B13[1, 0, 1, 1, 1, 1, 0, 0, -2]
B13[1, 0, 1, 1, 1, 1, 0, 0, -1]
B13[1, 0, 1, 1, 1, 1, 0, 0, 0]
B13[1, 1, -1, 0, 1, 1, 0, 0, 0]
B13[1, 1, -1, 1, 1, 1, -1, 0, 0]
B13[1, 1, -1, 1, 1, 1, 0, 0, -1]
B13[1, 1, -1, 1, 1, 1, 0, 0, 0]
B13[1, 1, 0, -1, 1, 1, 0, 0, 0]
B13[1, 1, 0, 0, 0, 1, 0, 0, 0]
B13[1, 1, 0, 0, 1, 0, 0, 0, 0]
B13[1, 1, 0, 0, 1, 1, -1, 0, 0]
B13[1, 1, 0, 0, 1, 1, 0, -1, 0]
B13[1, 1, 0, 0, 1, 1, 0, 0, -1]
B13[1, 1, 0, 0, 1, 1, 0, 0, 0]
B13[1, 1, 0, 1, 0, 1, -1, 0, 0]
B13[1, 1, 0, 1, 0, 1, 0, 0, -1]
B13[1, 1, 0, 1, 0, 1, 0, 0, 0]
B13[1, 1, 0, 1, 1, 0, -1, 0, 0]
B13[1, 1, 0, 1, 1, 0, 0, 0, -1]
B13[1, 1, 0, 1, 1, 0, 0, 0, 0]
B13[1, 1, 0, 1, 1, 1, -1, -1, 0]
B13[1, 1, 0, 1, 1, 1, -1, 0, -1]
B13[1, 1, 0, 1, 1, 1, -1, 0, 0]
B13[1, 1, 0, 1, 1, 1, 0, -1, -1]
B13[1, 1, 0, 1, 1, 1, 0, -1, 0]
B13[1, 1, 0, 1, 1, 1, 0, 0, -2]
B13[1, 1, 0, 1, 1, 1, 0, 0, -1]
B13[1, 1, 0, 1, 1, 1, 0, 0, 0]
B13[1, 1, 1, -1, 0, 1, 0, 0, 0]
B13[1, 1, 1, -1, 1, 0, 0, 0, 0]
B13[1, 1, 1, -1, 1, 1, 0, -1, 0]
B13[1, 1, 1, -1, 1, 1, 0, 0, -1]
B13[1, 1, 1, -1, 1, 1, 0, 0, 0]
B13[1, 1, 1, 0, 0, 0, 0, 0, 0]
B13[1, 1, 1, 0, 0, 1, -1, 0, 0]
B13[1, 1, 1, 0, 0, 1, 0, -1, 0]
B13[1, 1, 1, 0, 0, 1, 0, 0, -1]
B13[1, 1, 1, 0, 0, 1, 0, 0, 0]
B13[1, 1, 1, 0, 1, -1, 0, 0, 0]
B13[1, 1, 1, 0, 1, 0, -1, 0, 0]
B13[1, 1, 1, 0, 1, 0, 0, -1, 0]
B13[1, 1, 1, 0, 1, 0, 0, 0, -1]
B13[1, 1, 1, 0, 1, 0, 0, 0, 0]
B13[1, 1, 1, 0, 1, 1, -1, -1, 0]
B13[1, 1, 1, 0, 1, 1, -1, 0, -1]
B13[1, 1, 1, 0, 1, 1, -1, 0, 0]
B13[1, 1, 1, 0, 1, 1, 0, -2, 0]
B13[1, 1, 1, 0, 1, 1, 0, -1, -1]
B13[1, 1, 1, 0, 1, 1, 0, -1, 0]
B13[1, 1, 1, 0, 1, 1, 0, 0, -2]
B13[1, 1, 1, 0, 1, 1, 0, 0, -1]
B13[1, 1, 1, 0, 1, 1, 0, 0, 0]
B13[1, 1, 1, 1, -1, 1, 0, 0, 0]
B13[1, 1, 1, 1, 0, 0, -1, 0, 0]
B13[1, 1, 1, 1, 0, 0, 0, 0, -1]
B13[1, 1, 1, 1, 0, 0, 0, 0, 0]
B13[1, 1, 1, 1, 0, 1, -2, 0, 0]
B13[1, 1, 1, 1, 0, 1, -1, -1, 0]
B13[1, 1, 1, 1, 0, 1, -1, 0, -1]
B13[1, 1, 1, 1, 0, 1, -1, 0, 0]
B13[1, 1, 1, 1, 0, 1, 0, -1, 0]
B13[1, 1, 1, 1, 0, 1, 0, 0, -2]
B13[1, 1, 1, 1, 0, 1, 0, 0, -1]
B13[1, 1, 1, 1, 0, 1, 0, 0, 0]
B13[1, 1, 1, 1, 1, -1, -1, 0, 0]
B13[1, 1, 1, 1, 1, -1, 0, 0, -1]
B13[1, 1, 1, 1, 1, -1, 0, 0, 0]
B13[1, 1, 1, 1, 1, 0, -1, -1, 0]
B13[1, 1, 1, 1, 1, 0, -1, 0, -1]
B13[1, 1, 1, 1, 1, 0, -1, 0, 0]
B13[1, 1, 1, 1, 1, 0, 0, -1, -1]
B13[1, 1, 1, 1, 1, 0, 0, -1, 0]
B13[1, 1, 1, 1, 1, 0, 0, 0, -2]
B13[1, 1, 1, 1, 1, 0, 0, 0, -1]
B13[1, 1, 1, 1, 1, 0, 0, 0, 0]
B13[1, 1, 1, 1, 1, 1, -2, 0, -1]
B13[1, 1, 1, 1, 1, 1, -2, 0, 0]
B13[1, 1, 1, 1, 1, 1, -1, -1, -1]
B13[1, 1, 1, 1, 1, 1, -1, -1, 0]
B13[1, 1, 1, 1, 1, 1, -1, 0, -2]
B13[1, 1, 1, 1, 1, 1, -1, 0, -1]
B13[1, 1, 1, 1, 1, 1, -1, 0, 0]
B13[1, 1, 1, 1, 1, 1, 0, -2, -1]
B13[1, 1, 1, 1, 1, 1, 0, -2, 0]
B13[1, 1, 1, 1, 1, 1, 0, -1, -1]
B13[1, 1, 1, 1, 1, 1, 0, -1, 0]
B13[1, 1, 1, 1, 1, 1, 0, 0, -3]
B13[1, 1, 1, 1, 1, 1, 0, 0, -2]
B13[1, 1, 1, 1, 1, 1, 0, 0, -1]
B13[1, 1, 1, 1, 1, 1, 0, 0, 0]