B21[-1, 0, 1, 1, 1, 1, 0, 0, 0]
B21[-1, 1, 1, 0, 1, 1, 0, 0, 0]
B21[-1, 1, 1, 1, 1, 1, -1, 0, 0]
B21[-1, 1, 1, 1, 1, 1, 0, 0, -1]
B21[-1, 1, 1, 1, 1, 1, 0, 0, 0]
B21[0, -1, 1, 1, 1, 1, 0, 0, 0]
B21[0, 0, 0, 1, 1, 1, 0, 0, 0]
B21[0, 0, 1, 0, 1, 1, 0, 0, 0]
B21[0, 0, 1, 1, 0, 1, 0, 0, 0]
B21[0, 0, 1, 1, 1, 0, 0, 0, 0]
B21[0, 0, 1, 1, 1, 1, -1, 0, 0]
B21[0, 0, 1, 1, 1, 1, 0, -1, 0]
B21[0, 0, 1, 1, 1, 1, 0, 0, -1]
B21[0, 0, 1, 1, 1, 1, 0, 0, 0]
B21[0, 1, 0, 0, 1, 1, 0, 0, 0]
B21[0, 1, 0, 1, 1, 1, -1, 0, 0]
B21[0, 1, 0, 1, 1, 1, 0, 0, -1]
B21[0, 1, 0, 1, 1, 1, 0, 0, 0]
B21[0, 1, 1, -1, 1, 1, 0, 0, 0]
B21[0, 1, 1, 0, 0, 1, 0, 0, 0]
B21[0, 1, 1, 0, 1, 0, 0, 0, 0]
B21[0, 1, 1, 0, 1, 1, -1, 0, 0]
B21[0, 1, 1, 0, 1, 1, 0, -1, 0]
B21[0, 1, 1, 0, 1, 1, 0, 0, -1]
B21[0, 1, 1, 0, 1, 1, 0, 0, 0]
B21[0, 1, 1, 1, 0, 1, -1, 0, 0]
B21[0, 1, 1, 1, 0, 1, 0, 0, -1]
B21[0, 1, 1, 1, 0, 1, 0, 0, 0]
B21[0, 1, 1, 1, 1, 0, -1, 0, 0]
B21[0, 1, 1, 1, 1, 0, 0, 0, -1]
B21[0, 1, 1, 1, 1, 0, 0, 0, 0]
B21[0, 1, 1, 1, 1, 1, -1, -1, 0]
B21[0, 1, 1, 1, 1, 1, -1, 0, -1]
B21[0, 1, 1, 1, 1, 1, -1, 0, 0]
B21[0, 1, 1, 1, 1, 1, 0, -1, -1]
B21[0, 1, 1, 1, 1, 1, 0, -1, 0]
B21[0, 1, 1, 1, 1, 1, 0, 0, -2]
B21[0, 1, 1, 1, 1, 1, 0, 0, -1]
B21[0, 1, 1, 1, 1, 1, 0, 0, 0]
B21[1, -1, 0, 1, 1, 1, 0, 0, 0]
B21[1, -1, 1, 1, 1, 0, 0, 0, 0]
B21[1, -1, 1, 1, 1, 1, 0, -1, 0]
B21[1, -1, 1, 1, 1, 1, 0, 0, 0]
B21[1, 0, -1, 1, 1, 1, 0, 0, 0]
B21[1, 0, 0, 0, 1, 1, 0, 0, 0]
B21[1, 0, 0, 1, 0, 1, 0, 0, 0]
B21[1, 0, 0, 1, 1, 0, 0, 0, 0]
B21[1, 0, 0, 1, 1, 1, -1, 0, 0]
B21[1, 0, 0, 1, 1, 1, 0, -1, 0]
B21[1, 0, 0, 1, 1, 1, 0, 0, -1]
B21[1, 0, 0, 1, 1, 1, 0, 0, 0]
B21[1, 0, 1, 0, 1, 0, 0, 0, 0]
B21[1, 0, 1, 0, 1, 1, 0, -1, 0]
B21[1, 0, 1, 0, 1, 1, 0, 0, 0]
B21[1, 0, 1, 1, 0, 0, 0, 0, 0]
B21[1, 0, 1, 1, 0, 1, 0, -1, 0]
B21[1, 0, 1, 1, 0, 1, 0, 0, 0]
B21[1, 0, 1, 1, 1, -1, 0, 0, 0]
B21[1, 0, 1, 1, 1, 0, -1, 0, 0]
B21[1, 0, 1, 1, 1, 0, 0, -1, 0]
B21[1, 0, 1, 1, 1, 0, 0, 0, -1]
B21[1, 0, 1, 1, 1, 0, 0, 0, 0]
B21[1, 0, 1, 1, 1, 1, -1, -1, 0]
B21[1, 0, 1, 1, 1, 1, -1, 0, 0]
B21[1, 0, 1, 1, 1, 1, 0, -2, 0]
B21[1, 0, 1, 1, 1, 1, 0, -1, -1]
B21[1, 0, 1, 1, 1, 1, 0, -1, 0]
B21[1, 0, 1, 1, 1, 1, 0, 0, -1]
B21[1, 0, 1, 1, 1, 1, 0, 0, 0]
B21[1, 1, -1, 0, 1, 1, 0, 0, 0]
B21[1, 1, -1, 1, 1, 1, -1, 0, 0]
B21[1, 1, -1, 1, 1, 1, 0, 0, -1]
B21[1, 1, -1, 1, 1, 1, 0, 0, 0]
B21[1, 1, 0, 0, 0, 1, 0, 0, 0]
B21[1, 1, 0, 0, 1, 0, 0, 0, 0]
B21[1, 1, 0, 0, 1, 1, -1, 0, 0]
B21[1, 1, 0, 0, 1, 1, 0, -1, 0]
B21[1, 1, 0, 0, 1, 1, 0, 0, -1]
B21[1, 1, 0, 0, 1, 1, 0, 0, 0]
B21[1, 1, 0, 1, 0, 1, -1, 0, 0]
B21[1, 1, 0, 1, 0, 1, 0, 0, -1]
B21[1, 1, 0, 1, 0, 1, 0, 0, 0]
B21[1, 1, 0, 1, 1, 0, -1, 0, 0]
B21[1, 1, 0, 1, 1, 0, 0, 0, -1]
B21[1, 1, 0, 1, 1, 0, 0, 0, 0]
B21[1, 1, 0, 1, 1, 1, -2, 0, 0]
B21[1, 1, 0, 1, 1, 1, -1, -1, 0]
B21[1, 1, 0, 1, 1, 1, -1, 0, -1]
B21[1, 1, 0, 1, 1, 1, -1, 0, 0]
B21[1, 1, 0, 1, 1, 1, 0, -1, -1]
B21[1, 1, 0, 1, 1, 1, 0, -1, 0]
B21[1, 1, 0, 1, 1, 1, 0, 0, -2]
B21[1, 1, 0, 1, 1, 1, 0, 0, -1]
B21[1, 1, 0, 1, 1, 1, 0, 0, 0]
B21[1, 1, 1, -1, 1, 1, 0, -1, 0]
B21[1, 1, 1, -1, 1, 1, 0, 0, 0]
B21[1, 1, 1, 0, 0, 0, 0, 0, 0]
B21[1, 1, 1, 0, 0, 1, 0, -1, 0]
B21[1, 1, 1, 0, 0, 1, 0, 0, 0]
B21[1, 1, 1, 0, 1, 0, -1, 0, 0]
B21[1, 1, 1, 0, 1, 0, 0, -1, 0]
B21[1, 1, 1, 0, 1, 0, 0, 0, -1]
B21[1, 1, 1, 0, 1, 0, 0, 0, 0]
B21[1, 1, 1, 0, 1, 1, -1, -1, 0]
B21[1, 1, 1, 0, 1, 1, -1, 0, 0]
B21[1, 1, 1, 0, 1, 1, 0, -2, 0]
B21[1, 1, 1, 0, 1, 1, 0, -1, -1]
B21[1, 1, 1, 0, 1, 1, 0, -1, 0]
B21[1, 1, 1, 0, 1, 1, 0, 0, -1]
B21[1, 1, 1, 0, 1, 1, 0, 0, 0]
B21[1, 1, 1, 1, -1, 1, 0, 0, 0]
B21[1, 1, 1, 1, 0, 0, -1, 0, 0]
B21[1, 1, 1, 1, 0, 0, 0, 0, -1]
B21[1, 1, 1, 1, 0, 0, 0, 0, 0]
B21[1, 1, 1, 1, 0, 1, -1, 0, 0]
B21[1, 1, 1, 1, 0, 1, 0, -1, -1]
B21[1, 1, 1, 1, 0, 1, 0, -1, 0]
B21[1, 1, 1, 1, 0, 1, 0, 0, -1]
B21[1, 1, 1, 1, 0, 1, 0, 0, 0]
B21[1, 1, 1, 1, 1, -1, -1, 0, 0]
B21[1, 1, 1, 1, 1, -1, 0, 0, -1]
B21[1, 1, 1, 1, 1, 0, -2, 0, 0]
B21[1, 1, 1, 1, 1, 0, -1, -1, 0]
B21[1, 1, 1, 1, 1, 0, -1, 0, -1]
B21[1, 1, 1, 1, 1, 0, -1, 0, 0]
B21[1, 1, 1, 1, 1, 0, 0, -1, -1]
B21[1, 1, 1, 1, 1, 0, 0, -1, 0]
B21[1, 1, 1, 1, 1, 0, 0, 0, -2]
B21[1, 1, 1, 1, 1, 0, 0, 0, -1]
B21[1, 1, 1, 1, 1, 0, 0, 0, 0]
B21[1, 1, 1, 1, 1, 1, -2, 0, 0]
B21[1, 1, 1, 1, 1, 1, -1, -2, 0]
B21[1, 1, 1, 1, 1, 1, -1, -1, -1]
B21[1, 1, 1, 1, 1, 1, -1, -1, 0]
B21[1, 1, 1, 1, 1, 1, -1, 0, -1]
B21[1, 1, 1, 1, 1, 1, -1, 0, 0]
B21[1, 1, 1, 1, 1, 1, 0, -2, 0]
B21[1, 1, 1, 1, 1, 1, 0, -1, -1]
B21[1, 1, 1, 1, 1, 1, 0, -1, 0]
B21[1, 1, 1, 1, 1, 1, 0, 0, -2]
B21[1, 1, 1, 1, 1, 1, 0, 0, -1]
B21[1, 1, 1, 1, 1, 1, 0, 0, 0]
B21[-1, 0, 1, 1, 1, 1, 0, 0, 0]
B21[-1, 1, 1, 0, 1, 1, 0, 0, 0]
B21[-1, 1, 1, 1, 1, 1, -1, 0, 0]
B21[-1, 1, 1, 1, 1, 1, 0, 0, -1]
B21[-1, 1, 1, 1, 1, 1, 0, 0, 0]
B21[0, -1, 1, 1, 1, 1, 0, 0, 0]
B21[0, 0, 0, 1, 1, 1, 0, 0, 0]
B21[0, 0, 1, 0, 1, 1, 0, 0, 0]
B21[0, 0, 1, 1, 0, 1, 0, 0, 0]
B21[0, 0, 1, 1, 1, 0, 0, 0, 0]
B21[0, 0, 1, 1, 1, 1, -1, 0, 0]
B21[0, 0, 1, 1, 1, 1, 0, -1, 0]
B21[0, 0, 1, 1, 1, 1, 0, 0, -1]
B21[0, 0, 1, 1, 1, 1, 0, 0, 0]
B21[0, 1, 0, 0, 1, 1, 0, 0, 0]
B21[0, 1, 0, 1, 1, 1, -1, 0, 0]
B21[0, 1, 0, 1, 1, 1, 0, 0, -1]
B21[0, 1, 0, 1, 1, 1, 0, 0, 0]
B21[0, 1, 1, -1, 1, 1, 0, 0, 0]
B21[0, 1, 1, 0, 0, 1, 0, 0, 0]
B21[0, 1, 1, 0, 1, 0, 0, 0, 0]
B21[0, 1, 1, 0, 1, 1, -1, 0, 0]
B21[0, 1, 1, 0, 1, 1, 0, -1, 0]
B21[0, 1, 1, 0, 1, 1, 0, 0, -1]
B21[0, 1, 1, 0, 1, 1, 0, 0, 0]
B21[0, 1, 1, 1, 0, 1, -1, 0, 0]
B21[0, 1, 1, 1, 0, 1, 0, 0, -1]
B21[0, 1, 1, 1, 0, 1, 0, 0, 0]
B21[0, 1, 1, 1, 1, 0, -1, 0, 0]
B21[0, 1, 1, 1, 1, 0, 0, 0, -1]
B21[0, 1, 1, 1, 1, 0, 0, 0, 0]
B21[0, 1, 1, 1, 1, 1, -1, -1, 0]
B21[0, 1, 1, 1, 1, 1, -1, 0, -1]
B21[0, 1, 1, 1, 1, 1, -1, 0, 0]
B21[0, 1, 1, 1, 1, 1, 0, -1, -1]
B21[0, 1, 1, 1, 1, 1, 0, -1, 0]
B21[0, 1, 1, 1, 1, 1, 0, 0, -2]
B21[0, 1, 1, 1, 1, 1, 0, 0, -1]
B21[0, 1, 1, 1, 1, 1, 0, 0, 0]
B21[1, -1, 0, 1, 1, 1, 0, 0, 0]
B21[1, -1, 1, 1, 1, 0, 0, 0, 0]
B21[1, -1, 1, 1, 1, 1, 0, -1, 0]
B21[1, -1, 1, 1, 1, 1, 0, 0, 0]
B21[1, 0, -1, 1, 1, 1, 0, 0, 0]
B21[1, 0, 0, 0, 1, 1, 0, 0, 0]
B21[1, 0, 0, 1, 0, 1, 0, 0, 0]
B21[1, 0, 0, 1, 1, 0, 0, 0, 0]
B21[1, 0, 0, 1, 1, 1, -1, 0, 0]
B21[1, 0, 0, 1, 1, 1, 0, -1, 0]
B21[1, 0, 0, 1, 1, 1, 0, 0, -1]
B21[1, 0, 0, 1, 1, 1, 0, 0, 0]
B21[1, 0, 1, 0, 1, 0, 0, 0, 0]
B21[1, 0, 1, 0, 1, 1, 0, -1, 0]
B21[1, 0, 1, 0, 1, 1, 0, 0, 0]
B21[1, 0, 1, 1, 0, 0, 0, 0, 0]
B21[1, 0, 1, 1, 0, 1, 0, -1, 0]
B21[1, 0, 1, 1, 0, 1, 0, 0, 0]
B21[1, 0, 1, 1, 1, -1, 0, 0, 0]
B21[1, 0, 1, 1, 1, 0, -1, 0, 0]
B21[1, 0, 1, 1, 1, 0, 0, -1, 0]
B21[1, 0, 1, 1, 1, 0, 0, 0, -1]
B21[1, 0, 1, 1, 1, 0, 0, 0, 0]
B21[1, 0, 1, 1, 1, 1, -1, -1, 0]
B21[1, 0, 1, 1, 1, 1, -1, 0, 0]
B21[1, 0, 1, 1, 1, 1, 0, -2, 0]
B21[1, 0, 1, 1, 1, 1, 0, -1, -1]
B21[1, 0, 1, 1, 1, 1, 0, -1, 0]
B21[1, 0, 1, 1, 1, 1, 0, 0, -1]
B21[1, 0, 1, 1, 1, 1, 0, 0, 0]
B21[1, 1, -1, 0, 1, 1, 0, 0, 0]
B21[1, 1, -1, 1, 1, 1, -1, 0, 0]
B21[1, 1, -1, 1, 1, 1, 0, 0, -1]
B21[1, 1, -1, 1, 1, 1, 0, 0, 0]
B21[1, 1, 0, 0, 0, 1, 0, 0, 0]
B21[1, 1, 0, 0, 1, 0, 0, 0, 0]
B21[1, 1, 0, 0, 1, 1, -1, 0, 0]
B21[1, 1, 0, 0, 1, 1, 0, -1, 0]
B21[1, 1, 0, 0, 1, 1, 0, 0, -1]
B21[1, 1, 0, 0, 1, 1, 0, 0, 0]
B21[1, 1, 0, 1, 0, 1, -1, 0, 0]
B21[1, 1, 0, 1, 0, 1, 0, 0, -1]
B21[1, 1, 0, 1, 0, 1, 0, 0, 0]
B21[1, 1, 0, 1, 1, 0, -1, 0, 0]
B21[1, 1, 0, 1, 1, 0, 0, 0, -1]
B21[1, 1, 0, 1, 1, 0, 0, 0, 0]
B21[1, 1, 0, 1, 1, 1, -2, 0, 0]
B21[1, 1, 0, 1, 1, 1, -1, -1, 0]
B21[1, 1, 0, 1, 1, 1, -1, 0, -1]
B21[1, 1, 0, 1, 1, 1, -1, 0, 0]
B21[1, 1, 0, 1, 1, 1, 0, -1, -1]
B21[1, 1, 0, 1, 1, 1, 0, -1, 0]
B21[1, 1, 0, 1, 1, 1, 0, 0, -2]
B21[1, 1, 0, 1, 1, 1, 0, 0, -1]
B21[1, 1, 0, 1, 1, 1, 0, 0, 0]
B21[1, 1, 1, -1, 1, 1, 0, -1, 0]
B21[1, 1, 1, -1, 1, 1, 0, 0, 0]
B21[1, 1, 1, 0, 0, 0, 0, 0, 0]
B21[1, 1, 1, 0, 0, 1, 0, -1, 0]
B21[1, 1, 1, 0, 0, 1, 0, 0, 0]
B21[1, 1, 1, 0, 1, 0, -1, 0, 0]
B21[1, 1, 1, 0, 1, 0, 0, -1, 0]
B21[1, 1, 1, 0, 1, 0, 0, 0, -1]
B21[1, 1, 1, 0, 1, 0, 0, 0, 0]
B21[1, 1, 1, 0, 1, 1, -1, -1, 0]
B21[1, 1, 1, 0, 1, 1, -1, 0, 0]
B21[1, 1, 1, 0, 1, 1, 0, -2, 0]
B21[1, 1, 1, 0, 1, 1, 0, -1, -1]
B21[1, 1, 1, 0, 1, 1, 0, -1, 0]
B21[1, 1, 1, 0, 1, 1, 0, 0, -1]
B21[1, 1, 1, 0, 1, 1, 0, 0, 0]
B21[1, 1, 1, 1, -1, 1, 0, 0, 0]
B21[1, 1, 1, 1, 0, 0, -1, 0, 0]
B21[1, 1, 1, 1, 0, 0, 0, 0, -1]
B21[1, 1, 1, 1, 0, 0, 0, 0, 0]
B21[1, 1, 1, 1, 0, 1, -1, 0, 0]
B21[1, 1, 1, 1, 0, 1, 0, -1, -1]
B21[1, 1, 1, 1, 0, 1, 0, -1, 0]
B21[1, 1, 1, 1, 0, 1, 0, 0, -1]
B21[1, 1, 1, 1, 0, 1, 0, 0, 0]
B21[1, 1, 1, 1, 1, -1, -1, 0, 0]
B21[1, 1, 1, 1, 1, -1, 0, 0, -1]
B21[1, 1, 1, 1, 1, 0, -2, 0, 0]
B21[1, 1, 1, 1, 1, 0, -1, -1, 0]
B21[1, 1, 1, 1, 1, 0, -1, 0, -1]
B21[1, 1, 1, 1, 1, 0, -1, 0, 0]
B21[1, 1, 1, 1, 1, 0, 0, -1, -1]
B21[1, 1, 1, 1, 1, 0, 0, -1, 0]
B21[1, 1, 1, 1, 1, 0, 0, 0, -2]
B21[1, 1, 1, 1, 1, 0, 0, 0, -1]
B21[1, 1, 1, 1, 1, 0, 0, 0, 0]
B21[1, 1, 1, 1, 1, 1, -2, 0, 0]
B21[1, 1, 1, 1, 1, 1, -1, -2, 0]
B21[1, 1, 1, 1, 1, 1, -1, -1, -1]
B21[1, 1, 1, 1, 1, 1, -1, -1, 0]
B21[1, 1, 1, 1, 1, 1, -1, 0, -1]
B21[1, 1, 1, 1, 1, 1, -1, 0, 0]
B21[1, 1, 1, 1, 1, 1, 0, -2, 0]
B21[1, 1, 1, 1, 1, 1, 0, -1, -1]
B21[1, 1, 1, 1, 1, 1, 0, -1, 0]
B21[1, 1, 1, 1, 1, 1, 0, 0, -2]
B21[1, 1, 1, 1, 1, 1, 0, 0, -1]
B21[1, 1, 1, 1, 1, 1, 0, 0, 0]