A12[-2, 1, 1, 1]
A12[-1, 0, 1, 1]
A12[-1, 1, 0, 1]
A12[-1, 1, 1, 0]
A12[-1, 1, 1, 1]
A12[0, -1, 1, 1]
A12[0, 0, 0, 1]
A12[0, 0, 1, 0]
A12[0, 0, 1, 1]
A12[0, 1, -1, 1]
A12[0, 1, 0, 0]
A12[0, 1, 0, 1]
A12[0, 1, 1, -1]
A12[0, 1, 1, 0]
A12[0, 1, 1, 1]
A12[0, 0, 0, 1]
A12[0, 0, 0, 1]
A12[-2, 1, 1, 1]
A12[-1, 0, 1, 1]
A12[-1, 1, 0, 1]
A12[-1, 1, 1, 0]
A12[-1, 1, 1, 1]
A12[0, -1, 1, 1]
A12[0, 0, 0, 1]
A12[0, 0, 1, 0]
A12[0, 0, 1, 1]
A12[0, 1, -1, 1]
A12[0, 1, 0, 0]
A12[0, 1, 0, 1]
A12[0, 1, 1, -1]
A12[0, 1, 1, 0]
A12[0, 1, 1, 1]