C3[0,0,0,0,0,0,0,0,0]*(-a3-2*a0-a7+d-a5-a2)
C3[-1,0,1,0,0,0,0,0,0]*(-a2)
C3[0,-1,1,0,0,0,0,0,0]*(a2)
C3[-1,0,0,0,0,0,0,1,0]*(-a7)
C3[0,0,1,0,0,0,0,0,0]*(m1^2*a2)
C3[-1,0,0,1,0,0,0,0,0]*(-a3)
C3[0,0,0,0,0,1,0,0,0]*(-m1^2*a5+s*a5)
C3[0,0,0,1,0,0,0,0,0]*(-a3*m1^2)
C3[-1,0,0,0,0,1,0,0,0]*(-a5)
C3[0,-1,0,0,0,1,0,0,0]*(-a5)
C3[0,0,0,0,-1,1,0,0,0]*(a5)
C3[0,0,0,0,0,1,-1,0,0]*(a5)

C3[0,0,0,0,0,0,0,0,0]*(a0-a7)
C3[1,0,0,0,0,0,0,-1,0]*(-a0)
C3[-1,0,1,0,0,0,0,0,0]*(a2)
C3[0,-1,1,0,0,0,0,0,0]*(a2)
C3[0,0,1,0,0,0,0,-1,0]*(-a2)
C3[0,0,1,0,0,0,0,0,-1]*(-a2)
C3[0,0,1,0,0,0,0,0,0]*(m1^2*a2)
C3[-1,0,0,1,0,0,0,0,0]*(a3)
C3[0,0,0,1,0,0,0,-1,0]*(-a3)
C3[0,0,0,1,0,0,0,0,0]*(-a3*t)
C3[-1,0,0,0,0,1,0,0,0]*(a5)
C3[0,-1,0,0,0,1,0,0,0]*(a5)
C3[0,0,0,0,0,1,0,-1,0]*(-a5)
C3[0,0,0,0,0,1,0,0,-1]*(-a5)
C3[0,0,0,0,0,1,0,0,0]*(m1^2*a5+s*a5)
C3[-1,0,0,0,0,0,0,1,0]*(a7)

C3[0,0,0,0,0,0,0,0,0]*(-a6-a4-2*a1+d-a8-a2)
C3[0,1,0,0,0,0,0,0,0]*(-2*m1^2*a1)
C3[-1,0,1,0,0,0,0,0,0]*(a2)
C3[0,-1,1,0,0,0,0,0,0]*(-a2)
C3[0,0,0,0,0,0,0,0,1]*(-m1^2*a8)
C3[0,0,1,0,0,0,0,0,0]*(-m1^2*a2)
C3[0,-1,0,0,1,0,0,0,0]*(-a4)
C3[0,-1,0,0,0,0,0,0,1]*(-a8)
C3[0,0,0,0,1,0,0,0,0]*(-m1^2*a4)
C3[-1,0,0,0,0,1,0,0,0]*(a5)
C3[0,-1,0,0,0,1,0,0,0]*(a5)
C3[0,0,-1,0,0,1,0,0,0]*(-a5)
C3[0,0,0,0,-1,1,0,0,0]*(-a5)
C3[0,0,0,0,0,1,-1,0,0]*(-a5)
C3[0,0,0,0,0,1,0,0,0]*(m1^2*a5)
C3[0,-1,0,0,0,0,1,0,0]*(-a6)
C3[0,0,0,0,0,0,1,0,0]*(-a6*m1^2)

C3[0,0,0,0,0,0,0,0,0]*(a3-a0)
C3[1,0,0,-1,0,0,0,0,0]*(a0)
C3[1,0,0,0,0,0,0,0,0]*(a0*m1^2)
C3[-1,0,1,0,0,0,0,0,0]*(-a2)
C3[0,-1,1,0,0,0,0,0,0]*(-a2)
C3[0,0,1,-1,0,0,0,0,0]*(a2)
C3[0,0,1,0,0,0,-1,0,0]*(a2)
C3[-1,0,0,1,0,0,0,0,0]*(-a3)
C3[0,0,0,0,0,0,0,1,0]*(a7*t+m1^2*a7)
C3[0,0,0,1,0,0,0,0,0]*(a3*m1^2)
C3[-1,0,0,0,0,1,0,0,0]*(-a5)
C3[0,-1,0,0,0,1,0,0,0]*(-a5)
C3[0,0,0,-1,0,1,0,0,0]*(a5)
C3[0,0,0,0,0,1,-1,0,0]*(a5)
C3[0,0,0,0,0,1,0,0,0]*(s*a5)
C3[-1,0,0,0,0,0,0,1,0]*(-a7)
C3[0,0,0,-1,0,0,0,1,0]*(a7)

C3[0,0,0,0,0,0,0,0,0]*(a6-a1)
C3[0,1,0,0,0,0,-1,0,0]*(a1)
C3[0,1,0,0,0,0,0,0,0]*(-m1^2*a1)
C3[-1,0,1,0,0,0,0,0,0]*(-a2)
C3[0,-1,1,0,0,0,0,0,0]*(-a2)
C3[0,0,1,-1,0,0,0,0,0]*(a2)
C3[0,0,1,0,0,0,-1,0,0]*(a2)
C3[0,-1,0,0,1,0,0,0,0]*(-a4)
C3[0,0,0,0,1,0,-1,0,0]*(a4)
C3[0,0,0,0,1,0,0,0,0]*(s*a4-m1^2*a4)
C3[-1,0,0,0,0,1,0,0,0]*(-a5)
C3[0,-1,0,0,0,1,0,0,0]*(-a5)
C3[0,0,0,-1,0,1,0,0,0]*(a5)
C3[0,0,0,0,0,1,-1,0,0]*(a5)
C3[0,0,0,0,0,1,0,0,0]*(s*a5)
C3[0,-1,0,0,0,0,1,0,0]*(-a6)
C3[0,0,0,0,0,0,0,0,1]*(t*a8-m1^2*a8)
C3[0,0,0,0,0,0,1,0,0]*(-a6*m1^2)
C3[0,-1,0,0,0,0,0,0,1]*(-a8)
C3[0,0,0,0,0,0,-1,0,1]*(a8)

C3[0,0,0,0,0,0,0,0,0]*(a1-a8)
C3[0,1,0,0,0,0,0,0,-1]*(-a1)
C3[0,1,0,0,0,0,0,0,0]*(m1^2*a1)
C3[-1,0,1,0,0,0,0,0,0]*(a2)
C3[0,-1,1,0,0,0,0,0,0]*(a2)
C3[0,0,1,0,0,0,0,-1,0]*(-a2)
C3[0,0,1,0,0,0,0,0,-1]*(-a2)
C3[0,0,1,0,0,0,0,0,0]*(m1^2*a2)
C3[0,-1,0,0,1,0,0,0,0]*(a4)
C3[0,0,0,0,1,0,0,0,-1]*(-a4)
C3[0,0,0,0,1,0,0,0,0]*(s*a4+a4*t+m1^2*a4)
C3[-1,0,0,0,0,1,0,0,0]*(a5)
C3[0,-1,0,0,0,1,0,0,0]*(a5)
C3[0,0,0,0,0,1,0,-1,0]*(-a5)
C3[0,0,0,0,0,1,0,0,-1]*(-a5)
C3[0,0,0,0,0,1,0,0,0]*(m1^2*a5+s*a5)
C3[0,-1,0,0,0,0,1,0,0]*(a6)
C3[0,0,0,0,0,0,1,0,-1]*(-a6)
C3[0,0,0,0,0,0,1,0,0]*(-a6*t+a6*m1^2)
C3[0,-1,0,0,0,0,0,0,1]*(a8)
C3[0,0,0,0,0,0,0,0,1]*(m1^2*a8)

C3[0,0,0,0,0,0,0,0,0]*(a0-a2)
C3[1,-1,0,0,0,0,0,0,0]*(a0)
C3[1,0,-1,0,0,0,0,0,0]*(-a0)
C3[1,0,0,0,0,0,0,0,0]*(a0*m1^2)
C3[-1,0,1,0,0,0,0,0,0]*(a2)
C3[0,-1,1,0,0,0,0,0,0]*(-a2)
C3[0,0,0,0,0,0,0,1,0]*(2*m1^2*a7)
C3[0,0,1,0,0,0,0,0,0]*(-m1^2*a2)
C3[-1,0,0,1,0,0,0,0,0]*(a3)
C3[0,-1,0,1,0,0,0,0,0]*(2*a3)
C3[0,0,-1,1,0,0,0,0,0]*(-a3)
C3[0,0,0,1,0,0,-1,0,0]*(-a3)
C3[0,0,0,1,0,0,0,0,0]*(2*a3*m1^2)
C3[-1,0,0,0,0,1,0,0,0]*(a5)
C3[0,-1,0,0,0,1,0,0,0]*(a5)
C3[0,0,-1,0,0,1,0,0,0]*(-a5)
C3[0,0,0,0,-1,1,0,0,0]*(-a5)
C3[0,0,0,0,0,1,-1,0,0]*(-a5)
C3[0,0,0,0,0,1,0,0,0]*(m1^2*a5)
C3[-1,0,0,0,0,0,0,1,0]*(a7)
C3[0,-1,0,0,0,0,0,1,0]*(2*a7)
C3[0,0,-1,0,0,0,0,1,0]*(-a7)
C3[0,0,0,0,0,0,0,1,-1]*(-a7)

C3[-1,1,0,0,0,0,0,0,0]*(a1)
C3[0,0,0,0,0,0,0,0,0]*(a4+a1-a5-a2)
C3[0,1,-1,0,0,0,0,0,0]*(-a1)
C3[0,1,0,0,0,0,0,0,0]*(m1^2*a1)
C3[-1,0,1,0,0,0,0,0,0]*(-a2)
C3[0,-1,1,0,0,0,0,0,0]*(a2)
C3[0,0,0,0,0,0,0,0,1]*(m1^2*a8)
C3[0,0,1,0,0,0,0,0,0]*(m1^2*a2)
C3[0,-1,0,0,1,0,0,0,0]*(-a4)
C3[0,0,0,-1,1,0,0,0,0]*(a4)
C3[0,0,0,0,0,0,0,-1,1]*(-a8)
C3[0,0,0,0,1,-1,0,0,0]*(-a4)
C3[0,0,0,0,1,0,-1,0,0]*(a4)
C3[0,0,0,0,1,0,0,0,0]*(s*a4)
C3[-1,0,0,0,0,1,0,0,0]*(-a5)
C3[0,-1,0,0,0,1,0,0,0]*(-a5)
C3[0,0,0,0,-1,1,0,0,0]*(a5)
C3[0,0,-1,0,0,0,0,0,1]*(-a8)
C3[0,0,0,0,0,1,-1,0,0]*(a5)
C3[0,0,0,0,0,1,0,0,0]*(-m1^2*a5+s*a5)
C3[-1,0,0,0,0,0,1,0,0]*(2*a6)
C3[0,-1,0,0,0,0,1,0,0]*(a6)
C3[0,0,-1,0,0,0,1,0,0]*(-a6)
C3[0,0,0,-1,0,0,1,0,0]*(-a6)
C3[-1,0,0,0,0,0,0,0,1]*(2*a8)
C3[0,-1,0,0,0,0,0,0,1]*(a8)

C3[0,0,0,0,0,0,0,0,0]*(a6+a4-3*a1+a8+a5-a2)
C3[0,1,0,0,-1,0,0,0,0]*(a1)
C3[0,1,0,0,0,0,-1,0,0]*(a1)
C3[0,1,0,0,0,0,0,0,-1]*(a1)
C3[0,1,0,0,0,0,0,0,0]*(-3*m1^2*a1)
C3[-1,0,1,0,0,0,0,0,0]*(-a2)
C3[0,-1,1,0,0,0,0,0,0]*(-a2)
C3[0,0,0,0,0,0,0,0,1]*(-3*m1^2*a8-s*a8)
C3[0,0,1,0,0,-1,0,0,0]*(a2)
C3[0,0,1,0,0,0,0,-1,0]*(a2)
C3[0,0,1,0,0,0,0,0,-1]*(a2)
C3[0,0,1,0,0,0,0,0,0]*(-m1^2*a2-s*a2)
C3[0,-1,0,0,1,0,0,0,0]*(-3*a4)
C3[0,0,0,0,0,0,-1,0,1]*(a8)
C3[0,0,0,0,1,0,-1,0,0]*(a4)
C3[0,0,0,0,1,0,0,0,-1]*(a4)
C3[0,0,0,0,1,0,0,0,0]*(-a4*t-3*m1^2*a4)
C3[-1,0,0,0,0,1,0,0,0]*(-a5)
C3[0,-1,0,0,0,1,0,0,0]*(-a5)
C3[0,0,-1,0,0,1,0,0,0]*(-a5)
C3[0,0,0,0,-1,0,0,0,1]*(a8)
C3[0,0,0,0,0,1,0,-1,0]*(a5)
C3[0,0,0,0,0,1,0,0,-1]*(a5)
C3[0,0,0,0,0,1,0,0,0]*(-m1^2*a5)
C3[0,-1,0,0,0,0,1,0,0]*(-3*a6)
C3[0,0,0,0,-1,0,1,0,0]*(a6)
C3[0,-1,0,0,0,0,0,0,1]*(-3*a8)
C3[0,0,0,0,0,0,1,0,-1]*(a6)
C3[0,0,0,0,0,0,1,0,0]*(s*a6+a6*t-3*a6*m1^2)

C3[0,0,0,0,0,0,0,0,0]*(-a0+a7+a5-a2)
C3[1,-1,0,0,0,0,0,0,0]*(2*a0)
C3[1,0,-1,0,0,0,0,0,0]*(-a0)
C3[1,0,0,0,-1,0,0,0,0]*(-a0)
C3[1,0,0,0,0,-1,0,0,0]*(a0)
C3[1,0,0,0,0,0,-1,0,0]*(-a0)
C3[1,0,0,0,0,0,0,-1,0]*(a0)
C3[1,0,0,0,0,0,0,0,0]*(2*a0*m1^2-s*a0)
C3[-1,0,1,0,0,0,0,0,0]*(-a2)
C3[0,-1,1,0,0,0,0,0,0]*(-a2)
C3[0,0,0,0,0,0,0,1,0]*(-2*s*a7+2*m1^2*a7)
C3[0,0,1,0,0,-1,0,0,0]*(a2)
C3[0,0,1,0,0,0,0,-1,0]*(a2)
C3[0,0,1,0,0,0,0,0,-1]*(a2)
C3[0,0,1,0,0,0,0,0,0]*(-m1^2*a2-s*a2)
C3[-1,0,0,1,0,0,0,0,0]*(-a3)
C3[0,-1,0,1,0,0,0,0,0]*(2*a3)
C3[0,0,-1,1,0,0,0,0,0]*(-a3)
C3[0,0,0,1,-1,0,0,0,0]*(-a3)
C3[0,0,0,1,0,-1,0,0,0]*(a3)
C3[0,0,0,1,0,0,-1,0,0]*(-a3)
C3[0,0,0,1,0,0,0,-1,0]*(a3)
C3[0,0,0,1,0,0,0,0,0]*(a3*t+2*a3*m1^2)
C3[-1,0,0,0,0,1,0,0,0]*(-a5)
C3[0,-1,0,0,0,1,0,0,0]*(-a5)
C3[0,0,-1,0,0,1,0,0,0]*(-a5)
C3[0,0,0,0,0,0,-1,1,0]*(-a7)
C3[0,0,0,0,0,1,0,-1,0]*(a5)
C3[0,0,0,0,0,1,0,0,-1]*(a5)
C3[0,0,0,0,0,1,0,0,0]*(-m1^2*a5)
C3[-1,0,0,0,0,0,0,1,0]*(-a7)
C3[0,-1,0,0,0,0,0,1,0]*(2*a7)
C3[0,0,-1,0,0,0,0,1,0]*(-a7)
C3[0,0,0,0,-1,0,0,1,0]*(-a7)
C3[0,0,0,0,0,-1,0,1,0]*(a7)

