0
6 83
6 83
0 1 0 0 0 0 0 0 0 0 
1 0 0 0 0 0 0 0 0 0 
-1 -1 -1 0 1 0 1 0 0 -m1^2+mm^2 
0 3 0 0 0 -1 0 0 -1 s+2*m1^2 
0 0 0 0 1 0 0 0 0 0 
2 0 0 0 0 0 0 -1 0 2*m1^2 
0 0 0 0 0 0 1 0 0 0 
0 2 0 0 0 -1 0 0 0 2*m1^2 
1 0 0 -1 0 0 0 1 0 s 

0
6 227
6 227
0 1 0 0 0 0 0 0 0 0 
1 0 0 0 0 0 0 0 0 0 
1 3 1 0 -1 0 -1 0 0 3*m1^2+mm^2 
0 -1 0 0 0 1 0 0 1 s-2*m1^2 
4 4 0 0 -1 0 -2 0 0 6*m1^2+2*mm^2 
0 0 0 0 0 0 0 1 0 0 
0 0 0 0 0 0 1 0 0 0 
0 0 0 0 0 1 0 0 0 0 
1 0 0 1 0 0 0 -1 0 -s+2*m1^2 

0
6 228
6 228
1 0 0 0 0 0 0 0 0 0 
-1 -1 0 0 0 1 1 1 0 -3*m1^2 
0 0 1 0 0 0 0 0 0 0 
0 0 0 1 0 0 0 0 0 0 
-1 0 3 0 -1 1 1 2 0 -3*m1^2-t 
0 0 0 0 0 0 1 0 0 0 
0 0 0 0 0 1 0 0 0 0 
0 0 0 0 0 0 0 1 0 0 
-1 0 0 -1 0 1 1 2 -1 -2*m1^2 

0
6 229
6 229
1 0 0 0 0 0 0 0 0 0 
-1 -1 0 0 0 1 1 1 0 -3*m1^2 
0 0 1 0 0 0 0 0 0 0 
0 0 0 1 0 0 0 0 0 0 
-1 0 3 0 -1 1 1 2 0 -3*m1^2-t 
0 0 0 0 0 0 1 0 0 0 
0 0 0 0 0 1 0 0 0 0 
0 0 0 0 0 0 0 1 0 0 
-1 0 0 -1 0 1 1 2 -1 -2*m1^2 

0
6 232
6 232
1 0 0 0 0 0 0 0 0 0 
-1 -1 0 0 0 1 1 1 0 -3*m1^2 
0 0 1 0 0 0 0 0 0 0 
0 0 0 1 0 0 0 0 0 0 
-1 0 3 0 -1 1 1 2 0 -3*m1^2-t 
0 0 0 0 0 0 1 0 0 0 
0 0 0 0 0 1 0 0 0 0 
0 0 0 0 0 0 0 1 0 0 
-1 0 0 -1 0 1 1 2 -1 -2*m1^2 

0
6 233
6 233
1 0 0 0 0 0 0 0 0 0 
-1 -1 0 0 0 1 1 1 0 -3*m1^2 
0 0 1 0 0 0 0 0 0 0 
0 0 0 1 0 0 0 0 0 0 
-1 0 3 0 -1 1 1 2 0 -3*m1^2-t 
0 0 0 0 0 0 1 0 0 0 
0 0 0 0 0 1 0 0 0 0 
0 0 0 0 0 0 0 1 0 0 
-1 0 0 -1 0 1 1 2 -1 -2*m1^2 

0
6 236
6 236
1 0 0 0 0 0 0 0 0 0 
-1 -1 0 0 0 1 1 1 0 -3*m1^2 
0 0 1 0 0 0 0 0 0 0 
0 0 0 1 0 0 0 0 0 0 
-1 0 3 0 -1 1 1 2 0 -3*m1^2-t 
0 0 0 0 0 0 1 0 0 0 
0 0 0 0 0 1 0 0 0 0 
0 0 0 0 0 0 0 1 0 0 
-1 0 0 -1 0 1 1 2 -1 -2*m1^2 

0
6 237
6 237
1 0 0 0 0 0 0 0 0 0 
-1 -1 0 0 0 1 1 1 0 -3*m1^2 
0 0 1 0 0 0 0 0 0 0 
0 0 0 1 0 0 0 0 0 0 
-1 0 3 0 -1 1 1 2 0 -3*m1^2-t 
0 0 0 0 0 0 1 0 0 0 
0 0 0 0 0 1 0 0 0 0 
0 0 0 0 0 0 0 1 0 0 
-1 0 0 -1 0 1 1 2 -1 -2*m1^2 

0
6 305
6 305
0 0 0 0 1 0 0 0 0 0 
0 1 0 0 0 0 0 0 0 0 
2 2 0 0 0 0 -1 0 0 4*m1^2 
1 -2 0 -1 1 1 0 0 1 s-2*m1^2 
1 0 0 0 0 0 0 0 0 0 
0 0 0 0 0 1 0 0 0 0 
0 2 -1 0 2 0 0 0 0 4*m1^2 
1 -1 0 0 1 1 0 -1 0 m1^2-mm^2+t 
0 0 0 0 0 0 0 0 1 0 

0
6 307
6 307
0 0 0 0 1 0 0 0 0 0 
0 1 0 0 0 0 0 0 0 0 
2 2 0 0 0 0 -1 0 0 4*m1^2 
1 -2 0 -1 1 1 0 0 1 s-2*m1^2 
1 0 0 0 0 0 0 0 0 0 
0 0 0 0 0 1 0 0 0 0 
0 2 -1 0 2 0 0 0 0 4*m1^2 
1 -1 0 0 1 1 0 -1 0 m1^2-mm^2+t 
0 0 0 0 0 0 0 0 1 0 

0
6 312
6 312
-1 2 0 1 1 -1 0 0 -1 s+2*m1^2 
0 1 0 0 0 0 0 0 0 0 
1 4 0 1 0 -1 -1 0 -1 6*m1^2 
0 0 0 0 1 0 0 0 0 0 
0 0 0 1 0 0 0 0 0 0 
0 0 0 0 0 1 0 0 0 0 
-1 6 -1 1 2 -2 0 0 -2 s+8*m1^2 
0 1 0 1 1 0 0 -1 -1 3*m1^2-mm^2+t 
0 0 0 0 0 0 0 0 1 0 

0
6 314
6 314
-1 2 0 1 1 -1 0 0 -1 s+2*m1^2 
0 1 0 0 0 0 0 0 0 0 
1 4 0 1 0 -1 -1 0 -1 6*m1^2 
0 0 0 0 1 0 0 0 0 0 
0 0 0 1 0 0 0 0 0 0 
0 0 0 0 0 1 0 0 0 0 
-1 6 -1 1 2 -2 0 0 -2 s+8*m1^2 
0 1 0 1 1 0 0 -1 -1 3*m1^2-mm^2+t 
0 0 0 0 0 0 0 0 1 0 

0
6 417
6 417
1 0 0 0 0 0 0 0 0 0 
0 -1 0 0 0 1 0 0 1 s-2*m1^2 
0 0 1 0 0 0 0 0 0 0 
0 0 0 1 0 0 0 0 0 0 
-1 0 2 1 -1 1 0 0 1 s-2*m1^2 
0 0 0 0 0 0 0 0 1 0 
3 0 0 -1 0 1 -1 0 1 2*s+2*m1^2 
0 0 0 0 0 0 0 1 0 0 
0 0 0 0 0 1 0 0 0 0 

1
6 419
6 419
1 0 0 0 0 0 0 0 0 0 
0 1 0 0 0 0 0 0 0 0 
0 0 1 0 0 0 0 0 0 0 
0 0 1 0 0 0 0 0 0 0 
0 0 1 0 0 0 0 0 0 0 
0 0 0 0 0 0 0 0 1 0 
0 0 1 0 0 0 0 0 0 0 
0 0 0 0 0 0 0 1 0 0 
0 0 0 0 0 1 0 0 0 0 

0
6 420
6 420
1 0 0 0 0 0 0 0 0 0 
0 -1 0 0 0 1 0 0 1 s-2*m1^2 
0 0 1 0 0 0 0 0 0 0 
0 0 0 1 0 0 0 0 0 0 
-1 0 2 1 -1 1 0 0 1 s-2*m1^2 
0 0 0 0 0 0 0 0 1 0 
3 0 0 -1 0 1 -1 0 1 2*s+2*m1^2 
0 0 0 0 0 0 0 1 0 0 
0 0 0 0 0 1 0 0 0 0 

0
6 420
6 420
-1 0 1 0 0 0 0 1 0 -2*m1^2+mm^2-t 
0 1 0 0 0 0 0 0 0 0 
0 0 0 0 0 0 0 1 0 0 
0 0 1 -1 0 0 0 1 0 -2*m1^2+mm^2-t 
-1 -1 0 0 0 1 1 1 0 -3*m1^2 
0 0 0 0 0 1 0 0 0 0 
-1 1 0 0 1 -1 0 1 0 m1^2+mm^2-t 
0 0 1 0 0 0 0 0 0 0 
0 0 0 0 0 0 0 0 1 0 

0
6 420
6 420
-1 0 1 0 0 0 0 1 0 -2*m1^2+mm^2-t 
0 -1 0 0 0 1 0 0 1 s-2*m1^2 
0 0 0 0 0 0 0 1 0 0 
0 0 1 -1 0 0 0 1 0 -2*m1^2+mm^2-t 
2 1 0 -1 0 0 -1 1 1 s+m1^2 
0 0 0 0 0 0 0 0 1 0 
-2 -1 2 1 -1 2 0 1 1 2*s-3*m1^2+mm^2-t 
0 0 1 0 0 0 0 0 0 0 
0 0 0 0 0 1 0 0 0 0 

0
6 421
6 421
1 0 0 0 0 0 0 0 0 0 
0 -1 0 0 0 1 0 0 1 s-2*m1^2 
0 0 1 0 0 0 0 0 0 0 
0 0 0 1 0 0 0 0 0 0 
-1 0 2 1 -1 1 0 0 1 s-2*m1^2 
0 0 0 0 0 0 0 0 1 0 
3 0 0 -1 0 1 -1 0 1 2*s+2*m1^2 
0 0 0 0 0 0 0 1 0 0 
0 0 0 0 0 1 0 0 0 0 

0
6 422
6 422
-1 0 1 0 0 0 0 1 0 -2*m1^2+mm^2-t 
0 1 0 0 0 0 0 0 0 0 
0 0 0 0 0 0 0 1 0 0 
0 0 1 -1 0 0 0 1 0 -2*m1^2+mm^2-t 
-1 -1 0 0 0 1 1 1 0 -3*m1^2 
0 0 0 0 0 1 0 0 0 0 
-1 1 0 0 1 -1 0 1 0 m1^2+mm^2-t 
0 0 1 0 0 0 0 0 0 0 
0 0 0 0 0 0 0 0 1 0 

1
6 422
6 422
1 0 0 0 0 0 0 0 0 0 
0 1 0 0 0 0 0 0 0 0 
0 0 1 0 0 0 0 0 0 0 
1 0 0 0 0 0 0 0 0 0 
1 0 0 0 0 0 0 0 0 0 
0 0 0 0 0 0 0 0 1 0 
1 0 0 0 0 0 0 0 0 0 
0 0 0 0 0 0 0 1 0 0 
0 0 0 0 0 1 0 0 0 0 

1
6 422
6 422
1 0 0 0 0 0 0 0 0 0 
0 1 0 0 0 0 0 0 0 0 
0 0 0 0 0 0 0 1 0 0 
1 0 0 0 0 0 0 0 0 0 
1 0 0 0 0 0 0 0 0 0 
0 0 0 0 0 0 0 0 1 0 
1 0 0 0 0 0 0 0 0 0 
0 0 1 0 0 0 0 0 0 0 
0 0 0 0 0 1 0 0 0 0 

1
6 423
6 423
1 0 0 0 0 0 0 0 0 0 
0 1 0 0 0 0 0 0 0 0 
0 0 1 0 0 0 0 0 0 0 
0 0 0 1 0 0 0 0 0 0 
0 0 0 1 0 0 0 0 0 0 
0 0 0 0 0 0 0 0 1 0 
0 0 0 1 0 0 0 0 0 0 
0 0 0 0 0 0 0 1 0 0 
0 0 0 0 0 1 0 0 0 0 

0
6 425
6 425
1 0 0 0 0 0 0 0 0 0 
0 -1 0 0 0 1 0 0 1 s-2*m1^2 
0 0 1 0 0 0 0 0 0 0 
0 0 0 1 0 0 0 0 0 0 
-1 0 2 1 -1 1 0 0 1 s-2*m1^2 
0 0 0 0 0 0 0 0 1 0 
3 0 0 -1 0 1 -1 0 1 2*s+2*m1^2 
0 0 0 0 0 0 0 1 0 0 
0 0 0 0 0 1 0 0 0 0 

1
6 425
6 425
0 0 0 1 0 0 0 0 0 0 
0 1 0 0 0 0 0 0 0 0 
0 1 0 0 0 0 0 0 0 0 
1 0 0 0 0 0 0 0 0 0 
0 1 0 0 0 0 0 0 0 0 
0 0 0 0 0 1 0 0 0 0 
0 1 0 0 0 0 0 0 0 0 
0 0 0 0 0 0 0 1 0 0 
0 0 0 0 0 0 0 0 1 0 

1
6 425
6 425
0 0 0 1 0 0 0 0 0 0 
0 1 0 0 0 0 0 0 0 0 
0 1 0 0 0 0 0 0 0 0 
1 0 0 0 0 0 0 0 0 0 
0 1 0 0 0 0 0 0 0 0 
0 0 0 0 0 0 0 0 1 0 
0 1 0 0 0 0 0 0 0 0 
0 0 0 0 0 0 0 1 0 0 
0 0 0 0 0 1 0 0 0 0 

1
6 427
6 427
0 0 0 1 0 0 0 0 0 0 
0 1 0 0 0 0 0 0 0 0 
0 0 1 0 0 0 0 0 0 0 
1 0 0 0 0 0 0 0 0 0 
0 0 1 0 0 0 0 0 0 0 
0 0 0 0 0 1 0 0 0 0 
0 0 1 0 0 0 0 0 0 0 
0 0 0 0 0 0 0 1 0 0 
0 0 0 0 0 0 0 0 1 0 

1
6 427
6 427
0 0 0 1 0 0 0 0 0 0 
0 1 0 0 0 0 0 0 0 0 
0 0 1 0 0 0 0 0 0 0 
1 0 0 0 0 0 0 0 0 0 
0 0 1 0 0 0 0 0 0 0 
0 0 0 0 0 0 0 0 1 0 
0 0 1 0 0 0 0 0 0 0 
0 0 0 0 0 0 0 1 0 0 
0 0 0 0 0 1 0 0 0 0 

1
6 427
6 427
1 0 0 0 0 0 0 0 0 0 
0 1 0 0 0 0 0 0 0 0 
0 0 1 0 0 0 0 0 0 0 
0 0 0 1 0 0 0 0 0 0 
0 0 1 0 0 0 0 0 0 0 
0 0 0 0 0 0 0 0 1 0 
0 0 1 0 0 0 0 0 0 0 
0 0 0 0 0 0 0 1 0 0 
0 0 0 0 0 1 0 0 0 0 

0
6 429
6 429
1 0 0 0 0 0 0 0 0 0 
0 -1 0 0 0 1 0 0 1 s-2*m1^2 
0 0 1 0 0 0 0 0 0 0 
0 0 0 1 0 0 0 0 0 0 
-1 0 2 1 -1 1 0 0 1 s-2*m1^2 
0 0 0 0 0 0 0 0 1 0 
3 0 0 -1 0 1 -1 0 1 2*s+2*m1^2 
0 0 0 0 0 0 0 1 0 0 
0 0 0 0 0 1 0 0 0 0 

1
6 429
6 429
0 0 0 1 0 0 0 0 0 0 
0 1 0 0 0 0 0 0 0 0 
0 0 1 0 0 0 0 0 0 0 
1 0 0 0 0 0 0 0 0 0 
0 1 0 0 0 0 0 0 0 0 
0 0 0 0 0 1 0 0 0 0 
0 1 0 0 0 0 0 0 0 0 
0 0 0 0 0 0 0 1 0 0 
0 0 0 0 0 0 0 0 1 0 

1
6 429
6 429
0 0 0 1 0 0 0 0 0 0 
0 1 0 0 0 0 0 0 0 0 
0 0 1 0 0 0 0 0 0 0 
1 0 0 0 0 0 0 0 0 0 
0 1 0 0 0 0 0 0 0 0 
0 0 0 0 0 0 0 0 1 0 
0 1 0 0 0 0 0 0 0 0 
0 0 0 0 0 0 0 1 0 0 
0 0 0 0 0 1 0 0 0 0 

1
6 431
6 431
0 0 0 1 0 0 0 0 0 0 
0 1 0 0 0 0 0 0 0 0 
0 0 1 0 0 0 0 0 0 0 
1 0 0 0 0 0 0 0 0 0 
0 0 0 0 1 0 0 0 0 0 
0 0 0 0 0 1 0 0 0 0 
0 0 0 0 1 0 0 0 0 0 
0 0 0 0 0 0 0 1 0 0 
0 0 0 0 0 0 0 0 1 0 

1
6 431
6 431
1 0 0 0 0 0 0 0 0 0 
0 1 0 0 0 0 0 0 0 0 
0 0 1 0 0 0 0 0 0 0 
0 0 0 1 0 0 0 0 0 0 
0 0 0 0 1 0 0 0 0 0 
0 0 0 0 0 0 0 0 1 0 
0 0 0 0 1 0 0 0 0 0 
0 0 0 0 0 0 0 1 0 0 
0 0 0 0 0 1 0 0 0 0 

1
6 431
6 431
0 0 0 1 0 0 0 0 0 0 
0 1 0 0 0 0 0 0 0 0 
0 0 1 0 0 0 0 0 0 0 
1 0 0 0 0 0 0 0 0 0 
0 0 0 0 1 0 0 0 0 0 
0 0 0 0 0 0 0 0 1 0 
0 0 0 0 1 0 0 0 0 0 
0 0 0 0 0 0 0 1 0 0 
0 0 0 0 0 1 0 0 0 0 

1
6 451
6 451
0 1 0 0 0 0 0 0 0 0 
1 0 0 0 0 0 0 0 0 0 
0 0 1 0 0 0 0 0 0 0 
0 0 1 0 0 0 0 0 0 0 
0 0 1 0 0 0 0 0 0 0 
0 0 1 0 0 0 0 0 0 0 
0 0 0 0 0 0 1 0 0 0 
0 0 0 0 0 0 0 0 1 0 
0 0 0 0 0 0 0 1 0 0 

0
6 452
6 452
1 0 0 0 0 0 0 0 0 0 
0 -1 0 1 0 0 1 -1 1 -s-m1^2 
0 0 1 0 0 0 0 0 0 0 
0 0 0 1 0 0 0 0 0 0 
1 0 3 2 -1 0 1 -2 1 -s+m1^2-2*mm^2+t 
1 0 0 1 0 -1 1 -2 1 -2*s+2*m1^2 
0 0 0 0 0 0 0 0 1 0 
0 0 0 0 0 0 0 1 0 0 
0 0 0 0 0 0 1 0 0 0 

0
6 453
6 453
1 0 0 0 0 0 0 0 0 0 
0 -1 0 1 0 0 1 -1 1 -s-m1^2 
0 0 1 0 0 0 0 0 0 0 
0 0 0 1 0 0 0 0 0 0 
1 0 3 2 -1 0 1 -2 1 -s+m1^2-2*mm^2+t 
1 0 0 1 0 -1 1 -2 1 -2*s+2*m1^2 
0 0 0 0 0 0 0 0 1 0 
0 0 0 0 0 0 0 1 0 0 
0 0 0 0 0 0 1 0 0 0 

0
6 456
6 456
1 0 0 0 0 0 0 0 0 0 
0 -1 0 1 0 0 1 -1 1 -s-m1^2 
0 0 1 0 0 0 0 0 0 0 
0 0 0 1 0 0 0 0 0 0 
1 0 3 2 -1 0 1 -2 1 -s+m1^2-2*mm^2+t 
1 0 0 1 0 -1 1 -2 1 -2*s+2*m1^2 
0 0 0 0 0 0 0 0 1 0 
0 0 0 0 0 0 0 1 0 0 
0 0 0 0 0 0 1 0 0 0 

0
6 457
6 457
1 0 0 0 0 0 0 0 0 0 
0 -1 0 1 0 0 1 -1 1 -s-m1^2 
0 0 1 0 0 0 0 0 0 0 
0 0 0 1 0 0 0 0 0 0 
1 0 3 2 -1 0 1 -2 1 -s+m1^2-2*mm^2+t 
1 0 0 1 0 -1 1 -2 1 -2*s+2*m1^2 
0 0 0 0 0 0 0 0 1 0 
0 0 0 0 0 0 0 1 0 0 
0 0 0 0 0 0 1 0 0 0 

0
6 460
6 460
1 0 0 0 0 0 0 0 0 0 
0 -1 0 1 0 0 1 -1 1 -s-m1^2 
0 0 1 0 0 0 0 0 0 0 
0 0 0 1 0 0 0 0 0 0 
1 0 3 2 -1 0 1 -2 1 -s+m1^2-2*mm^2+t 
1 0 0 1 0 -1 1 -2 1 -2*s+2*m1^2 
0 0 0 0 0 0 0 0 1 0 
0 0 0 0 0 0 0 1 0 0 
0 0 0 0 0 0 1 0 0 0 

0
6 461
6 461
1 0 0 0 0 0 0 0 0 0 
0 -1 0 1 0 0 1 -1 1 -s-m1^2 
0 0 1 0 0 0 0 0 0 0 
0 0 0 1 0 0 0 0 0 0 
1 0 3 2 -1 0 1 -2 1 -s+m1^2-2*mm^2+t 
1 0 0 1 0 -1 1 -2 1 -2*s+2*m1^2 
0 0 0 0 0 0 0 0 1 0 
0 0 0 0 0 0 0 1 0 0 
0 0 0 0 0 0 1 0 0 0 

