D33[-1, 0, 1, 1, 1, 1, 0, 0, 0]
D33[-1, 1, 1, 0, 1, 1, 0, 0, 0]
D33[-1, 1, 1, 1, 1, 0, 0, 0, 0]
D33[-1, 1, 1, 1, 1, 1, 0, 0, 0]
D33[0, -1, 1, 1, 1, 1, 0, 0, 0]
D33[0, 0, 0, 1, 1, 1, 0, 0, 0]
D33[0, 0, 1, 0, 1, 1, 0, 0, 0]
D33[0, 0, 1, 1, 0, 1, 0, 0, 0]
D33[0, 0, 1, 1, 1, 0, 0, 0, 0]
D33[0, 0, 1, 1, 1, 1, -1, 0, 0]
D33[0, 0, 1, 1, 1, 1, 0, -1, 0]
D33[0, 0, 1, 1, 1, 1, 0, 0, -1]
D33[0, 0, 1, 1, 1, 1, 0, 0, 0]
D33[0, 1, 0, 0, 1, 1, 0, 0, 0]
D33[0, 1, 0, 1, 1, 0, 0, 0, 0]
D33[0, 1, 0, 1, 1, 1, 0, 0, -1]
D33[0, 1, 0, 1, 1, 1, 0, 0, 0]
D33[0, 1, 1, -1, 1, 1, 0, 0, 0]
D33[0, 1, 1, 0, 0, 1, 0, 0, 0]
D33[0, 1, 1, 0, 1, 0, 0, 0, 0]
D33[0, 1, 1, 0, 1, 1, -1, 0, 0]
D33[0, 1, 1, 0, 1, 1, 0, -1, 0]
D33[0, 1, 1, 0, 1, 1, 0, 0, -1]
D33[0, 1, 1, 0, 1, 1, 0, 0, 0]
D33[0, 1, 1, 1, 0, 0, 0, 0, 0]
D33[0, 1, 1, 1, 0, 1, 0, 0, -1]
D33[0, 1, 1, 1, 0, 1, 0, 0, 0]
D33[0, 1, 1, 1, 1, -1, 0, 0, 0]
D33[0, 1, 1, 1, 1, 0, -1, 0, 0]
D33[0, 1, 1, 1, 1, 0, 0, -1, 0]
D33[0, 1, 1, 1, 1, 0, 0, 0, -1]
D33[0, 1, 1, 1, 1, 0, 0, 0, 0]
D33[0, 1, 1, 1, 1, 1, -1, 0, -1]
D33[0, 1, 1, 1, 1, 1, -1, 0, 0]
D33[0, 1, 1, 1, 1, 1, 0, -1, 0]
D33[0, 1, 1, 1, 1, 1, 0, 0, -2]
D33[0, 1, 1, 1, 1, 1, 0, 0, -1]
D33[0, 1, 1, 1, 1, 1, 0, 0, 0]
D33[1, -1, 0, 1, 1, 1, 0, 0, 0]
D33[1, -1, 1, 0, 1, 1, 0, 0, 0]
D33[1, -1, 1, 1, 0, 1, 0, 0, 0]
D33[1, -1, 1, 1, 1, 1, -1, 0, 0]
D33[1, -1, 1, 1, 1, 1, 0, -1, 0]
D33[1, -1, 1, 1, 1, 1, 0, 0, 0]
D33[1, 0, 0, 0, 1, 1, 0, 0, 0]
D33[1, 0, 0, 1, 0, 1, 0, 0, 0]
D33[1, 0, 0, 1, 1, 0, 0, 0, 0]
D33[1, 0, 0, 1, 1, 1, -1, 0, 0]
D33[1, 0, 0, 1, 1, 1, 0, -1, 0]
D33[1, 0, 0, 1, 1, 1, 0, 0, -1]
D33[1, 0, 0, 1, 1, 1, 0, 0, 0]
D33[1, 0, 1, 0, 1, 0, 0, 0, 0]
D33[1, 0, 1, 0, 1, 1, -1, 0, 0]
D33[1, 0, 1, 0, 1, 1, 0, -1, 0]
D33[1, 0, 1, 0, 1, 1, 0, 0, -1]
D33[1, 0, 1, 0, 1, 1, 0, 0, 0]
D33[1, 0, 1, 1, 0, 0, 0, 0, 0]
D33[1, 0, 1, 1, 0, 1, -1, 0, 0]
D33[1, 0, 1, 1, 0, 1, 0, -1, 0]
D33[1, 0, 1, 1, 0, 1, 0, 0, -1]
D33[1, 0, 1, 1, 0, 1, 0, 0, 0]
D33[1, 0, 1, 1, 1, 0, -1, 0, 0]
D33[1, 0, 1, 1, 1, 0, 0, -1, 0]
D33[1, 0, 1, 1, 1, 0, 0, 0, 0]
D33[1, 0, 1, 1, 1, 1, -2, 0, 0]
D33[1, 0, 1, 1, 1, 1, -1, -1, 0]
D33[1, 0, 1, 1, 1, 1, -1, 0, -1]
D33[1, 0, 1, 1, 1, 1, -1, 0, 0]
D33[1, 0, 1, 1, 1, 1, 0, -2, 0]
D33[1, 0, 1, 1, 1, 1, 0, -1, -1]
D33[1, 0, 1, 1, 1, 1, 0, -1, 0]
D33[1, 0, 1, 1, 1, 1, 0, 0, -1]
D33[1, 0, 1, 1, 1, 1, 0, 0, 0]
D33[1, 1, -1, 0, 1, 1, 0, 0, 0]
D33[1, 1, -1, 1, 1, 0, 0, 0, 0]
D33[1, 1, 0, -1, 1, 1, 0, 0, 0]
D33[1, 1, 0, 0, 0, 1, 0, 0, 0]
D33[1, 1, 0, 0, 1, 0, 0, 0, 0]
D33[1, 1, 0, 0, 1, 1, -1, 0, 0]
D33[1, 1, 0, 0, 1, 1, 0, -1, 0]
D33[1, 1, 0, 0, 1, 1, 0, 0, -1]
D33[1, 1, 0, 0, 1, 1, 0, 0, 0]
D33[1, 1, 0, 1, 0, 0, 0, 0, 0]
D33[1, 1, 0, 1, 0, 1, 0, 0, -1]
D33[1, 1, 0, 1, 0, 1, 0, 0, 0]
D33[1, 1, 0, 1, 1, -1, 0, 0, 0]
D33[1, 1, 0, 1, 1, 0, -1, 0, 0]
D33[1, 1, 0, 1, 1, 0, 0, -1, 0]
D33[1, 1, 0, 1, 1, 0, 0, 0, -1]
D33[1, 1, 0, 1, 1, 0, 0, 0, 0]
D33[1, 1, 0, 1, 1, 1, -1, 0, -1]
D33[1, 1, 0, 1, 1, 1, -1, 0, 0]
D33[1, 1, 0, 1, 1, 1, 0, -1, -1]
D33[1, 1, 0, 1, 1, 1, 0, 0, -2]
D33[1, 1, 0, 1, 1, 1, 0, 0, -1]
D33[1, 1, 0, 1, 1, 1, 0, 0, 0]
D33[1, 1, 1, -2, 1, 1, 0, 0, 0]
D33[1, 1, 1, -1, 0, 1, 0, 0, 0]
D33[1, 1, 1, -1, 1, 0, 0, 0, 0]
D33[1, 1, 1, -1, 1, 1, -1, 0, 0]
D33[1, 1, 1, -1, 1, 1, 0, -1, 0]
D33[1, 1, 1, -1, 1, 1, 0, 0, -1]
D33[1, 1, 1, -1, 1, 1, 0, 0, 0]
D33[1, 1, 1, 0, 0, 0, 0, 0, 0]
D33[1, 1, 1, 0, 0, 1, -1, 0, 0]
D33[1, 1, 1, 0, 0, 1, 0, -1, 0]
D33[1, 1, 1, 0, 0, 1, 0, 0, -1]
D33[1, 1, 1, 0, 0, 1, 0, 0, 0]
D33[1, 1, 1, 0, 1, -1, 0, 0, 0]
D33[1, 1, 1, 0, 1, 0, -1, 0, 0]
D33[1, 1, 1, 0, 1, 0, 0, -1, 0]
D33[1, 1, 1, 0, 1, 0, 0, 0, -1]
D33[1, 1, 1, 0, 1, 0, 0, 0, 0]
D33[1, 1, 1, 0, 1, 1, -2, 0, 0]
D33[1, 1, 1, 0, 1, 1, -1, -1, 0]
D33[1, 1, 1, 0, 1, 1, -1, 0, -1]
D33[1, 1, 1, 0, 1, 1, -1, 0, 0]
D33[1, 1, 1, 0, 1, 1, 0, -2, 0]
D33[1, 1, 1, 0, 1, 1, 0, -1, -1]
D33[1, 1, 1, 0, 1, 1, 0, -1, 0]
D33[1, 1, 1, 0, 1, 1, 0, 0, -2]
D33[1, 1, 1, 0, 1, 1, 0, 0, -1]
D33[1, 1, 1, 0, 1, 1, 0, 0, 0]
D33[1, 1, 1, 1, -1, 1, 0, 0, 0]
D33[1, 1, 1, 1, 0, -1, 0, 0, 0]
D33[1, 1, 1, 1, 0, 0, -1, 0, 0]
D33[1, 1, 1, 1, 0, 0, 0, -1, 0]
D33[1, 1, 1, 1, 0, 0, 0, 0, -1]
D33[1, 1, 1, 1, 0, 0, 0, 0, 0]
D33[1, 1, 1, 1, 0, 1, -1, 0, -1]
D33[1, 1, 1, 1, 0, 1, -1, 0, 0]
D33[1, 1, 1, 1, 0, 1, 0, -1, -1]
D33[1, 1, 1, 1, 0, 1, 0, -1, 0]
D33[1, 1, 1, 1, 0, 1, 0, 0, -2]
D33[1, 1, 1, 1, 0, 1, 0, 0, -1]
D33[1, 1, 1, 1, 0, 1, 0, 0, 0]
D33[1, 1, 1, 1, 1, -1, 0, 0, 0]
D33[1, 1, 1, 1, 1, 0, -1, 0, 0]
D33[1, 1, 1, 1, 1, 0, 0, -1, 0]
D33[1, 1, 1, 1, 1, 0, 0, 0, -1]
D33[1, 1, 1, 1, 1, 0, 0, 0, 0]
D33[1, 1, 1, 1, 1, 1, -2, 0, 0]
D33[1, 1, 1, 1, 1, 1, -1, -1, 0]
D33[1, 1, 1, 1, 1, 1, -1, 0, -1]
D33[1, 1, 1, 1, 1, 1, -1, 0, 0]
D33[1, 1, 1, 1, 1, 1, 0, -2, 0]
D33[1, 1, 1, 1, 1, 1, 0, -1, -1]
D33[1, 1, 1, 1, 1, 1, 0, -1, 0]
D33[1, 1, 1, 1, 1, 1, 0, 0, -2]
D33[1, 1, 1, 1, 1, 1, 0, 0, -1]
D33[1, 1, 1, 1, 1, 1, 0, 0, 0]