B9[0,0,0,0,0,0,0,0,0]*(-2*a0-a7-a4+d-a5-a2)
B9[-1,0,1,0,0,0,0,0,0]*(-a2)
B9[-1,0,0,0,0,0,0,1,0]*(-a7)
B9[0,0,1,0,0,0,0,0,0]*(-m1^2*a2)
B9[-1,0,0,0,1,0,0,0,0]*(-a4)
B9[0,-1,0,0,1,0,0,0,0]*(2*a4)
B9[0,0,0,0,0,1,0,0,0]*(-m1^2*a5)
B9[0,0,0,0,1,0,0,0,-1]*(-a4)
B9[0,0,0,0,1,0,0,0,0]*(2*m1^2*a4)
B9[-1,0,0,0,0,1,0,0,0]*(-a5)

B9[0,0,0,0,0,0,0,0,0]*(-a6-a3-a4-2*a1+d-a8)
B9[0,1,0,0,0,0,0,0,0]*(-2*m1^2*a1)
B9[0,-1,0,1,0,0,0,0,0]*(-a3)
B9[0,0,0,0,0,0,0,0,1]*(-m1^2*a8)
B9[0,0,0,1,0,0,0,0,0]*(-2*a3*m1^2+s*a3)
B9[0,-1,0,0,1,0,0,0,0]*(-a4)
B9[0,0,-1,0,1,0,0,0,0]*(a4)
B9[0,-1,0,0,0,0,0,0,1]*(-a8)
B9[0,-1,0,0,0,0,1,0,0]*(-a6)
B9[0,0,0,0,0,0,1,0,0]*(-a6*m1^2)

B9[0,0,0,0,0,0,0,0,0]*(a0-a7)
B9[1,0,0,0,0,0,0,-1,0]*(-a0)
B9[-1,0,1,0,0,0,0,0,0]*(a2)
B9[0,0,1,0,0,0,0,-1,0]*(-a2)
B9[0,0,1,0,0,0,0,0,0]*(t*a2)
B9[-1,0,0,0,1,0,0,0,0]*(a4)
B9[0,-1,0,0,1,0,0,0,0]*(-a4)
B9[0,0,0,0,1,0,-1,0,0]*(a4)
B9[0,0,0,0,1,0,0,-1,0]*(-a4)
B9[0,0,0,0,1,0,0,0,0]*(a4*t-m1^2*a4)
B9[-1,0,0,0,0,1,0,0,0]*(a5)
B9[0,0,0,0,0,1,0,-1,0]*(-a5)
B9[0,0,0,0,0,1,0,0,0]*(t*a5+s*a5)
B9[-1,0,0,0,0,0,0,1,0]*(a7)

B9[0,0,0,0,0,0,0,0,0]*(a6-a1)
B9[0,1,0,0,0,0,-1,0,0]*(a1)
B9[0,1,0,0,0,0,0,0,0]*(-m1^2*a1)
B9[0,-1,0,1,0,0,0,0,0]*(-a3)
B9[0,0,0,1,0,0,-1,0,0]*(a3)
B9[0,0,0,1,0,0,0,0,0]*(-a3*m1^2-s*a3)
B9[-1,0,0,0,1,0,0,0,0]*(a4)
B9[0,-1,0,0,1,0,0,0,0]*(-a4)
B9[0,0,0,0,1,0,-1,0,0]*(a4)
B9[0,0,0,0,1,0,0,-1,0]*(-a4)
B9[0,0,0,0,1,0,0,0,0]*(a4*t-m1^2*a4)
B9[0,-1,0,0,0,0,1,0,0]*(-a6)
B9[0,0,0,0,0,0,0,0,1]*(-t*a8-m1^2*a8)
B9[0,0,0,0,0,0,1,0,0]*(-a6*m1^2)
B9[0,-1,0,0,0,0,0,0,1]*(-a8)
B9[0,0,0,0,0,0,-1,0,1]*(a8)

B9[0,0,0,0,0,0,0,0,0]*(a0-a2)
B9[1,0,-1,0,0,0,0,0,0]*(-a0)
B9[1,0,0,0,0,0,0,0,0]*(-a0*m1^2)
B9[-1,0,1,0,0,0,0,0,0]*(a2)
B9[0,0,0,0,0,0,0,1,0]*(a7*t-m1^2*a7)
B9[0,0,1,0,0,0,0,0,0]*(-m1^2*a2)
B9[-1,0,0,0,1,0,0,0,0]*(a4)
B9[0,-1,0,0,1,0,0,0,0]*(-a4)
B9[0,0,-1,0,1,0,0,0,0]*(-a4)
B9[0,0,0,0,1,0,0,0,-1]*(a4)
B9[0,0,0,0,1,0,0,0,0]*(-2*m1^2*a4)
B9[-1,0,0,0,0,1,0,0,0]*(a5)
B9[0,0,-1,0,0,1,0,0,0]*(-a5)
B9[0,0,0,0,0,1,0,0,0]*(-m1^2*a5+s*a5)
B9[-1,0,0,0,0,0,0,1,0]*(a7)
B9[0,0,-1,0,0,0,0,1,0]*(-a7)

B9[0,0,0,0,0,0,0,0,0]*(-a1+a8)
B9[0,1,0,0,0,0,0,0,-1]*(a1)
B9[0,1,0,0,0,0,0,0,0]*(-m1^2*a1)
B9[0,-1,0,1,0,0,0,0,0]*(-a3)
B9[0,0,0,1,0,0,0,0,-1]*(a3)
B9[0,0,0,1,0,0,0,0,0]*(-a3*m1^2-s*a3)
B9[-1,0,0,0,1,0,0,0,0]*(a4)
B9[0,-1,0,0,1,0,0,0,0]*(-a4)
B9[0,0,-1,0,1,0,0,0,0]*(-a4)
B9[0,0,0,0,1,0,0,0,-1]*(a4)
B9[0,0,0,0,1,0,0,0,0]*(-2*m1^2*a4)
B9[0,-1,0,0,0,0,1,0,0]*(-a6)
B9[0,0,0,0,0,0,1,0,-1]*(a6)
B9[0,0,0,0,0,0,1,0,0]*(-a6*t-a6*m1^2)
B9[0,-1,0,0,0,0,0,0,1]*(-a8)
B9[0,0,0,0,0,0,0,0,1]*(-m1^2*a8)

B9[1,-1,0,0,0,0,0,0,0]*(2*a0)
B9[1,0,-1,0,0,0,0,0,0]*(a0)
B9[1,0,0,0,-1,0,0,0,0]*(-a0)
B9[1,0,0,0,0,0,0,0,-1]*(-a0)
B9[1,0,0,0,0,0,0,0,0]*(3*a0*m1^2)
B9[0,-1,1,0,0,0,0,0,0]*(a2)
B9[0,0,0,0,0,0,0,0,0]*(-a4+a2)
B9[0,0,1,0,-1,0,0,0,0]*(-a2)
B9[0,0,1,0,0,0,0,0,0]*(2*m1^2*a2)
B9[0,-1,0,0,1,0,0,0,0]*(-a4)
B9[0,0,-1,0,1,0,0,0,0]*(a4)
B9[0,0,0,0,0,0,0,1,0]*(2*m1^2*a7)
B9[0,0,-1,0,0,1,0,0,0]*(a5)
B9[0,0,0,-1,0,1,0,0,0]*(a5)
B9[0,0,0,0,-1,1,0,0,0]*(-a5)
B9[0,0,0,0,0,1,0,0,0]*(2*m1^2*a5-s*a5)
B9[0,-1,0,0,0,0,0,1,0]*(a7)
B9[0,0,-1,0,0,0,0,1,0]*(a7)
B9[0,0,0,0,-1,0,0,1,0]*(-a7)
B9[0,0,0,0,0,0,-1,1,0]*(a7)
B9[0,0,0,0,0,0,0,1,-1]*(-a7)

B9[0,0,0,0,0,0,0,0,0]*(-a6-a3+2*a1)
B9[0,1,0,-1,0,0,0,0,0]*(-a1)
B9[0,1,0,0,0,0,-1,0,0]*(-a1)
B9[0,1,0,0,0,0,0,0,0]*(s*a1+m1^2*a1)
B9[0,-1,0,1,0,0,0,0,0]*(2*a3)
B9[0,0,0,0,0,0,0,0,1]*(t*a8+m1^2*a8+2*s*a8)
B9[0,0,0,1,0,0,-1,0,0]*(-a3)
B9[0,0,0,1,0,0,0,0,0]*(a3*m1^2)
B9[-1,0,0,0,1,0,0,0,0]*(-a4)
B9[0,-1,0,0,1,0,0,0,0]*(2*a4)
B9[0,0,-1,0,1,0,0,0,0]*(-a4)
B9[0,0,0,-1,1,0,0,0,0]*(-a4)
B9[0,0,0,0,1,-1,0,0,0]*(a4)
B9[0,0,0,0,1,0,-1,0,0]*(-a4)
B9[0,0,0,0,1,0,0,-1,0]*(a4)
B9[0,0,0,0,1,0,0,0,0]*(-a4*t+m1^2*a4)
B9[0,-1,0,0,0,0,1,0,0]*(2*a6)
B9[0,0,0,-1,0,0,1,0,0]*(-a6)
B9[0,0,0,0,0,0,-1,0,1]*(-a8)
B9[0,0,0,0,0,0,1,0,0]*(2*s*a6+a6*m1^2)
B9[0,-1,0,0,0,0,0,0,1]*(2*a8)
B9[0,0,0,-1,0,0,0,0,1]*(-a8)

B9[0,0,0,0,0,0,0,0,0]*(-a0+a7+a5-a2)
B9[1,0,-1,0,0,0,0,0,0]*(-a0)
B9[1,0,0,0,0,-1,0,0,0]*(a0)
B9[1,0,0,0,0,0,0,-1,0]*(a0)
B9[-1,0,1,0,0,0,0,0,0]*(-a2)
B9[0,0,0,0,0,0,0,1,0]*(-s*a7)
B9[0,0,1,0,0,-1,0,0,0]*(a2)
B9[0,0,1,0,0,0,0,-1,0]*(a2)
B9[0,0,1,0,0,0,0,0,0]*(-t*a2-s*a2)
B9[-1,0,0,0,1,0,0,0,0]*(-a4)
B9[0,-1,0,0,1,0,0,0,0]*(2*a4)
B9[0,0,-1,0,1,0,0,0,0]*(-a4)
B9[0,0,0,-1,1,0,0,0,0]*(-a4)
B9[0,0,0,0,1,-1,0,0,0]*(a4)
B9[0,0,0,0,1,0,-1,0,0]*(-a4)
B9[0,0,0,0,1,0,0,-1,0]*(a4)
B9[0,0,0,0,1,0,0,0,0]*(-a4*t+m1^2*a4)
B9[-1,0,0,0,0,1,0,0,0]*(-a5)
B9[0,0,-1,0,0,1,0,0,0]*(-a5)
B9[0,0,0,0,0,-1,0,1,0]*(a7)
B9[0,0,0,0,0,1,0,-1,0]*(a5)
B9[0,0,0,0,0,1,0,0,0]*(-t*a5)
B9[-1,0,0,0,0,0,0,1,0]*(-a7)
B9[0,0,-1,0,0,0,0,1,0]*(-a7)

B9[0,0,0,0,0,0,0,0,0]*(-a4+2*a1-a8)
B9[0,1,-1,0,0,0,0,0,0]*(a1)
B9[0,1,0,0,-1,0,0,0,0]*(-a1)
B9[0,1,0,0,0,0,0,0,-1]*(-a1)
B9[0,1,0,0,0,0,0,0,0]*(3*m1^2*a1)
B9[0,-1,0,1,0,0,0,0,0]*(2*a3)
B9[0,0,0,1,-1,0,0,0,0]*(-a3)
B9[0,0,0,1,0,-1,0,0,0]*(a3)
B9[0,0,0,1,0,0,0,0,-1]*(-a3)
B9[0,0,0,1,0,0,0,0,0]*(3*a3*m1^2)
B9[-1,0,0,0,1,0,0,0,0]*(-a4)
B9[0,-1,0,0,1,0,0,0,0]*(2*a4)
B9[0,0,0,0,0,0,0,0,1]*(4*m1^2*a8)
B9[0,0,0,0,1,0,0,0,-1]*(-a4)
B9[0,0,0,0,1,0,0,0,0]*(2*m1^2*a4)
B9[-1,0,0,0,0,0,1,0,0]*(-a6)
B9[0,-1,0,0,0,0,1,0,0]*(2*a6)
B9[0,0,-1,0,0,0,1,0,0]*(a6)
B9[0,0,0,0,-1,0,1,0,0]*(-a6)
B9[0,0,0,0,0,0,1,-1,0]*(a6)
B9[0,0,0,0,0,0,1,0,-1]*(-a6)
B9[0,0,0,0,0,0,1,0,0]*(3*a6*m1^2)
B9[-1,0,0,0,0,0,0,0,1]*(-a8)
B9[0,-1,0,0,0,0,0,0,1]*(2*a8)
B9[0,0,-1,0,0,0,0,0,1]*(2*a8)
B9[0,0,0,0,-1,0,0,0,1]*(-a8)

