504 4258750065201778868 1 6
4 7 5 8 6 3 

500 667587601794755802 1 6
4 8 6 7 2 5 

498 2012267907370529641 1 6
4 7 5 8 6 1 

497 6677228646249063837 1 6
4 8 6 7 5 0 

492 3425974087438561411 2 6
2 7 5 6 8 3 
2 7 5 8 6 3 

490 5646368208378475547 2 6
5 7 6 8 3 1 
5 7 8 6 3 1 

489 14194239431961732970 2 6
6 8 3 5 0 7 
8 6 3 5 0 7 

486 6145262284549281972 2 6
2 7 5 6 8 1 
2 7 5 8 6 1 

485 3865876274683851366 2 6
6 8 2 7 5 0 
8 6 2 7 5 0 

483 7753034809899492488 2 6
6 8 1 5 0 7 
8 6 1 5 0 7 

476 4480159444575421579 1 6
4 7 2 8 6 3 

474 11413632545044565859 1 6
4 7 8 6 3 1 

473 7418554731168838784 1 6
4 7 0 8 6 3 

470 15285087397784197174 1 6
4 7 2 8 6 1 

469 16857934360656143257 1 6
4 8 6 7 2 0 

467 7765955173856453416 1 6
4 7 0 8 6 1 

462 17409067066809725900 4 6
2 7 6 8 3 1 
2 7 8 6 3 1 
7 2 6 8 3 1 
7 2 8 6 3 1 

461 14844703563866111244 4 6
6 8 3 7 2 0 
6 8 3 2 7 0 
8 6 3 2 7 0 
8 6 3 7 2 0 

455 6374325766140526653 4 6
6 8 1 7 2 0 
6 8 1 2 7 0 
8 6 1 2 7 0 
8 6 1 7 2 0 

444 14768258814836106949 1 6
4 8 3 7 2 5 

442 16354168165895578211 1 6
4 7 5 8 1 3 

441 11724925412138370537 1 6
4 8 3 7 5 0 

438 2999279542371576782 1 6
4 8 1 7 2 5 

437 5045669272142007392 1 6
4 8 7 2 5 0 

435 5578924131951923959 1 6
4 8 1 7 5 0 

430 11850151956061656219 1 6
2 7 5 3 1 8 

429 12344272108825572062 1 6
3 8 2 7 5 0 

427 6132524432141739005 1 6
5 0 7 3 1 8 

423 1548988053089930842 1 6
1 8 2 7 5 0 

414 1825938080577462224 1 6
4 7 2 8 3 1 

413 4771369903572295682 1 6
4 8 3 7 2 0 

411 8562508359537584371 1 6
4 7 0 8 3 1 

407 14580683896299517826 1 6
4 8 1 7 2 0 

399 14651465084615685658 2 6
2 7 0 3 1 8 
7 2 0 3 1 8 

380 2364742180842786371 2 6
4 5 2 6 8 3 
4 5 2 8 6 3 

378 16621255950409430056 2 6
5 4 6 8 1 3 
5 4 8 6 1 3 

377 13455849951781753513 1 6
4 5 0 6 8 3 

374 11462187098939375103 2 6
4 5 2 6 8 1 
4 5 2 8 6 1 

373 5924352704855548626 1 6
4 6 8 5 2 0 

371 10212742312367212920 1 6
4 5 0 6 8 1 

366 12902060417594439213 2 6
5 2 6 8 3 1 
5 2 8 6 3 1 

365 1415491795153112642 2 6
6 8 3 5 2 0 
8 6 3 5 2 0 

363 2567492445092170684 2 6
5 0 6 8 3 1 
5 0 8 6 3 1 

359 632414279582600242 2 6
6 8 1 5 2 0 
8 6 1 5 2 0 

350 12779598668021687616 2 6
4 2 6 8 3 1 
4 2 8 6 3 1 

349 1347054057528932790 1 6
4 0 2 6 8 3 

347 15817336220133328141 1 6
4 0 6 8 3 1 

343 17261833579878774646 1 6
4 0 2 6 8 1 

318 17785312935877300160 1 6
4 5 2 1 3 8 

317 16804968409132403450 1 6
4 3 8 5 2 0 

315 9968031450755409595 1 6
4 5 0 1 3 8 

311 5442858394421259825 1 6
4 1 8 5 2 0 

303 16903273873570112912 1 6
5 2 0 3 1 8 

287 8705453113181410030 1 6
4 2 0 3 1 8 

252 14662342964096405183 1 6
4 3 6 2 7 5 

250 15328803560588589242 1 6
4 5 7 1 3 6 

249 10428858332771260740 1 6
4 3 6 5 0 7 

246 4790779502372653518 1 6
4 1 6 2 7 5 

245 13419654893162111178 1 6
4 6 2 7 5 0 

243 11447358982726457020 1 6
4 1 6 5 0 7 

238 11850151956061656219 1 6
2 7 5 3 1 6 

237 12344272108825572062 1 6
3 6 2 7 5 0 

235 6132524432141739005 1 6
5 0 7 3 1 6 

231 1548988053089930842 1 6
1 6 2 7 5 0 

222 15371622061825129275 1 6
4 2 7 3 1 6 

221 2696845114984431498 1 6
4 6 3 2 7 0 

219 5783924378322371931 1 6
4 0 7 6 3 1 

215 4785520011774364438 1 6
4 6 1 2 7 0 

207 14651465084615685658 2 6
2 7 0 3 1 6 
7 2 0 3 1 6 

190 11039709150826559245 1 6
4 1 3 2 7 5 

189 4434539453076087817 2 6
3 4 2 7 5 0 
4 3 2 7 5 0 

187 17649155400706524944 1 6
4 1 3 5 0 7 

183 3580188889546917519 2 6
1 4 2 7 5 0 
4 1 2 7 5 0 

175 11106991875528625777 2 6
1 3 2 7 5 0 
3 1 2 7 5 0 

159 5460548447949670294 1 6
4 3 1 2 7 0 

390 17520452208558333313 2 4
2 7 1 8 
7 2 1 8 

354 4958041139356027288 2 4
5 6 8 1 
5 8 6 1 

291 4588159413583185618 1 4
5 0 1 8 

34 16057663672689140328 1 2
5 1 

204 16706246648776914870 2 4
2 7 3 6 
7 2 3 6 

198 17520452208558333313 2 4
2 7 1 6 
7 2 1 6 

396 16706246648776914870 2 4
2 7 3 8 
7 2 3 8 

142 1979881353718354196 4 4
2 7 3 1 
2 7 1 3 
7 2 3 1 
7 2 1 3 

141 6934963488335717096 2 4
3 2 7 0 
3 7 2 0 

398 325566649988153406 2 5
2 7 3 1 8 
7 2 3 1 8 

135 6934963488335717096 2 4
1 2 7 0 
1 7 2 0 

120 11870785104650231792 1 4
5 4 3 6 

116 1945527050627323685 1 4
4 6 5 2 

368 15088478831565327740 2 4
5 4 6 8 
5 4 8 6 

111 16903273873570112912 1 6
5 2 0 3 1 6 

114 5219636802098259656 1 4
5 4 1 6 

240 265821317991060869 1 4
4 6 5 7 

113 12796492012222642070 1 4
4 6 5 0 

370 1255896974742869208 2 5
5 4 6 8 1 
5 4 8 6 1 

108 12454698584166066605 1 4
5 2 3 6 

360 2506291337039430504 2 4
5 6 8 3 
5 8 6 3 

103 12168464050569105015 1 5
1 6 5 2 0 

106 6703386584276212159 1 4
5 3 1 6 

232 15063901067453897071 1 4
5 7 3 6 

105 14816885241224482319 1 4
5 0 3 6 

362 18233207030126078661 2 5
5 6 8 3 1 
5 8 6 3 1 

356 11471267533244529063 2 4
6 8 5 2 
8 6 5 2 

99 4588159413583185618 1 4
5 0 1 6 

102 14918271907809838120 1 4
5 2 1 6 

353 4031891465063058232 2 4
6 8 5 0 
8 6 5 0 

226 3029996095674828340 1 4
5 7 1 6 

92 3109059138242254331 1 4
4 2 3 6 

344 4781713142573338100 2 4
4 6 8 3 
4 8 6 3 

87 14256074791385601993 1 5
4 0 2 6 1 

90 8651693490710992105 1 4
4 3 1 6 

216 11123936169716122169 1 4
4 7 3 6 

89 521650032044127092 1 4
4 0 6 3 

346 3744939600689001159 2 5
4 6 8 3 1 
4 8 6 3 1 

340 6298028786061420797 2 4
4 2 6 8 
4 2 8 6 

83 13839625068710105106 1 4
4 0 6 1 

86 1350421611143869986 1 4
4 2 1 6 

212 6298028786061420797 2 4
4 6 2 7 
4 6 7 2 

85 17968063984761347139 1 4
4 6 0 2 

342 8040390840202699799 2 5
4 2 6 8 1 
4 2 8 6 1 

337 14609479646097825927 1 4
4 0 6 8 

210 3224462700283131276 1 4
4 7 1 6 

104 12056927191973130570 1 3
5 3 6 

361 14311218419766985377 2 5
5 0 6 8 3 
5 0 8 6 3 

172 2861267068725808172 1 4
3 2 7 5 

45 3778298545964574314 1 4
3 5 2 0 

302 11773799216382617365 1 5
5 2 3 1 8 

282 8651693490710992105 1 4
4 3 1 8 

25 5929441778008549557 2 3
3 4 0 
4 3 0 

28 14818851316089404148 2 3
3 4 2 
4 3 2 

285 10139423452647114974 1 5
4 3 8 2 0 

88 4094615562703574106 1 3
4 3 6 

345 1642373447637077153 1 5
4 0 6 8 3 

156 4688632789828070965 2 4
3 4 2 7 
4 3 2 7 

29 2542277775100474447 2 4
3 4 2 0 
4 3 2 0 

286 16195659077480905719 1 5
4 2 3 1 8 

56 14357543932795968282 2 3
5 4 3 
5 3 4 

313 5978154118073916460 1 5
4 5 0 3 8 

140 5697750978532764374 2 3
3 2 7 
3 7 2 

397 5646005433322301305 2 5
3 8 7 2 0 
3 8 2 7 0 

306 5219636802098259656 1 4
5 4 1 8 

49 108422713436611649 1 3
4 5 0 

52 2941439823416118461 1 3
4 5 2 

309 10013605109725733711 1 5
4 8 5 2 0 

298 6703386584276212159 1 4
5 3 1 8 

41 108422713436611649 1 3
3 5 0 

44 2941439823416118461 1 3
3 5 2 

301 14657265366540997895 1 5
3 8 5 2 0 

134 5697750978532764374 2 3
1 2 7 
1 7 2 

391 2967678695872976096 2 5
1 8 2 7 0 
1 8 7 2 0 

18 13811601009566447630 2 2
1 4 
4 1 

275 1350421611143869986 1 4
4 0 1 8 

277 4849430361981918121 2 4
4 8 0 2 
4 8 2 0 

150 10539416271728920838 2 4
1 4 2 7 
4 1 2 7 

23 13252871205337770529 4 4
1 4 2 0 
1 4 0 2 
4 1 2 0 
4 1 0 2 

280 4094615562703574106 1 3
4 3 8 

278 1350421611143869986 1 4
4 2 1 8 

24 13811601009566447630 2 2
3 4 
4 3 

281 6681661481881302487 1 4
4 0 3 8 

166 2861267068725808172 1 4
1 2 7 5 

39 3778298545964574314 1 4
1 5 2 0 

296 12056927191973130570 1 3
5 3 8 

294 14918271907809838120 1 4
5 2 1 8 

40 16057663672689140328 1 2
5 3 

297 14816885241224482319 1 4
5 0 3 8 

149 6934963488335717096 2 4
4 2 7 0 
4 7 2 0 

406 582737956998741270 1 5
4 7 2 8 1 

22 5929441778008549557 2 3
1 4 2 
4 1 2 

279 9196762756382579012 2 5
4 1 8 0 2 
4 1 8 2 0 

276 14464322681345727777 2 3
4 2 8 
4 8 2 

19 5929441778008549557 2 3
1 4 0 
4 1 0 

162 9092131938686820227 1 3
1 5 7 

419 4413420112328929363 1 5
1 8 5 0 7 

35 108422713436611649 1 3
1 5 0 

48 16057663672689140328 1 2
5 4 

305 6868419624985508517 1 4
4 8 5 0 

112 9246985618930380126 1 3
5 4 6 

369 3534708867440004357 1 5
4 6 8 5 0 

180 2861267068725808172 1 4
4 2 7 5 

53 3778298545964574314 1 4
4 5 2 0 

310 738616300637352986 1 5
4 5 2 1 8 

152 13871357917731074364 2 3
3 4 7 
4 3 7 

409 1319048013207050420 1 5
4 8 3 7 0 

338 4817687843505506170 2 4
4 6 8 1 
4 8 6 1 

81 5398266633630539269 2 3
4 0 6 
4 6 0 

84 14464322681345727777 2 3
4 2 6 
4 6 2 

341 771842205880220793 1 5
4 6 8 0 2 

38 2941439823416118461 1 3
1 5 2 

295 12168464050569105015 1 5
1 8 5 2 0 

147 10163397271177605791 2 4
1 4 0 7 
4 1 0 7 

404 14639998256009746887 1 4
4 8 7 2 

274 17656326354493340191 1 3
4 1 8 

153 8917144385363181632 2 4
3 4 0 7 
4 3 0 7 

410 15143926490237977867 1 5
4 7 8 3 1 

26 17730842381964932344 2 3
4 3 1 
4 1 3 

283 8936333898289333161 1 5
4 0 3 1 8 

168 9092131938686820227 1 3
3 5 7 

425 685885286716743453 1 5
3 8 5 0 7 

209 17968063984761347139 1 4
4 6 0 7 

466 16872601378198876334 1 5
4 7 8 6 1 

82 17656326354493340191 1 3
4 1 6 

339 16968199954848701536 1 5
4 0 6 8 1 

336 5697750978532764374 2 3
4 6 8 
4 8 6 

148 5697750978532764374 2 3
4 2 7 
4 7 2 

405 16370197442851068734 1 5
4 8 7 2 0 

284 3109059138242254331 1 4
4 2 3 8 

27 10885408293368597281 2 4
4 0 3 1 
4 0 1 3 

30 10169856404592560356 1 4
4 2 3 1 

176 9092131938686820227 1 3
4 5 7 

433 8177268801713806244 1 5
4 8 7 5 0 

312 11870785104650231792 1 4
5 4 3 8 

55 16368521846622419377 2 5
1 4 5 2 0 
4 1 5 2 0 

58 5404151796797491025 1 4
5 4 1 3 

208 14464322681345727777 2 3
4 6 7 
4 7 6 

465 2552553552591044298 1 5
4 8 6 7 0 

163 12815071327694841775 1 4
1 5 0 7 

290 4189010045326060690 1 3
5 1 8 

308 1945527050627323685 1 4
4 8 5 2 

51 8023684374601098437 2 4
1 4 5 0 
4 1 5 0 

54 16130402484340281001 2 4
1 4 5 2 
4 1 5 2 

169 12815071327694841775 1 4
3 5 0 7 

426 16442876372770679416 1 5
5 7 3 1 8 

42 5866017786500108610 2 3
5 3 1 
5 1 3 

299 974643194870029275 1 5
5 0 3 1 8 

60 8576555578260435076 2 4
3 4 5 2 
4 3 5 2 

177 12815071327694841775 1 4
4 5 0 7 

434 1065462813615665885 1 5
4 8 1 7 5 

50 16756858199187979348 2 3
5 4 1 
5 1 4 

307 7157598293976860537 1 5
4 5 0 1 8 

304 9246985618930380126 1 3
5 4 8 

47 9631283914559432509 2 5
1 3 5 2 0 
3 1 5 2 0 

98 4189010045326060690 1 3
5 1 6 

355 17271942903054826368 2 5
5 0 6 8 1 
5 0 8 6 1 

352 5080913640879023083 2 3
5 6 8 
5 8 6 

95 2068905600584339505 1 6
4 0 2 6 3 1 

184 15967028558043134457 2 4
3 4 5 7 
4 3 5 7 

57 15670133940343146296 2 4
3 4 5 0 
4 3 5 0 

314 11248823217797469262 1 5
5 4 1 3 8 

146 8978346329307520752 2 3
1 4 7 
4 1 7 

403 8794501459020695475 1 5
4 8 1 7 0 

273 14464322681345727777 2 3
4 0 8 
4 8 0 

400 3047226301015124850 2 3
4 7 8 
4 8 7 

143 16546320677268633738 4 5
1 3 2 7 0 
1 3 7 2 0 
3 1 2 7 0 
3 1 7 2 0 

300 12454698584166066605 1 4
5 2 3 8 

43 17540382598376591068 2 4
5 0 3 1 
5 0 1 3 

46 16470563094882977026 2 4
5 2 3 1 
5 2 1 3 

154 11085576491209452512 1 4
4 7 3 1 

170 9589174647365646901 2 4
5 7 1 3 
5 7 3 1 

178 4238013296622897843 2 4
1 4 5 7 
4 1 5 7 

401 10346926734345230251 1 4
4 8 7 0 

402 12458032513864554005 1 4
4 7 8 1 

408 1701068046674968568 1 4
4 7 8 3 

151 3509081190337013457 2 5
1 4 2 7 0 
4 1 2 7 0 

418 3029996095674828340 1 4
5 7 1 8 

424 15063901067453897071 1 4
5 7 3 8 

167 9684318394354696901 1 5
1 2 7 5 0 

432 9160322842534451932 1 4
4 8 7 5 

452 5568158931765736262 8 4
2 7 6 8 
2 7 8 6 
6 8 7 2 
6 8 2 7 
7 2 6 8 
7 2 8 6 
8 6 7 2 
8 6 2 7 

464 14639998256009746887 1 4
4 7 8 6 

480 9485601687842839468 2 4
6 8 5 7 
8 6 5 7 

31 11559652672441666130 1 5
4 3 1 2 0 

59 14576552553268147720 1 5
4 5 0 1 3 

316 1845139317770510313 1 5
4 5 2 3 8 

61 4808538546153898530 2 5
3 4 5 2 0 
4 3 5 2 0 

62 18048001797134625241 1 5
4 5 2 1 3 

91 2794495381864532109 1 5
4 0 6 3 1 

348 12019661410038997558 2 5
4 2 6 8 3 
4 2 8 6 3 

93 3364867929974524233 1 5
4 0 2 6 3 

94 16195659077480905719 1 5
4 2 3 1 6 

107 974643194870029275 1 5
5 0 3 1 6 

364 16729103898395160039 2 5
5 2 6 8 3 
5 2 8 6 3 

109 14657265366540997895 1 5
3 6 5 2 0 

110 11773799216382617365 1 5
5 2 3 1 6 

115 3274111855165006701 1 5
4 5 0 1 6 

372 15478363167089695159 2 5
4 6 8 5 2 
4 8 6 5 2 

117 14069237811489243359 1 5
4 6 5 2 0 

118 738616300637352986 1 5
4 5 2 1 6 

121 8379131277682296392 1 5
4 5 0 3 6 

122 11248823217797469262 1 5
5 4 1 3 6 

124 1845139317770510313 1 5
4 5 2 3 6 

155 2035436199613637535 1 5
4 3 1 0 7 

412 7140878970403965272 1 5
4 7 2 8 3 

157 5994298943675781697 2 5
3 4 2 7 0 
4 3 2 7 0 

158 11890017924927838469 1 5
4 2 7 3 1 

171 6104955753575438406 2 5
1 3 5 0 7 
3 1 5 0 7 

428 11291262158176873364 1 5
3 8 2 7 5 

173 9684318394354696901 1 5
3 2 7 5 0 

174 8637742200943964998 2 5
1 3 2 7 5 
3 1 2 7 5 

179 9163758758951818385 2 5
1 4 5 0 7 
4 1 5 0 7 

436 15336334743439039376 1 5
4 8 7 2 5 

181 9684318394354696901 1 5
4 2 7 5 0 

182 15879713405308854238 2 5
1 4 2 7 5 
4 1 2 7 5 

185 8206872942381466328 2 5
3 4 5 0 7 
4 3 5 0 7 

186 7727742834588596639 1 5
4 5 7 1 3 

188 8304487883687224985 2 5
3 4 2 7 5 
4 3 2 7 5 

199 2967678695872976096 2 5
1 6 2 7 0 
1 6 7 2 0 

205 5646005433322301305 2 5
3 6 2 7 0 
3 6 7 2 0 

206 325566649988153406 2 5
2 7 3 1 6 
7 2 3 1 6 

211 8789861638484118653 1 5
4 0 7 6 1 

468 17890715876618279519 2 5
4 7 2 8 6 
4 8 6 7 2 

213 12789004605022199965 2 5
4 6 2 7 0 
4 6 7 2 0 

214 16404822437427038729 1 5
4 2 7 1 6 

217 15886354912872168312 1 5
4 0 7 6 3 

218 10055385496387133050 1 5
4 7 3 1 6 

220 1154771579768395950 1 5
4 2 7 3 6 

227 4413420112328929363 1 5
1 6 5 0 7 

484 1505287309810508474 2 5
6 8 2 7 5 
8 6 2 7 5 

230 3779150260530007251 1 5
1 6 2 7 5 

233 685885286716743453 1 5
3 6 5 0 7 

234 16442876372770679416 1 5
5 7 3 1 6 

236 11291262158176873364 1 5
3 6 2 7 5 

241 12598271075808549725 1 5
4 6 5 0 7 

242 14320803065057573694 1 5
4 5 7 1 6 

244 13544688784167390583 1 5
4 6 2 7 5 

248 139820199363960736 1 5
4 5 7 3 6 

357 16748091128534135504 2 5
6 8 5 2 0 
8 6 5 2 0 

358 12906623901579107615 2 5
5 2 6 8 1 
5 2 8 6 1 

376 10509706213040190483 2 5
5 4 6 8 3 
5 4 8 6 3 

119 4749942639878631581 1 6
4 1 6 5 2 0 

422 3779150260530007251 1 5
1 8 2 7 5 

440 16568464886468880224 1 5
4 8 3 7 5 

453 15486635454966755162 4 5
6 8 7 2 0 
6 8 2 7 0 
8 6 2 7 0 
8 6 7 2 0 

454 6452873930458632724 4 5
2 7 6 8 1 
2 7 8 6 1 
7 2 6 8 1 
7 2 8 6 1 

460 10234341217018974287 4 5
2 7 6 8 3 
2 7 8 6 3 
7 2 6 8 3 
7 2 8 6 3 

472 2999219583425376518 1 5
4 7 8 6 3 

481 12091780681055080408 2 5
6 8 5 0 7 
8 6 5 0 7 

482 11901136421454505606 2 5
5 7 6 8 1 
5 7 8 6 1 

488 6752434166880630837 2 5
5 7 6 8 3 
5 7 8 6 3 

496 3613979513056275333 1 5
4 8 6 7 5 

63 416028780605654082 1 6
4 1 3 5 2 0 

123 7541160435428377503 1 6
4 5 0 1 3 6 

125 1637238578798315151 1 6
4 3 6 5 2 0 

126 17785312935877300160 1 6
4 5 2 1 3 6 

