0
14 46
14 46
1 0 0 0 0 0 0 0 0 0 
0 0 0 1 0 0 0 0 0 0 
0 0 1 0 0 0 0 0 0 0 
0 1 0 0 0 0 0 0 0 0 
0 1 1 1 -1 1 0 0 0 -s+m2^2 
0 0 0 0 0 1 0 0 0 0 
0 1 0 1 0 0 -1 0 0 s+2*m1^2 
0 0 0 0 0 0 0 1 0 0 
0 1 0 1 0 0 0 0 -1 s+2*m1^2 

0
14 47
14 47
1 0 0 0 0 0 0 0 0 0 
0 0 0 1 0 0 0 0 0 0 
0 0 1 0 0 0 0 0 0 0 
0 1 0 0 0 0 0 0 0 0 
0 1 1 1 -1 1 0 0 0 -s+m2^2 
0 0 0 0 0 1 0 0 0 0 
0 1 0 1 0 0 -1 0 0 s+2*m1^2 
0 0 0 0 0 0 0 1 0 0 
0 1 0 1 0 0 0 0 -1 s+2*m1^2 

0
14 50
14 50
1 0 0 0 0 0 0 0 0 0 
0 0 0 0 1 0 0 0 0 0 
0 0 1 0 0 0 0 0 0 0 
0 1 -1 -1 1 1 0 0 0 s+m2^2 
0 1 0 0 0 0 0 0 0 0 
0 0 0 0 0 1 0 0 0 0 
-1 1 0 0 1 0 -1 1 0 2*m1^2-t 
0 0 0 0 0 0 0 1 0 0 
-1 1 1 0 1 0 0 0 -1 2*m1^2 

0
14 51
14 51
1 0 0 0 0 0 0 0 0 0 
0 0 0 0 1 0 0 0 0 0 
0 0 1 0 0 0 0 0 0 0 
0 1 -1 -1 1 1 0 0 0 s+m2^2 
0 1 0 0 0 0 0 0 0 0 
0 0 0 0 0 1 0 0 0 0 
-1 1 0 0 1 0 -1 1 0 2*m1^2-t 
0 0 0 0 0 0 0 1 0 0 
-1 1 1 0 1 0 0 0 -1 2*m1^2 

0
14 54
14 54
1 0 0 0 0 0 0 0 0 0 
0 0 0 0 1 0 0 0 0 0 
0 0 1 0 0 0 0 0 0 0 
0 1 -1 -1 1 1 0 0 0 s+m2^2 
0 1 0 0 0 0 0 0 0 0 
0 0 0 0 0 1 0 0 0 0 
-1 1 0 0 1 0 -1 1 0 2*m1^2-t 
0 0 0 0 0 0 0 1 0 0 
-1 1 1 0 1 0 0 0 -1 2*m1^2 

0
14 55
14 55
1 0 0 0 0 0 0 0 0 0 
0 0 0 0 1 0 0 0 0 0 
0 0 1 0 0 0 0 0 0 0 
0 1 -1 -1 1 1 0 0 0 s+m2^2 
0 1 0 0 0 0 0 0 0 0 
0 0 0 0 0 1 0 0 0 0 
-1 1 0 0 1 0 -1 1 0 2*m1^2-t 
0 0 0 0 0 0 0 1 0 0 
-1 1 1 0 1 0 0 0 -1 2*m1^2 

0
14 56
14 56
-1 0 0 0 0 2 0 0 0 2*m2^2 
0 1 -1 -1 1 1 0 0 0 s+m2^2 
0 0 -1 0 0 2 0 0 0 2*s+2*m2^2 
0 0 0 0 1 0 0 0 0 0 
0 0 0 1 0 0 0 0 0 0 
0 0 0 0 0 1 0 0 0 0 
1 0 -1 -1 1 1 1 -1 0 2*s+m2^2+t 
0 0 0 0 0 2 0 -1 0 2*s+2*m2^2+2*t 
1 0 -2 -1 1 1 0 0 1 2*s+m2^2 

0
14 57
14 57
1 0 0 0 0 0 0 0 0 0 
0 -1 1 1 1 -1 0 0 0 s-m2^2 
0 0 1 0 0 0 0 0 0 0 
0 0 0 0 1 0 0 0 0 0 
0 0 0 1 0 0 0 0 0 0 
0 0 0 0 0 1 0 0 0 0 
-1 0 1 1 1 -1 -1 1 0 2*s-m2^2+2*m1^2-t 
0 0 0 0 0 0 0 1 0 0 
-1 0 2 1 1 -1 0 0 -1 2*s-m2^2+2*m1^2 

0
14 60
14 60
1 0 0 0 0 0 0 0 0 0 
0 -1 1 1 1 -1 0 0 0 s-m2^2 
0 0 1 0 0 0 0 0 0 0 
0 0 0 0 1 0 0 0 0 0 
0 0 0 1 0 0 0 0 0 0 
0 0 0 0 0 1 0 0 0 0 
-1 0 1 1 1 -1 -1 1 0 2*s-m2^2+2*m1^2-t 
0 0 0 0 0 0 0 1 0 0 
-1 0 2 1 1 -1 0 0 -1 2*s-m2^2+2*m1^2 

0
14 61
14 61
1 0 0 0 0 0 0 0 0 0 
0 -1 1 1 1 -1 0 0 0 s-m2^2 
0 0 1 0 0 0 0 0 0 0 
0 0 0 0 1 0 0 0 0 0 
0 0 0 1 0 0 0 0 0 0 
0 0 0 0 0 1 0 0 0 0 
-1 0 1 1 1 -1 -1 1 0 2*s-m2^2+2*m1^2-t 
0 0 0 0 0 0 0 1 0 0 
-1 0 2 1 1 -1 0 0 -1 2*s-m2^2+2*m1^2 

