511 15039770825728221890 1 9
4 2 8 0 5 7 3 1 6 

510 782079741659641368 1 8
4 2 8 5 7 3 1 6 

509 11458513985905134282 1 8
4 2 8 0 5 7 3 6 

507 5657092761590786918 1 8
4 8 0 5 7 3 1 6 

503 13475116671786919124 1 8
4 2 8 0 5 7 1 6 

495 6457551092204085502 1 8
2 0 8 5 3 1 6 7 

479 7102955063882620445 1 8
8 0 4 2 7 3 1 6 

447 6233444617161950688 1 8
4 2 8 0 5 7 3 1 

383 9082524548650770332 1 8
2 4 0 8 5 3 1 6 

255 16766764015623874233 1 8
0 5 4 2 3 7 1 6 

508 15875259289997731019 1 7
4 2 8 5 7 3 6 

506 2627765888463060352 1 7
4 8 5 7 3 1 6 

505 18113306734660962492 1 7
4 8 0 5 7 3 6 

502 17286614728085140863 1 7
4 2 8 5 7 1 6 

501 971296267253067940 1 7
4 2 7 6 8 0 5 

499 11327088741958946958 1 7
4 8 0 5 7 1 6 

494 10122087040478543688 1 7
2 8 5 3 1 6 7 

493 17542227553499462680 1 7
2 0 8 5 3 6 7 

491 6787917633702532284 1 7
0 8 5 3 7 1 6 

487 7085561915877932876 1 7
2 0 8 5 1 6 7 

478 2632464973152836424 1 7
8 4 2 7 3 1 6 

477 3654335258516775967 1 7
8 0 4 2 7 3 6 

475 16205892129449430460 1 7
4 8 0 7 3 1 6 

471 800711632518954589 1 7
8 0 4 2 7 1 6 

463 12577556349013944505 1 7
2 0 8 3 1 6 7 

446 15142678459479981701 1 7
4 2 8 5 7 3 1 

445 17623161881637966290 1 7
4 2 7 3 8 0 5 

443 7573272976678942167 1 7
4 8 0 5 7 3 1 

439 12399383652502589403 1 7
4 2 7 1 8 0 5 

431 2786093103540212372 1 7
2 0 8 5 3 1 7 

415 2559282470412254679 1 7
8 0 4 2 7 3 1 

382 325609279440749643 1 7
2 4 8 5 3 1 6 

381 7899830535894851642 1 7
3 6 2 4 0 8 5 

379 2823016994612713200 1 7
4 0 8 5 3 1 6 

375 12817338777926713574 1 7
2 4 1 6 0 8 5 

367 3549267927646346392 1 7
2 0 8 5 3 1 6 

351 3021574545499801648 1 7
0 8 2 4 3 1 6 

319 10258459988232382208 1 7
3 1 2 4 0 8 5 

254 7206373084954665408 1 7
5 4 2 3 7 1 6 

253 10903690434994108956 1 7
0 5 4 2 3 7 6 

251 17558677874189761130 1 7
4 0 5 3 7 1 6 

247 3167608035875108270 1 7
0 5 4 2 7 1 6 

239 2709214887118657734 1 7
2 0 5 3 7 1 6 

223 5802974205923188891 1 7
0 2 4 3 7 1 6 

191 7479441313967337227 1 7
0 5 4 2 3 7 1 

127 15087421239349358058 1 7
0 5 2 4 3 1 6 

504 13852749413587326515 1 6
4 8 5 7 3 6 

500 10507239253983690981 1 6
4 2 8 5 7 6 

498 4654922731178213193 1 6
4 8 5 7 1 6 

497 15470900368741547242 1 6
4 7 6 8 0 5 

492 1706422692520569765 1 6
2 8 5 3 6 7 

490 17391611129180415042 2 6
5 8 3 7 1 6 
8 5 3 7 1 6 

489 8404205162127305164 1 6
0 8 5 3 7 6 

486 5980026818058476994 1 6
2 8 5 1 6 7 

485 7745701630275050784 1 6
2 6 7 0 8 5 

483 7106559994324204638 1 6
0 8 5 7 1 6 

476 15173383912115035303 1 6
8 4 2 7 3 6 

474 6696815758715265344 1 6
4 8 7 3 1 6 

473 11360427885752865240 1 6
4 8 0 7 3 6 

470 17675740391687160056 1 6
8 4 2 7 1 6 

469 576914262200879417 1 6
8 0 4 2 7 6 

467 3996152946443390706 1 6
4 8 0 7 1 6 

462 8331298917873464300 1 6
2 8 3 1 6 7 

461 13364595784716968368 1 6
2 0 8 3 6 7 

459 9692167734591767277 1 6
0 8 3 7 1 6 

455 1618628825643506275 1 6
2 0 8 1 6 7 

444 14501405641608473202 1 6
4 2 8 5 7 3 

442 1264727630531876855 1 6
4 8 5 7 3 1 

441 9178807210496502938 1 6
4 7 3 8 0 5 

438 12108605284231514670 1 6
4 2 8 5 7 1 

437 4970833483032982901 1 6
7 4 2 8 0 5 

435 10809672697930596406 1 6
4 7 1 8 0 5 

430 4376366294976948101 1 6
2 8 5 3 1 7 

429 5192322577295028137 1 6
2 3 7 0 8 5 

427 7179973241109558055 1 6
0 8 5 3 1 7 

423 17329188870172259777 1 6
2 1 7 0 8 5 

414 5221359833537572683 1 6
8 4 2 7 3 1 

413 17298942466866933505 1 6
4 2 8 0 7 3 

411 13935588940646261368 1 6
4 8 0 7 3 1 

407 17766281353105323214 1 6
8 0 4 2 7 1 

399 13630450277985804995 1 6
2 0 8 3 1 7 

380 15246741388624365168 1 6
3 6 2 4 8 5 

378 456487827302523780 1 6
4 8 5 3 1 6 

377 17351847997796382541 1 6
4 3 6 0 8 5 

374 14729010605935271957 1 6
2 4 8 5 1 6 

373 11854962665019598466 1 6
6 2 4 0 8 5 

371 10921091815672882210 1 6
4 1 6 0 8 5 

366 7825021512556825985 1 6
2 8 5 3 1 6 

365 16858459106818495375 1 6
2 3 6 0 8 5 

363 18414274175023470287 1 6
0 8 5 3 1 6 

359 8302400894273705680 1 6
2 1 6 0 8 5 

350 2217707867831070216 1 6
8 2 4 3 1 6 

349 3032479816432342392 1 6
0 8 3 6 2 4 

347 14502779266595624871 1 6
4 0 8 3 1 6 

343 11410175174122208952 1 6
0 8 2 4 1 6 

335 15904318140310505401 1 6
2 0 8 3 1 6 

318 3095218956212279496 1 6
3 1 2 4 8 5 

317 12451249168012346817 1 6
3 2 4 0 8 5 

315 10993069971695744740 1 6
4 3 1 0 8 5 

311 10646343993630961185 1 6
1 4 2 0 8 5 

303 16202507342980503578 1 6
2 3 1 0 8 5 

287 5228108114548305891 1 6
0 8 3 1 2 4 

252 8183710008339163780 1 6
5 4 2 3 7 6 

250 11707972423571651531 1 6
4 5 3 7 1 6 

249 14796755172900298765 1 6
4 0 5 3 7 6 

246 6905615610527317592 1 6
5 4 2 7 1 6 

245 5430504523173214364 1 6
0 5 4 2 7 6 

243 15884308049836296552 1 6
4 0 5 7 1 6 

238 14620752807862459440 1 6
2 5 3 7 1 6 

237 4047123401521368330 1 6
2 0 5 3 7 6 

235 2583509408023361752 1 6
0 5 3 7 1 6 

231 5981348090404791851 1 6
2 0 5 7 1 6 

222 11217983620513362704 2 6
2 4 3 7 1 6 
4 2 3 7 1 6 

221 7931921273062513447 1 6
0 2 4 3 7 6 

219 6978075736677321703 2 6
0 4 3 7 1 6 
4 0 3 7 1 6 

215 10458526129481060732 1 6
0 2 4 7 1 6 

207 1734569747513439107 2 6
0 2 3 7 1 6 
2 0 3 7 1 6 

190 5505235264395522642 1 6
5 4 2 3 7 1 

189 954895758170705524 1 6
0 5 3 7 4 2 

187 9934112965447571377 1 6
4 0 5 3 7 1 

183 470524557113246071 1 6
0 5 4 2 7 1 

175 6001796340239302810 1 6
2 0 5 3 7 1 

159 5000794395357966170 1 6
0 2 4 3 7 1 

126 3475674314635221764 1 6
5 2 4 3 1 6 

125 11781317958792960637 1 6
0 5 3 6 2 4 

123 6789195987514320506 1 6
4 0 5 3 1 6 

119 10567984395448194570 1 6
0 5 4 2 1 6 

111 5071444833860006471 1 6
2 0 5 3 1 6 

95 17191333897949334751 1 6
0 4 2 3 1 6 

63 3183894403515124070 2 6
0 5 3 1 2 4 
3 1 0 5 4 2 

496 15885016360644879752 1 5
4 7 6 8 5 

488 3977546607636339265 2 5
5 8 3 7 6 
8 5 3 7 6 

484 10184441285412401165 1 5
2 8 5 6 7 

482 9927218713723905262 2 5
5 8 7 1 6 
8 5 7 1 6 

481 15591305513508436205 2 5
6 7 0 8 5 
7 6 0 8 5 

472 8871530148360672533 1 5
4 8 7 3 6 

468 16294958267816330992 1 5
8 4 2 7 6 

466 14062849948907711063 1 5
4 8 7 1 6 

465 14068777058231914779 1 5
4 8 0 7 6 

460 16821876148484476391 1 5
2 8 3 6 7 

457 13136515798252128144 1 5
0 8 3 7 6 

454 489372755502622256 1 5
2 8 1 6 7 

453 8010912512018855457 1 5
2 0 8 6 7 

451 18300056038915593784 1 5
0 8 7 1 6 

440 12372268055931660296 1 5
4 8 5 7 3 

436 7800466969626908715 1 5
7 4 2 8 5 

434 10488585385368918730 1 5
4 7 1 8 5 

433 12771840094168622721 1 5
4 7 8 0 5 

428 588038183051989999 1 5
2 3 7 8 5 

426 9620428223730858394 2 5
5 8 3 1 7 
8 5 3 1 7 

425 16474056263451306640 1 5
3 7 0 8 5 

422 314022432645921700 1 5
2 1 7 8 5 

421 11989583214991270082 1 5
2 7 0 8 5 

419 1075931365855330123 2 5
1 7 0 8 5 
7 1 0 8 5 

412 6464925407559566116 1 5
8 4 2 7 3 

410 3697233512057521951 1 5
4 8 7 3 1 

409 11567647949079333898 1 5
4 8 0 7 3 

406 3834725689442109005 1 5
8 4 2 7 1 

405 11246277797527149643 1 5
7 4 2 8 0 

403 4846964589215124967 1 5
4 8 0 7 1 

398 14363934239076628238 1 5
2 8 3 1 7 

270 10773915142654016140 1 4
2 8 3 1 

13 1608993688739404121 6 3
0 2 3 
0 3 2 
2 0 3 
2 3 0 
3 2 0 
3 0 2 

225 6807592485508689314 2 4
0 5 6 7 
0 5 7 6 

201 12764750149436829450 1 4
0 3 7 6 

195 12579062713302040190 1 4
0 7 1 6 

452 11403166433458397036 1 4
2 8 6 7 

163 14938282910891439978 2 4
0 5 1 7 
0 5 7 1 

420 10238776664102231146 1 4
2 7 8 5 

149 14682609880083431802 1 4
0 7 2 4 

120 1746899093361858970 1 4
4 5 3 6 

116 6941389584752475823 2 4
5 6 4 2 
6 5 4 2 

114 11792011941375019872 1 4
4 5 1 6 

240 14613748235169738973 1 4
4 5 7 6 

113 13241692271146808723 1 4
4 6 0 5 

370 1385560495326905146 1 5
4 1 6 8 5 

108 10565241101004591285 1 4
2 5 3 6 

105 8825875817131051611 1 4
0 5 3 6 

362 6902232584376184393 2 5
5 8 3 1 6 
8 5 3 1 6 

102 9316432836557784729 1 4
2 5 1 6 

228 12514788753320864125 1 4
2 5 7 6 

101 2788563298957481662 1 4
2 6 0 5 

358 1699672366839263358 1 5
2 8 5 1 6 

92 6788796844942504832 2 4
3 6 4 2 
3 6 2 4 

90 3144875101004780914 1 4
4 3 1 6 

216 12764750149436829450 1 4
4 3 7 6 

89 8446474674223521754 2 4
0 4 3 6 
4 0 3 6 

346 14373451320545179632 1 5
4 8 3 1 6 

212 17284078954638625219 4 4
2 4 6 7 
2 4 7 6 
4 2 6 7 
4 2 7 6 

85 743730601452439718 1 4
0 6 4 2 

342 11815543005024675529 1 5
8 2 4 1 6 

210 12579062713302040190 1 4
4 7 1 6 

83 11938277985393784018 4 4
0 4 1 6 
0 4 6 1 
4 0 1 6 
4 0 6 1 

340 6386157112787508996 2 4
6 8 2 4 
8 6 2 4 

78 3144875101004780914 1 4
2 3 1 6 

204 12764750149436829450 1 4
2 3 7 6 

77 9049219226752237664 2 4
0 2 3 6 
2 0 3 6 

334 1094141717182487408 1 5
2 8 3 1 6 

75 3144875101004780914 1 4
0 3 1 6 

332 10555204910006960955 1 4
2 8 3 6 

198 12579062713302040190 1 4
2 7 1 6 

71 4613240966026896922 2 4
0 2 1 6 
2 0 1 6 

60 947853181833727644 1 4
3 5 2 4 

58 13299203370726186861 1 4
4 5 3 1 

184 14071461656036820954 1 4
4 5 3 7 

57 11230222483017803950 2 4
3 4 0 5 
4 3 0 5 

314 17972135293795748499 1 5
4 3 1 8 5 

54 6609996041808250119 4 4
1 5 4 2 
1 5 2 4 
5 1 4 2 
5 1 2 4 

180 11910817321709158843 2 4
5 7 4 2 
7 5 4 2 

53 15707844318785971620 2 4
0 5 4 2 
0 5 2 4 

310 14223961731422552209 2 5
1 2 4 8 5 
1 4 2 8 5 

178 16557670604143642961 1 4
4 5 7 1 

51 18907988883471469 1 4
4 1 0 5 

308 12872913387392443019 4 4
2 4 5 8 
2 4 8 5 
4 2 5 8 
4 2 8 5 

46 18907988883471469 1 4
2 5 3 1 

172 1699500990844157187 1 4
2 5 3 7 

45 11714487308727088195 2 4
2 3 0 5 
3 2 0 5 

302 1568496337805589199 1 5
2 3 1 8 5 

43 8295444495938749821 2 4
0 5 3 1 
3 1 0 5 

300 5952491901553694819 2 4
2 3 8 5 
3 2 8 5 

166 7356589093232785407 1 4
2 5 1 7 

39 13299203370726186861 1 4
2 1 0 5 

296 790816307248378085 2 3
3 5 8 
3 8 5 

30 15707844318785971620 2 4
3 1 2 4 
3 1 4 2 

88 11564876286033502732 1 3
4 3 6 

345 14257126055526064897 1 5
4 0 8 3 6 

197 15223257218339417330 2 4
0 2 7 6 
2 0 7 6 

324 10164275991930780276 2 3
2 6 8 
2 8 6 

156 10576767642948097572 2 4
3 7 4 2 
3 7 2 4 

29 5289453083476354333 4 4
0 3 2 4 
0 3 4 2 
3 0 2 4 
3 0 4 2 

286 5795672555341520287 1 5
8 3 1 2 4 

76 11564876286033502732 1 3
2 3 6 

333 4097002052116526788 1 5
2 0 8 3 6 

17 3269317066256507370 2 2
0 4 
4 0 

274 10164275991930780276 2 3
4 1 8 
4 8 1 

56 15108594179794765655 2 3
3 4 5 
4 3 5 

313 14355733601087198607 2 5
3 4 0 8 5 
4 3 0 8 5 

131 4645042823228228365 2 3
0 1 7 
0 7 1 

388 15086796038802499190 2 3
2 7 8 
2 8 7 

267 17390774532299030590 1 4
0 8 3 1 

140 6547977334182089318 1 3
2 3 7 

397 3652544030700637174 1 5
2 0 8 3 7 

73 11564876286033502732 1 3
0 3 6 

44 5290535264585245079 2 3
2 3 5 
3 2 5 

301 16739103077122138146 2 5
2 3 0 8 5 
3 2 0 8 5 

282 14312523145810074169 1 4
4 8 3 1 

25 1608993688739404121 6 3
0 3 4 
0 4 3 
3 0 4 
3 4 0 
4 3 0 
4 0 3 

28 1291564374704976997 2 3
3 2 4 
3 4 2 

285 5580452603171675767 1 5
3 0 8 2 4 

5 3269317066256507370 2 2
0 2 
2 0 

262 10164275991930780276 2 3
2 1 8 
2 8 1 

165 2226625574693760734 1 4
2 7 0 5 

292 790816307248378085 2 3
2 5 8 
2 8 5 

38 3086876153604257404 2 3
2 1 5 
2 5 1 

295 17622048780112461577 1 5
2 1 0 8 5 

147 18346923883888787904 2 4
0 4 1 7 
4 0 1 7 

404 12095564590583343552 2 4
7 8 4 2 
8 7 4 2 

263 16360688165734675714 1 4
2 1 0 8 

9 3269317066256507370 2 2
0 3 
3 0 

41 120318724290686755 1 3
3 0 5 

298 17918763155834174985 2 4
3 1 5 8 
3 1 8 5 

100 9882395274025282474 2 3
2 5 6 
2 6 5 

357 13463812938578746544 1 5
2 6 0 8 5 

209 12166789892104778173 2 4
0 4 6 7 
4 0 6 7 

336 16812225875255551993 2 3
4 6 8 
4 8 6 

79 3033494767539462984 2 5
0 2 3 1 6 
2 0 3 1 6 

139 11308091520181663255 1 4
0 3 1 7 

396 13707407790226829746 1 4
2 8 3 7 

12 3269317066256507370 2 2
2 3 
3 2 

269 9324645346038679715 2 4
2 3 0 8 
3 2 0 8 

112 3838723531103182879 2 3
4 5 6 
4 6 5 

369 7348079044922329828 1 5
4 6 0 8 5 

278 8826898954449203495 4 4
1 8 4 2 
1 8 2 4 
8 1 4 2 
8 1 2 4 

21 1291564374704976997 2 3
0 2 4 
0 4 2 

24 3269317066256507370 2 2
3 4 
4 3 

281 6453679628054225236 2 4
3 4 0 8 
4 3 0 8 

265 15607129978838971647 1 3
3 0 8 

11 120318724290686755 1 3
0 3 1 

268 7986559898124802328 2 3
2 3 8 
3 2 8 

153 3868283023323800670 2 4
0 4 3 7 
4 0 3 7 

280 867782321214906527 2 3
3 4 8 
4 3 8 

23 947853181833727644 1 4
0 1 4 2 

26 120318724290686755 1 3
4 3 1 

283 16529015207639887003 1 5
4 0 8 3 1 

135 11404679334286959995 2 4
0 2 7 1 
2 0 7 1 

137 6547977334182089318 1 3
0 3 7 

69 17338508373802817827 2 3
0 2 6 
2 0 6 

326 9057189885774948332 2 4
2 8 6 1 
2 8 1 6 

196 12935139938530764483 2 3
2 6 7 
2 7 6 

177 2883962192264425344 1 4
4 7 0 5 

304 790816307248378085 2 3
4 5 8 
4 8 5 

47 17898540167495108782 1 5
2 3 1 0 5 

50 3086876153604257404 2 3
4 1 5 
4 5 1 

307 6679390217640155868 1 5
4 1 0 8 5 

275 17305088081069376764 1 4
4 1 0 8 

133 3358798806477016421 2 3
0 2 7 
2 0 7 

390 9734429270219957219 1 4
2 8 1 7 

142 11308091520181663255 1 4
2 3 1 7 

15 11230222483017803950 2 4
0 2 3 1 
2 0 3 1 

193 12935139938530764483 2 3
0 6 7 
0 7 6 

145 824108535085612656 2 3
0 4 7 
4 0 7 

402 13539502013945635296 1 4
4 8 7 1 

154 11308091520181663255 1 4
4 3 1 7 

27 11714487308727088195 2 4
0 4 3 1 
4 0 3 1 

284 3720991354629099334 1 4
3 8 2 4 

152 6547977334182089318 1 3
4 3 7 

261 15607129978838971647 1 3
2 0 8 

7 15108594179794765655 2 3
0 2 1 
2 0 1 

134 4645042823228228365 2 3
2 1 7 
2 7 1 

391 17959883876132039851 1 5
2 0 8 1 7 

37 120318724290686755 1 3
2 0 5 

294 557268513754717614 1 4
2 1 8 5 

164 1539427695804888906 2 3
2 5 7 
2 7 5 

273 15607129978838971647 1 3
4 0 8 

146 4645042823228228365 2 3
4 1 7 
4 7 1 

19 5290535264585245079 2 3
0 4 1 
4 0 1 

400 15634552666033328851 2 3
4 7 8 
4 8 7 

143 9618878407050898217 2 5
0 2 3 7 1 
2 0 3 7 1 

49 120318724290686755 1 3
4 0 5 

306 557268513754717614 1 4
4 1 8 5 

176 10164275991930780276 2 3
4 5 7 
4 7 5 

81 5290535264585245079 2 3
0 4 6 
4 0 6 

338 2064055891820935731 1 4
4 8 1 6 

208 12935139938530764483 2 3
4 6 7 
4 7 6 

141 3740011801191783651 2 4
0 2 3 7 
2 0 3 7 

14 120318724290686755 1 3
2 3 1 

271 13528523693553542968 1 5
2 0 8 3 1 

169 10937524567233462966 1 4
0 5 3 7 

277 11800644415024977684 2 4
0 8 4 2 
0 8 2 4 

150 2431714414142321875 4 4
2 4 1 7 
2 4 7 1 
4 2 1 7 
4 2 7 1 

293 15553242752392288686 1 4
2 0 8 5 

297 15553242752392288686 1 4
3 0 8 5 

305 15553242752392288686 1 4
4 0 8 5 

312 11125210259786498342 2 4
3 4 8 5 
4 3 8 5 

55 14558955664925214851 1 5
1 0 5 4 2 

325 16035868173706275086 1 4
2 6 0 8 

329 2639730694735460536 1 4
0 8 3 6 

337 6565245922454953799 1 4
4 6 0 8 

344 10896758984994205513 1 4
4 8 3 6 

87 16808357603198379814 1 5
0 4 2 1 6 

356 5972239833427189192 1 4
2 6 8 5 

360 10199647149555639667 2 4
3 6 5 8 
3 6 8 5 

103 6351896995517559559 1 5
2 0 5 1 6 

368 16059950539764192649 1 4
4 6 5 8 

387 2122290114895290607 2 4
0 8 7 1 
0 8 1 7 

389 8174007837895243422 1 4
2 7 0 8 

393 2914448633346531628 1 4
0 8 3 7 

401 16098793724931542841 1 4
4 7 8 0 

408 11653896398471074485 1 4
4 8 7 3 

151 3177525711425220879 1 5
0 2 4 7 1 

418 10388726022461370494 4 4
1 7 5 8 
1 7 8 5 
7 1 5 8 
7 1 8 5 

424 7238759793799862306 2 4
3 7 5 8 
3 7 8 5 

167 16577675942705073184 1 5
2 0 5 7 1 

432 6222095680729682335 1 4
4 7 8 5 

449 9204103741906141920 2 4
0 8 7 6 
0 8 6 7 

464 914772684020120130 1 4
4 8 7 6 

480 10031233062886632857 4 4
6 7 5 8 
6 7 8 5 
7 6 5 8 
7 6 8 5 

31 1998689690510589991 1 5
0 3 1 4 2 

59 17898540167495108782 1 5
4 0 5 3 1 

316 9261129958253384672 1 5
3 2 4 8 5 

61 1998689690510589991 1 5
3 0 5 2 4 

62 14558955664925214851 1 5
5 3 1 2 4 

91 11835865520275608071 2 5
0 4 3 1 6 
4 0 3 1 6 

348 1843651140950778209 1 5
8 3 6 2 4 

93 1294384337441171300 1 5
0 3 6 4 2 

94 9684022641304616031 2 5
2 4 3 1 6 
4 2 3 1 6 

107 3211632647629176497 1 5
0 5 3 1 6 

364 958056190615022149 1 5
2 3 6 8 5 

109 3364286762887886729 1 5
2 3 6 0 5 

110 13292820591084421851 1 5
2 5 3 1 6 

115 9110243924228731547 1 5
4 0 5 1 6 

372 8333956911269799116 1 5
6 2 4 8 5 

117 15423264969278873229 1 5
6 0 5 4 2 

118 3298760957480138404 1 5
5 4 2 1 6 

121 12668656169170062108 1 5
4 0 5 3 6 

122 11355016055620853808 1 5
4 5 3 1 6 

124 4929527819388603577 1 5
5 3 6 2 4 

155 6045168401295107140 2 5
0 4 3 1 7 
4 0 3 1 7 

157 658273459019262459 1 5
0 3 7 2 4 

158 6172713521761056148 2 5
2 4 3 1 7 
4 2 3 1 7 

171 1098572935921902195 1 5
0 5 3 1 7 

173 9840759523315546573 1 5
2 0 5 3 7 

174 17288054709143055410 1 5
2 5 3 1 7 

179 6664720785445749983 1 5
4 0 5 7 1 

181 13952590509562506089 1 5
7 0 5 4 2 

182 9199175535126305991 1 5
5 4 2 7 1 

185 5379681090311874483 1 5
4 0 5 3 7 

186 16644741218371675349 1 5
4 5 3 7 1 

188 13809402026804504052 1 5
5 3 7 4 2 

199 5784744155196282177 2 5
0 2 7 1 6 
2 0 7 1 6 

203 2702358375956699480 1 5
0 3 7 1 6 

205 13902884787688442107 2 5
0 2 3 7 6 
2 0 3 7 6 

206 2702358375956699480 1 5
2 3 7 1 6 

211 2009575770108511188 2 5
0 4 7 1 6 
4 0 7 1 6 

213 1996538456746702834 1 5
0 2 4 7 6 

214 11875004270952080312 2 5
2 4 7 1 6 
4 2 7 1 6 

217 11195785604103016164 2 5
0 4 3 6 7 
4 0 3 6 7 

218 2702358375956699480 1 5
4 3 7 1 6 

220 928849062191652160 2 5
2 4 3 7 6 
4 2 3 7 6 

227 9244259198684768117 1 5
0 5 7 1 6 

229 418139439695455473 1 5
2 0 5 7 6 

230 13152321609500407811 1 5
2 5 7 1 6 

233 13879693398426868083 1 5
0 5 3 7 6 

236 17982464524081730384 1 5
2 5 3 7 6 

241 7433838023238532554 1 5
4 0 5 7 6 

242 5315301979194838385 1 5
4 5 7 1 6 

244 15055039218657718047 1 5
5 4 2 7 6 

248 16320615964470746845 1 5
4 5 3 7 6 

279 8262671378805619538 1 5
1 0 8 4 2 

299 9523892037885151291 1 5
3 1 0 8 5 

309 4236984219211713903 2 5
2 4 0 8 5 
4 2 0 8 5 

327 1092968527359825092 1 5
2 0 8 1 6 

331 10792583297520087577 1 5
0 8 3 1 6 

339 10353340739023952480 1 5
4 0 8 1 6 

341 7184232008906179271 1 5
6 0 8 2 4 

361 7227856449134527928 1 5
3 6 0 8 5 

376 3649173418915518263 1 5
4 3 6 8 5 

395 18389894524439030098 1 5
0 8 3 1 7 

