D1[0,-1,0,0,0,0,0,1,0]*(-s*a7-a7*t-mm^2*a7)
D1[0,-1,1,0,0,0,0,0,0]*(2*a2*s)
D1[0,0,1,-1,0,0,0,0,0]*(-a2*s)
D1[0,0,1,0,0,0,-1,0,0]*(-a2*s)
D1[-1,0,0,0,0,1,0,0,0]*(3*mm^2*a5-t*a5-s*a5)
D1[0,0,1,0,0,0,0,0,-1]*(-a2*s)
D1[0,0,1,0,0,0,0,0,0]*(-a2*m1^2*s)
D1[0,0,0,0,0,0,0,1,0]*(-s*mm^2*a7+mm^4*a7-mm^2*a7*t+2*m1^2*mm^2*a7)
D1[0,0,0,0,0,0,0,0,0]*(-a6*t+s*a7+a6*mm^2+mm^2*a8-mm^2*a5-t*a8+a7*t+t*a5+2*a3*mm^2-s*a3-s*a8+s*a5-3*mm^2*a7)
D1[0,0,1,0,0,-1,0,0,0]*(a2*s)
D1[0,0,0,0,0,1,0,0,0]*(3*m1^2*mm^2*a5-mm^2*t*a5-m1^2*t*a5+mm^4*a5-s*mm^2*a5-m1^2*s*a5)
D1[0,0,0,0,0,0,0,0,1]*(-m1^2*mm^2*a8+m1^2*t*a8+m1^2*s*a8)
D1[0,-1,0,1,0,0,0,0,0]*(-a3*t-a3*mm^2+s*a3)
D1[-1,0,0,0,0,0,0,0,1]*(-mm^2*a8+t*a8+s*a8)
D1[0,0,0,1,0,0,-1,0,0]*(2*a3*mm^2-s*a3)
D1[0,0,0,1,0,0,0,-1,0]*(a3*t-3*a3*mm^2+s*a3)
D1[0,0,0,1,0,0,0,0,0]*(2*m1^2*a3*mm^2-a3*mm^2*t+a3*mm^4-m1^2*s*a3)
D1[0,0,0,-1,0,0,0,1,0]*(2*mm^2*a7)
D1[0,0,0,0,0,0,-1,1,0]*(2*mm^2*a7)
D1[0,0,0,0,0,1,0,0,-1]*(-2*mm^2*a5)
D1[0,-1,0,0,0,0,1,0,0]*(a6*t-a6*mm^2-s*a6)
D1[0,0,0,-1,0,0,1,0,0]*(-a6*t+a6*mm^2)
D1[0,0,0,0,0,0,1,0,0]*(m1^2*a6*mm^2-m1^2*a6*t-s*a6*mm^2)
D1[0,0,0,0,0,0,1,-1,0]*(a6*t-a6*mm^2+s*a6)

D1[-1,0,1,0,0,0,0,0,0]*(-2*a2*s)
D1[0,-1,1,0,0,0,0,0,0]*(-2*a2*s)
D1[0,0,0,0,0,0,0,0,0]*(a3*t-a7*t-a3*mm^2+s*a3-s*a6+s*a8-a2*s+mm^2*a7)
D1[0,0,1,-1,0,0,0,0,0]*(2*a2*s)
D1[0,0,1,0,-1,0,0,0,0]*(a2*s)
D1[0,0,1,0,0,0,-1,0,0]*(2*a2*s)
D1[0,0,1,0,0,0,0,-1,0]*(-2*a2*s)
D1[0,0,1,0,0,0,0,0,-1]*(2*a2*s)
D1[0,-1,0,1,0,0,0,0,0]*(-s*a3)
D1[0,0,0,1,0,0,-1,0,0]*(s*a3)
D1[0,0,0,1,0,0,0,0,0]*(-m1^2*a3*mm^2+m1^2*a3*t+m1^2*s*a3)
D1[0,-1,0,0,0,0,1,0,0]*(s*a6)
D1[0,0,0,0,0,0,-1,1,0]*(-s*a7)
D1[0,0,0,0,0,0,0,1,0]*(m1^2*a7*t-m1^2*mm^2*a7)
D1[0,0,0,-1,0,0,0,1,0]*(a7*t-mm^2*a7)
D1[0,-1,0,0,0,0,0,1,0]*(s*a7)
D1[0,0,0,0,0,1,0,0,0]*(-m1^2*mm^2*a5+s^2*a5+m1^2*t*a5+s*t*a5-s*mm^2*a5)
D1[0,0,0,0,0,1,0,0,-1]*(s*a5)
D1[-1,0,0,0,0,1,0,0,0]*(-s*a5)
D1[0,0,1,0,0,0,0,0,0]*(a2*s^2)
D1[0,0,0,1,0,0,0,-1,0]*(-a3*t+a3*mm^2-s*a3)
D1[0,0,0,0,0,1,0,-1,0]*(mm^2*a5-t*a5-s*a5)
D1[0,0,0,0,-1,1,0,0,0]*(-mm^2*a5+t*a5+s*a5)
D1[0,0,0,0,0,0,0,0,1]*(-m1^2*s*a8)
D1[0,0,0,-1,0,1,0,0,0]*(-mm^2*a5+t*a5+s*a5)
D1[-1,0,0,0,0,0,0,0,1]*(-s*a8)
D1[0,0,-1,0,0,1,0,0,0]*(mm^2*a5-t*a5-s*a5)

D1[-1,0,1,0,0,0,0,0,0]*(-2*a2*s)
D1[0,0,0,0,0,0,-1,1,0]*(-2*mm^2*a7)
D1[0,0,0,0,0,0,0,0,0]*(a6*t-a6*mm^2-mm^2*a8+mm^2*a5+t*a8-a7*t-t*a5+s*a8-a2*s+mm^2*a7)
D1[0,0,1,-1,0,0,0,0,0]*(a2*s)
D1[0,0,1,0,-1,0,0,0,0]*(a2*s)
D1[0,0,1,0,0,0,-1,0,0]*(a2*s)
D1[0,0,1,0,0,0,0,-1,0]*(-2*a2*s)
D1[0,0,1,0,0,0,0,0,-1]*(a2*s)
D1[0,-1,0,1,0,0,0,0,0]*(a3*t+a3*mm^2)
D1[0,0,0,1,0,0,-1,0,0]*(-2*a3*mm^2+s*a3)
D1[0,0,0,1,0,0,0,0,0]*(a3*mm^2*t-a3*mm^4+s*a3*mm^2)
D1[0,-1,0,0,0,0,1,0,0]*(-a6*t+a6*mm^2)
D1[0,-1,0,0,0,0,0,1,0]*(a7*t+mm^2*a7)
D1[0,0,0,0,0,0,0,1,0]*(-mm^4*a7+mm^2*a7*t)
D1[0,0,0,0,0,0,0,-1,1]*(mm^2*a8-t*a8-s*a8)
D1[0,0,0,0,0,1,0,0,0]*(-m1^2*mm^2*a5+mm^2*t*a5+m1^2*t*a5-mm^4*a5+2*s*mm^2*a5)
D1[0,0,0,0,0,1,0,0,-1]*(2*mm^2*a5)
D1[0,0,0,0,0,1,0,-1,0]*(-2*mm^2*a5)
D1[0,0,0,0,-1,1,0,0,0]*(2*mm^2*a5)
D1[0,0,0,-1,0,1,0,0,0]*(2*mm^2*a5)
D1[-1,0,0,0,0,1,0,0,0]*(-3*mm^2*a5+t*a5)
D1[0,0,-1,0,0,0,0,0,1]*(mm^2*a8-t*a8-s*a8)
D1[0,0,0,0,-1,0,0,0,1]*(-mm^2*a8+t*a8+s*a8)
D1[0,0,1,0,0,-1,0,0,0]*(a2*s)
D1[0,0,-1,0,0,1,0,0,0]*(-2*mm^2*a5)
D1[0,0,1,0,0,0,0,0,0]*(-a2*m1^2*s+a2*s^2)
D1[0,0,0,0,0,0,0,0,1]*(s^2*a8+s*t*a8-2*s*mm^2*a8-m1^2*s*a8)
D1[0,0,0,0,0,-1,0,0,1]*(s*a8)
D1[-1,0,0,0,0,0,0,0,1]*(mm^2*a8-t*a8-2*s*a8)
D1[0,0,0,1,0,0,0,-1,0]*(-a3*t+a3*mm^2-s*a3)
D1[0,0,0,-1,0,0,0,0,1]*(-mm^2*a8+t*a8+s*a8)

