0
17 7
11 22
0 0 0 0 1 0 0 0 0 0 
0 0 1 0 0 0 0 0 0 0 
0 1 0 0 0 0 0 0 0 0 
-1 1 1 0 1 0 0 0 -1 -m1^2 
-1 0 1 0 0 1 0 0 0 -s-2*m1^2 
0 0 0 1 0 0 0 0 0 0 
1 0 0 0 0 0 0 0 0 m1^2 
1 -1 0 0 1 0 1 -1 0 -m2^2+m1^2+t 
-1 0 1 0 0 0 0 1 0 -m1^2-t 

0
17 12
15 18
-1 1 1 0 1 0 0 0 -1 2*m2^2 
-1 0 2 0 0 0 0 0 0 0 
0 1 0 0 0 0 0 0 0 0 
0 0 0 0 1 0 0 0 0 0 
0 0 2 0 0 -1 0 0 0 2*s-2*m1^2 
0 2 0 -1 0 0 0 0 0 2*s 
-2 0 3 0 0 0 0 0 0 0 
-2 2 1 0 1 0 -1 1 -1 3*m2^2-2*t 
0 0 2 0 0 0 0 -1 0 2*t 

0
17 14
15 19
1 -1 -1 0 1 0 0 0 1 0 
1 0 0 0 0 0 0 0 0 0 
0 1 0 0 0 0 0 0 0 0 
0 0 0 0 1 0 0 0 0 0 
0 0 0 0 0 1 0 0 0 0 
0 0 0 1 0 0 0 0 0 0 
2 0 -1 0 0 0 0 0 0 0 
2 -2 -1 0 1 0 1 -1 1 -m2^2 
0 0 0 0 0 0 0 1 0 0 

0
17 20
11 3
2 5 1 -1 -1 -1 0 0 -2 s+4*m2^2+2*m1^2 
2 0 0 0 0 -1 0 0 0 2*m1^2 
0 1 0 0 0 0 0 0 0 0 
1 4 2 -1 -1 -1 0 0 -1 2*s+2*m2^2+m1^2 
1 0 0 0 0 0 0 0 0 0 
0 2 0 -1 0 0 0 0 0 2*s 
3 0 -1 0 0 -1 0 0 0 -s+3*m1^2 
3 6 1 -1 -1 -1 -1 -1 -2 5*m2^2+3*m1^2-t 
1 0 0 0 0 -1 0 1 0 s+m1^2+t 

1
17 21
11 19
0 0 0 0 1 0 0 0 0 0 
0 0 1 0 0 0 0 0 0 0 
0 1 0 0 0 0 0 0 0 0 
0 0 1 0 0 0 0 0 0 0 
1 0 0 0 0 0 0 0 0 0 
0 0 1 0 0 0 0 0 0 0 
0 0 1 0 0 0 0 0 0 0 
0 0 1 0 0 0 0 0 0 0 
0 0 1 0 0 0 0 0 0 0 

1
17 22
11 7
0 0 0 1 0 0 0 0 0 0 
0 0 1 0 0 0 0 0 0 0 
0 1 0 0 0 0 0 0 0 0 
0 0 0 1 0 0 0 0 0 0 
1 0 0 0 0 0 0 0 0 0 
0 0 0 1 0 0 0 0 0 0 
0 0 0 1 0 0 0 0 0 0 
0 0 0 1 0 0 0 0 0 0 
0 0 0 1 0 0 0 0 0 0 

1
17 23
11 23
0 0 0 0 1 0 0 0 0 0 
0 0 1 0 0 0 0 0 0 0 
0 1 0 0 0 0 0 0 0 0 
0 0 0 1 0 0 0 0 0 0 
1 0 0 0 0 0 0 0 0 0 
0 0 0 1 0 0 0 0 0 0 
0 0 0 1 0 0 0 0 0 0 
0 0 0 1 0 0 0 0 0 0 
0 0 0 1 0 0 0 0 0 0 

0
17 24
11 3
0 2 0 0 0 0 0 0 -1 2*m2^2 
2 0 0 0 0 -1 0 0 0 2*m1^2 
1 -2 0 1 1 -1 0 0 1 -2*m2^2+m1^2 
0 1 0 0 0 0 0 0 0 0 
1 0 0 0 0 0 0 0 0 0 
1 -1 -1 0 1 0 0 0 1 -2*m2^2+m1^2 
3 0 -1 0 0 -1 0 0 0 -s+3*m1^2 
0 3 0 0 0 0 -1 0 -1 3*m2^2-t 
1 0 0 0 0 -1 0 1 0 s+m1^2+t 

0
17 25
12 7
0 0 1 0 0 0 0 0 0 0 
0 -1 0 1 0 0 0 0 1 -s 
1 -2 0 1 1 -1 0 0 1 -m1^2 
1 0 0 0 0 0 0 0 0 0 
0 1 0 0 0 0 0 0 0 0 
1 -1 -1 0 1 0 0 0 1 -m1^2 
0 -2 0 1 0 0 0 0 2 -2*s-m1^2 
-1 0 1 0 0 0 0 1 0 -m2^2-t 
0 0 0 1 0 0 -1 0 1 m1^2+t 

1
17 26
11 7
0 0 0 1 0 0 0 0 0 0 
0 0 1 0 0 0 0 0 0 0 
0 0 0 1 0 0 0 0 0 0 
0 1 0 0 0 0 0 0 0 0 
1 0 0 0 0 0 0 0 0 0 
0 0 0 1 0 0 0 0 0 0 
0 0 0 1 0 0 0 0 0 0 
0 0 0 1 0 0 0 0 0 0 
0 0 0 1 0 0 0 0 0 0 

1
17 27
16 27
0 1 0 0 0 0 0 0 0 0 
1 0 0 0 0 0 0 0 0 0 
0 0 1 0 0 0 0 0 0 0 
0 0 0 0 1 0 0 0 0 0 
0 0 0 1 0 0 0 0 0 0 
0 0 1 0 0 0 0 0 0 0 
0 0 1 0 0 0 0 0 0 0 
0 0 1 0 0 0 0 0 0 0 
0 0 1 0 0 0 0 0 0 0 

0
17 28
15 50
1 -1 -1 0 1 0 0 0 1 0 
1 0 0 0 0 0 0 0 0 0 
0 1 0 0 0 0 0 0 0 0 
0 0 0 0 1 0 0 0 0 0 
0 0 0 0 0 1 0 0 0 0 
0 0 0 1 0 0 0 0 0 0 
2 0 -1 0 0 0 0 0 0 0 
2 -2 -1 0 1 0 1 -1 1 -m2^2 
0 0 0 0 0 0 0 1 0 0 

0
17 30
15 51
1 -1 -1 0 1 0 0 0 1 0 
1 0 0 0 0 0 0 0 0 0 
0 1 0 0 0 0 0 0 0 0 
0 0 0 0 1 0 0 0 0 0 
0 0 0 0 0 1 0 0 0 0 
0 0 0 1 0 0 0 0 0 0 
2 0 -1 0 0 0 0 0 0 0 
2 -2 -1 0 1 0 1 -1 1 -m2^2 
0 0 0 0 0 0 0 1 0 0 

0
17 35
11 28
0 0 0 0 1 0 0 0 0 0 
0 0 1 0 0 0 0 0 0 0 
0 1 0 0 0 0 0 0 0 0 
-1 1 1 0 1 0 0 0 -1 -m1^2 
-1 0 1 0 0 1 0 0 0 -s-2*m1^2 
0 0 0 1 0 0 0 0 0 0 
1 0 0 0 0 0 0 0 0 m1^2 
1 -1 0 0 1 0 1 -1 0 -m2^2+m1^2+t 
-1 0 1 0 0 0 0 1 0 -m1^2-t 

0
17 39
11 30
0 0 1 0 0 0 0 0 0 0 
0 0 0 0 1 0 0 0 0 0 
0 1 0 0 0 0 0 0 0 0 
1 0 0 0 0 0 0 0 0 -m2^2+m1^2 
1 -2 0 1 1 -1 0 0 1 -m2^2 
0 0 0 1 0 0 0 0 0 0 
-1 1 1 0 1 0 0 0 -1 m2^2-m1^2 
-1 0 1 0 0 0 0 1 0 -m1^2-t 
1 -1 0 0 1 0 1 -1 0 -m2^2+m1^2+t 

0
17 40
15 18
0 2 0 0 0 0 0 0 -1 2*m2^2 
-1 6 -1 -2 2 1 0 0 -2 s+6*m2^2+m1^2 
0 1 -1 -1 1 1 0 0 0 s+m1^2 
0 1 0 0 0 0 0 0 0 0 
0 2 -1 0 2 0 0 0 0 4*m2^2-m1^2 
0 0 0 0 1 0 0 0 0 0 
-2 8 0 -2 2 1 0 0 -4 8*m2^2+m1^2 
0 3 0 0 0 0 -1 0 -1 3*m2^2-t 
0 4 -1 -2 2 1 2 -1 -2 2*s+4*m2^2+m1^2+2*t 

0
17 41
17 13
1 0 0 0 0 0 0 0 0 0 
2 1 0 0 -1 2 -1 0 0 -s+2*m2^2-m1^2 
0 0 0 0 0 1 0 0 0 0 
0 0 0 1 0 0 0 0 0 0 
0 -2 2 2 0 0 1 0 0 4*m2^2-m1^2 
0 0 1 0 0 0 0 0 0 0 
4 2 0 -2 -1 2 -2 0 0 -2*s-m1^2 
0 0 0 0 0 0 0 1 0 0 
4 2 0 0 -1 2 -1 -2 -1 2*m2^2-m1^2 

1
17 42
15 19
0 0 1 0 0 0 0 0 0 0 
1 0 0 0 0 0 0 0 0 0 
0 0 1 0 0 0 0 0 0 0 
0 1 0 0 0 0 0 0 0 0 
0 0 1 0 0 0 0 0 0 0 
0 0 0 0 1 0 0 0 0 0 
0 0 1 0 0 0 0 0 0 0 
0 0 1 0 0 0 0 0 0 0 
0 0 1 0 0 0 0 0 0 0 

0
17 44
15 26
-1 1 1 0 1 0 0 0 -1 2*m2^2 
-1 0 1 0 0 1 0 0 0 -s+m1^2 
0 0 0 1 0 0 0 0 0 0 
0 0 0 0 1 0 0 0 0 0 
0 0 1 0 0 0 0 0 0 -m1^2 
0 1 0 0 0 0 0 0 0 0 
-2 0 2 0 0 1 0 0 0 -2*s+m1^2 
-2 2 1 0 1 0 -1 1 -1 3*m2^2-2*t 
0 0 1 0 0 1 0 -1 0 m1^2+2*t 

0
17 46
15 27
1 -1 -1 0 1 0 0 0 1 0 
1 0 0 0 0 0 0 0 0 0 
0 1 0 0 0 0 0 0 0 0 
0 0 0 0 1 0 0 0 0 0 
0 0 0 0 0 1 0 0 0 0 
0 0 0 1 0 0 0 0 0 0 
2 0 -1 0 0 0 0 0 0 0 
2 -2 -1 0 1 0 1 -1 1 -m2^2 
0 0 0 0 0 0 0 1 0 0 

0
17 48
11 3
2 -2 -2 0 1 0 0 0 2 -2*m2^2+2*m1^2 
2 0 0 0 0 -1 0 0 0 2*m1^2 
0 2 0 -1 0 0 0 0 0 2*s 
1 -1 -1 0 1 0 0 0 1 -2*m2^2+m1^2 
1 0 0 0 0 0 0 0 0 0 
0 1 0 0 0 0 0 0 0 0 
3 0 -1 0 0 -1 0 0 0 -s+3*m1^2 
3 -3 -2 0 1 0 1 -1 2 -3*m2^2+3*m1^2-t 
1 0 0 0 0 -1 0 1 0 s+m1^2+t 

0
17 49
11 19
0 0 0 0 1 0 0 0 0 0 
0 0 0 0 0 1 0 0 0 0 
0 0 0 1 0 0 0 0 0 0 
1 -1 -1 0 1 0 0 0 1 -2*m2^2+m1^2 
1 0 0 0 0 0 0 0 0 0 
0 1 0 0 0 0 0 0 0 0 
-1 0 1 0 0 1 0 0 0 -s-m1^2 
-1 1 0 0 1 0 -1 1 0 m2^2-m1^2-t 
1 0 0 0 0 1 0 -1 0 s+m1^2+t 

1
17 50
11 7
0 0 0 1 0 0 0 0 0 0 
0 0 1 0 0 0 0 0 0 0 
0 0 0 1 0 0 0 0 0 0 
0 0 0 1 0 0 0 0 0 0 
1 0 0 0 0 0 0 0 0 0 
0 1 0 0 0 0 0 0 0 0 
0 0 0 1 0 0 0 0 0 0 
0 0 0 1 0 0 0 0 0 0 
0 0 0 1 0 0 0 0 0 0 

1
17 51
11 29
0 0 0 0 1 0 0 0 0 0 
0 0 1 0 0 0 0 0 0 0 
0 1 0 0 0 0 0 0 0 0 
0 1 0 0 0 0 0 0 0 0 
1 0 0 0 0 0 0 0 0 0 
0 0 0 1 0 0 0 0 0 0 
0 1 0 0 0 0 0 0 0 0 
0 1 0 0 0 0 0 0 0 0 
0 1 0 0 0 0 0 0 0 0 

0
17 52
11 11
2 -3 -1 1 1 -1 0 0 2 -s-2*m2^2+2*m1^2 
2 0 0 0 0 -1 0 0 0 2*m1^2 
0 1 0 0 0 0 0 0 0 0 
1 -2 0 1 1 -1 0 0 1 -2*m2^2+m1^2 
1 0 0 0 0 0 0 0 0 0 
0 0 0 1 0 0 0 0 0 0 
3 0 -1 0 0 -1 0 0 0 -s+3*m1^2 
3 -4 -1 1 1 -1 1 -1 2 -2*s-3*m2^2+3*m1^2-t 
1 0 0 0 0 -1 0 1 0 s+m1^2+t 

0
17 53
11 27
0 0 0 0 1 0 0 0 0 0 
0 0 0 0 0 1 0 0 0 0 
0 0 0 1 0 0 0 0 0 0 
1 -1 -1 0 1 0 0 0 1 -2*m2^2+m1^2 
1 0 0 0 0 0 0 0 0 0 
0 1 0 0 0 0 0 0 0 0 
-1 0 1 0 0 1 0 0 0 -s-m1^2 
-1 1 0 0 1 0 -1 1 0 m2^2-m1^2-t 
1 0 0 0 0 1 0 -1 0 s+m1^2+t 

1
17 54
11 15
0 0 0 0 1 0 0 0 0 0 
0 0 1 0 0 0 0 0 0 0 
0 1 0 0 0 0 0 0 0 0 
0 0 0 0 1 0 0 0 0 0 
1 0 0 0 0 0 0 0 0 0 
0 0 0 1 0 0 0 0 0 0 
0 0 0 0 1 0 0 0 0 0 
0 0 0 0 1 0 0 0 0 0 
0 0 0 0 1 0 0 0 0 0 

1
17 55
11 31
0 0 0 0 1 0 0 0 0 0 
0 0 1 0 0 0 0 0 0 0 
0 1 0 0 0 0 0 0 0 0 
0 0 0 0 0 1 0 0 0 0 
1 0 0 0 0 0 0 0 0 0 
0 0 0 1 0 0 0 0 0 0 
0 0 0 0 0 1 0 0 0 0 
0 0 0 0 0 1 0 0 0 0 
0 0 0 0 0 1 0 0 0 0 

0
17 56
15 56
0 -1 0 1 0 0 0 0 1 -s 
-1 0 0 0 0 2 0 0 0 2*m1^2 
0 1 -1 -1 1 1 0 0 0 s+m1^2 
0 0 0 1 0 0 0 0 0 0 
0 0 0 0 0 1 0 0 0 0 
0 0 0 0 1 0 0 0 0 0 
-2 0 1 0 0 2 0 0 0 -2*s+2*m1^2 
0 -2 0 1 0 0 1 0 1 -2*s-m2^2-t 
0 0 0 0 0 2 0 -1 0 2*s+2*m1^2+2*t 

0
17 58
15 57
0 1 0 1 0 0 0 0 -1 s+2*m2^2 
1 0 0 0 0 0 0 0 0 0 
0 -1 1 1 1 -1 0 0 0 s-m1^2 
0 0 0 1 0 0 0 0 0 0 
0 0 0 0 0 1 0 0 0 0 
0 0 0 0 1 0 0 0 0 0 
2 0 -1 0 0 0 0 0 0 0 
0 2 0 1 0 0 -1 0 -1 2*s+3*m2^2-t 
0 0 0 0 0 0 0 1 0 0 

0
17 60
15 58
1 -1 -1 0 1 0 0 0 1 0 
1 0 0 0 0 0 0 0 0 0 
0 1 0 0 0 0 0 0 0 0 
0 0 0 0 1 0 0 0 0 0 
0 0 0 0 0 1 0 0 0 0 
0 0 0 1 0 0 0 0 0 0 
2 0 -1 0 0 0 0 0 0 0 
2 -2 -1 0 1 0 1 -1 1 -m2^2 
0 0 0 0 0 0 0 1 0 0 

0
17 62
15 59
1 -1 -1 0 1 0 0 0 1 0 
1 0 0 0 0 0 0 0 0 0 
0 1 0 0 0 0 0 0 0 0 
0 0 0 0 1 0 0 0 0 0 
0 0 0 0 0 1 0 0 0 0 
0 0 0 1 0 0 0 0 0 0 
2 0 -1 0 0 0 0 0 0 0 
2 -2 -1 0 1 0 1 -1 1 -m2^2 
0 0 0 0 0 0 0 1 0 0 

