0
8 35
8 35
0 1 0 0 0 0 0 0 0 0 
1 0 0 0 0 0 0 0 0 0 
1 1 -1 0 0 0 0 0 0 -s+2*m1^2+2*mm^2 
1 2 -1 0 -1 1 1 0 0 m2^2-s+2*m1^2+mm^2 
1 0 1 -1 0 1 1 0 0 m2^2-mm^2 
0 0 0 0 0 1 0 0 0 0 
0 0 0 0 0 0 1 0 0 0 
1 1 0 0 0 0 0 -1 0 -s+2*m1^2 
-1 2 -1 -1 -1 1 1 2 1 m2^2+mm^2 

1
8 39
8 39
0 1 0 0 0 0 0 0 0 0 
1 0 0 0 0 0 0 0 0 0 
0 0 1 0 0 0 0 0 0 0 
0 0 0 1 0 0 0 0 0 0 
0 0 0 1 0 0 0 0 0 0 
0 0 0 0 0 1 0 0 0 0 
0 0 0 1 0 0 0 0 0 0 
0 0 0 1 0 0 0 0 0 0 
0 0 0 1 0 0 0 0 0 0 

0
8 41
8 41
0 0 0 1 0 0 0 0 0 0 
1 0 -1 2 -1 1 -1 0 0 m2^2+s+2*m1^2+mm^2 
1 0 -1 1 0 1 -1 0 0 m2^2+2*m1^2+mm^2 
1 0 0 0 0 0 0 0 0 0 
1 -1 1 0 0 0 0 0 0 s 
0 0 0 0 0 1 0 0 0 0 
0 0 0 0 0 0 1 0 0 0 
0 0 0 0 0 0 0 0 1 0 
0 0 0 0 0 0 0 1 0 0 

1
8 43
8 43
0 1 0 0 0 0 0 0 0 0 
1 0 0 0 0 0 0 0 0 0 
0 0 1 0 0 0 0 0 0 0 
0 0 0 1 0 0 0 0 0 0 
0 0 1 0 0 0 0 0 0 0 
0 0 0 0 0 1 0 0 0 0 
0 0 1 0 0 0 0 0 0 0 
0 0 1 0 0 0 0 0 0 0 
0 0 1 0 0 0 0 0 0 0 

1
8 47
8 47
0 1 0 0 0 0 0 0 0 0 
1 0 0 0 0 0 0 0 0 0 
0 0 1 0 0 0 0 0 0 0 
0 0 0 1 0 0 0 0 0 0 
0 0 0 0 1 0 0 0 0 0 
0 0 0 0 0 1 0 0 0 0 
0 0 0 0 1 0 0 0 0 0 
0 0 0 0 1 0 0 0 0 0 
0 0 0 0 1 0 0 0 0 0 

0
8 62
8 62
-1 0 1 0 1 -1 1 0 0 -m2^2+s-2*m1^2-mm^2 
0 0 0 1 0 0 0 0 0 0 
0 0 0 0 1 0 0 0 0 0 
0 1 0 0 0 0 0 0 0 0 
0 0 1 0 0 0 0 0 0 0 
0 0 0 0 0 1 0 0 0 0 
0 0 0 0 0 0 1 0 0 0 
-1 0 1 -1 1 -1 1 0 1 -m2^2-2*m1^2-mm^2 
-1 1 0 0 0 0 0 1 0 s 

0
8 84
8 84
1 0 0 0 0 0 0 0 0 0 
0 1 0 0 0 0 0 0 0 0 
0 0 1 0 0 0 0 0 0 0 
0 -1 1 -1 1 0 1 0 0 s-3*m1^2-mm^2 
0 0 0 0 0 0 1 0 0 0 
-1 0 1 0 1 -1 1 0 0 -2*m2^2+s-m1^2-mm^2 
0 0 0 0 1 0 0 0 0 0 
0 0 0 0 0 0 0 1 0 0 
1 -1 1 0 1 0 1 -1 -1 2*s-2*mm^2+t 

0
8 84
8 84
-1 0 1 0 1 -1 1 0 0 -m2^2+s-2*m1^2-mm^2 
0 0 0 1 0 0 0 0 0 0 
0 0 0 0 1 0 0 0 0 0 
0 1 0 0 0 0 0 0 0 0 
0 0 1 0 0 0 0 0 0 0 
0 0 0 0 0 1 0 0 0 0 
0 0 0 0 0 0 1 0 0 0 
-1 0 1 -1 1 -1 1 0 1 -m2^2-2*m1^2-mm^2 
-1 1 0 0 0 0 0 1 0 s 

0
8 84
8 84
-1 0 1 0 1 -1 1 0 0 -m2^2+s-2*m1^2-mm^2 
0 0 0 1 0 0 0 0 0 0 
0 0 0 0 1 0 0 0 0 0 
0 -1 1 -1 1 0 1 0 0 s-3*m1^2-mm^2 
0 0 0 0 0 0 1 0 0 0 
1 0 0 0 0 0 0 0 0 -m2^2+m1^2 
0 0 1 0 0 0 0 0 0 0 
-1 0 1 -1 1 -1 1 0 1 -m2^2-2*m1^2-mm^2 
1 -1 1 0 1 0 1 -1 -1 2*s-2*mm^2+t 

0
8 84
8 84
0 0 0 0 0 1 0 0 0 m2^2-m1^2 
0 -1 1 -1 1 0 1 0 0 s-3*m1^2-mm^2 
0 0 0 0 0 0 1 0 0 0 
0 0 0 1 0 0 0 0 0 0 
0 0 0 0 1 0 0 0 0 0 
1 0 0 0 0 0 0 0 0 -m2^2+m1^2 
0 0 1 0 0 0 0 0 0 0 
1 0 0 1 0 1 0 -1 -1 m2^2+2*m1^2-mm^2+t 
0 0 0 0 0 0 0 0 1 0 

0
8 84
8 84
0 0 0 0 0 1 0 0 0 m2^2-m1^2 
0 -1 1 -1 1 0 1 0 0 s-3*m1^2-mm^2 
0 0 0 0 0 0 1 0 0 0 
0 1 0 0 0 0 0 0 0 0 
0 0 1 0 0 0 0 0 0 0 
-1 0 1 0 1 -1 1 0 0 -2*m2^2+s-m1^2-mm^2 
0 0 0 0 1 0 0 0 0 0 
1 0 0 1 0 1 0 -1 -1 m2^2+2*m1^2-mm^2+t 
-1 1 0 0 0 0 0 1 0 s 

0
8 85
8 85
1 0 0 0 0 0 0 0 0 0 
0 1 0 0 0 0 0 0 0 0 
0 0 1 0 0 0 0 0 0 0 
0 -1 1 -1 1 0 1 0 0 s-3*m1^2-mm^2 
0 0 0 0 0 0 1 0 0 0 
-1 0 1 0 1 -1 1 0 0 -2*m2^2+s-m1^2-mm^2 
0 0 0 0 1 0 0 0 0 0 
0 0 0 0 0 0 0 1 0 0 
1 -1 1 0 1 0 1 -1 -1 2*s-2*mm^2+t 

0
8 87
8 87
1 0 0 0 0 0 0 0 0 0 
0 1 0 0 0 0 0 0 0 0 
0 0 1 0 0 0 0 0 0 0 
0 -1 1 -1 1 0 1 0 0 s-3*m1^2-mm^2 
0 0 0 0 0 0 1 0 0 0 
-1 0 1 0 1 -1 1 0 0 -2*m2^2+s-m1^2-mm^2 
0 0 0 0 1 0 0 0 0 0 
0 0 0 0 0 0 0 1 0 0 
1 -1 1 0 1 0 1 -1 -1 2*s-2*mm^2+t 

1
8 87
8 87
0 1 0 0 0 0 0 0 0 0 
1 0 0 0 0 0 0 0 0 0 
0 0 1 0 0 0 0 0 0 0 
0 0 0 1 0 0 0 0 0 0 
0 0 0 0 1 0 0 0 0 0 
0 0 0 1 0 0 0 0 0 0 
0 0 0 0 0 0 1 0 0 0 
0 0 0 1 0 0 0 0 0 0 
0 0 0 1 0 0 0 0 0 0 

1
8 87
8 87
0 1 0 0 0 0 0 0 0 0 
1 0 0 0 0 0 0 0 0 0 
0 0 1 0 0 0 0 0 0 0 
0 0 0 1 0 0 0 0 0 0 
0 0 0 0 0 0 1 0 0 0 
0 0 0 1 0 0 0 0 0 0 
0 0 0 0 1 0 0 0 0 0 
0 0 0 1 0 0 0 0 0 0 
0 0 0 1 0 0 0 0 0 0 

1
8 93
8 93
0 0 0 1 0 0 0 0 0 0 
0 1 0 0 0 0 0 0 0 0 
0 0 0 0 1 0 0 0 0 0 
1 0 0 0 0 0 0 0 0 0 
0 0 1 0 0 0 0 0 0 0 
0 1 0 0 0 0 0 0 0 0 
0 0 0 0 0 0 1 0 0 0 
0 1 0 0 0 0 0 0 0 0 
0 1 0 0 0 0 0 0 0 0 

0
8 94
8 94
-1 0 1 0 1 -1 1 0 0 -m2^2+s-2*m1^2-mm^2 
0 0 0 1 0 0 0 0 0 0 
0 0 0 0 1 0 0 0 0 0 
0 1 0 0 0 0 0 0 0 0 
0 0 1 0 0 0 0 0 0 0 
0 0 0 0 0 1 0 0 0 0 
0 0 0 0 0 0 1 0 0 0 
-1 0 1 -1 1 -1 1 0 1 -m2^2-2*m1^2-mm^2 
-1 1 0 0 0 0 0 1 0 s 

0
8 99
8 99
0 1 0 0 0 0 0 0 0 0 
1 0 0 0 0 0 0 0 0 0 
1 1 -1 0 0 0 0 0 0 -s+2*m1^2+2*mm^2 
1 2 -1 0 -1 1 1 0 0 m2^2-s+2*m1^2+mm^2 
1 0 1 -1 0 1 1 0 0 m2^2-mm^2 
0 0 0 0 0 1 0 0 0 0 
0 0 0 0 0 0 1 0 0 0 
1 1 0 0 0 0 0 -1 0 -s+2*m1^2 
-1 2 -1 -1 -1 1 1 2 1 m2^2+mm^2 

1
8 103
8 103
0 1 0 0 0 0 0 0 0 0 
1 0 0 0 0 0 0 0 0 0 
0 0 1 0 0 0 0 0 0 0 
0 0 0 1 0 0 0 0 0 0 
0 0 0 1 0 0 0 0 0 0 
0 0 0 0 0 1 0 0 0 0 
0 0 0 0 0 0 1 0 0 0 
0 0 0 1 0 0 0 0 0 0 
0 0 0 1 0 0 0 0 0 0 

0
8 105
8 105
0 0 0 1 0 0 0 0 0 0 
1 0 -1 2 -1 1 -1 0 0 m2^2+s+2*m1^2+mm^2 
1 0 -1 1 0 1 -1 0 0 m2^2+2*m1^2+mm^2 
1 0 0 0 0 0 0 0 0 0 
1 -1 1 0 0 0 0 0 0 s 
0 0 0 0 0 1 0 0 0 0 
0 0 0 0 0 0 1 0 0 0 
0 0 0 0 0 0 0 0 1 0 
0 0 0 0 0 0 0 1 0 0 

0
8 106
8 106
-1 0 1 0 1 -1 1 0 0 -m2^2+s-2*m1^2-mm^2 
0 0 0 1 0 0 0 0 0 0 
0 0 0 0 1 0 0 0 0 0 
0 1 0 0 0 0 0 0 0 0 
0 0 1 0 0 0 0 0 0 0 
0 0 0 0 0 1 0 0 0 0 
0 0 0 0 0 0 1 0 0 0 
-1 0 1 -1 1 -1 1 0 1 -m2^2-2*m1^2-mm^2 
-1 1 0 0 0 0 0 1 0 s 

0
8 116
8 116
-1 0 1 0 1 -1 1 0 0 -m2^2+s-2*m1^2-mm^2 
0 0 0 1 0 0 0 0 0 0 
0 0 0 0 1 0 0 0 0 0 
0 1 0 0 0 0 0 0 0 0 
0 0 1 0 0 0 0 0 0 0 
0 0 0 0 0 1 0 0 0 0 
0 0 0 0 0 0 1 0 0 0 
-1 0 1 -1 1 -1 1 0 1 -m2^2-2*m1^2-mm^2 
-1 1 0 0 0 0 0 1 0 s 

0
8 126
8 126
-1 0 1 0 1 -1 1 0 0 -m2^2+s-2*m1^2-mm^2 
0 0 0 1 0 0 0 0 0 0 
0 0 0 0 1 0 0 0 0 0 
0 1 0 0 0 0 0 0 0 0 
0 0 1 0 0 0 0 0 0 0 
0 0 0 0 0 1 0 0 0 0 
0 0 0 0 0 0 1 0 0 0 
-1 0 1 -1 1 -1 1 0 1 -m2^2-2*m1^2-mm^2 
-1 1 0 0 0 0 0 1 0 s 

1
8 163
8 163
0 1 0 0 0 0 0 0 0 0 
1 0 0 0 0 0 0 0 0 0 
0 0 1 0 0 0 0 0 0 0 
0 0 1 0 0 0 0 0 0 0 
0 0 1 0 0 0 0 0 0 0 
0 0 0 0 0 1 0 0 0 0 
0 0 1 0 0 0 0 0 0 0 
0 0 0 0 0 0 0 1 0 0 
0 0 1 0 0 0 0 0 0 0 

1
8 167
8 167
0 1 0 0 0 0 0 0 0 0 
1 0 0 0 0 0 0 0 0 0 
0 0 1 0 0 0 0 0 0 0 
0 0 0 1 0 0 0 0 0 0 
0 0 0 1 0 0 0 0 0 0 
0 0 0 0 0 1 0 0 0 0 
0 0 0 1 0 0 0 0 0 0 
0 0 0 0 0 0 0 1 0 0 
0 0 0 1 0 0 0 0 0 0 

1
8 171
8 171
0 1 0 0 0 0 0 0 0 0 
1 0 0 0 0 0 0 0 0 0 
0 0 1 0 0 0 0 0 0 0 
0 0 0 1 0 0 0 0 0 0 
0 0 1 0 0 0 0 0 0 0 
0 0 0 0 0 1 0 0 0 0 
0 0 1 0 0 0 0 0 0 0 
0 0 0 0 0 0 0 1 0 0 
0 0 1 0 0 0 0 0 0 0 

1
8 175
8 175
0 1 0 0 0 0 0 0 0 0 
1 0 0 0 0 0 0 0 0 0 
0 0 1 0 0 0 0 0 0 0 
0 0 0 1 0 0 0 0 0 0 
0 0 0 0 1 0 0 0 0 0 
0 0 0 0 0 1 0 0 0 0 
0 0 0 0 1 0 0 0 0 0 
0 0 0 0 0 0 0 1 0 0 
0 0 0 0 1 0 0 0 0 0 

0
8 208
8 208
-1 0 0 -1 0 0 1 1 1 -3*m1^2 
-1 -1 1 -2 1 -1 2 1 1 -m2^2+s-5*m1^2-mm^2 
-1 0 0 -1 0 -1 2 1 1 -m2^2-2*m1^2+mm^2+t 
0 0 0 1 0 0 0 0 0 0 
0 0 0 0 1 0 0 0 0 0 
1 0 -1 0 0 0 0 1 0 -m2^2+m1^2+mm^2+t 
0 0 0 0 0 0 0 1 0 0 
0 0 0 0 0 0 1 0 0 0 
0 0 0 0 0 0 0 0 1 0 

0
8 208
8 208
1 0 0 0 0 0 0 0 0 0 
0 1 0 0 0 0 0 0 0 0 
0 0 1 0 0 0 0 0 0 0 
0 -1 1 -1 1 0 1 0 0 s-3*m1^2-mm^2 
0 0 0 0 0 0 1 0 0 0 
-1 0 1 0 1 -1 1 0 0 -2*m2^2+s-m1^2-mm^2 
0 0 0 0 1 0 0 0 0 0 
0 0 0 0 0 0 0 1 0 0 
1 -1 1 0 1 0 1 -1 -1 2*s-2*mm^2+t 

0
8 208
8 208
0 0 0 1 1 0 0 0 -1 s-mm^2+t 
1 0 -1 2 0 1 -1 0 -1 m2^2+2*m1^2+t 
1 0 -1 1 1 1 -1 0 -1 m2^2+2*m1^2+mm^2+2*t 
0 -1 1 -1 1 0 1 0 0 s-3*m1^2-mm^2 
0 0 0 0 0 0 1 0 0 0 
1 0 -1 0 0 0 0 1 0 -m2^2+m1^2+mm^2+t 
0 0 0 0 0 0 0 1 0 0 
0 0 0 0 1 0 0 0 0 0 
1 -1 1 0 1 0 1 -1 -1 2*s-2*mm^2+t 

0
8 208
8 208
0 0 0 1 1 0 0 0 -1 s-mm^2+t 
1 0 -1 2 0 1 -1 0 -1 m2^2+2*m1^2+t 
1 0 -1 1 1 1 -1 0 -1 m2^2+2*m1^2+mm^2+2*t 
0 1 -1 0 0 0 0 1 0 mm^2+t 
0 0 0 0 0 0 0 1 0 0 
0 0 0 0 0 1 0 0 0 0 
0 0 0 0 0 0 1 0 0 0 
0 0 0 0 1 0 0 0 0 0 
-1 1 -1 0 0 0 0 2 0 s+2*t 

0
8 208
8 208
-1 0 0 -1 0 0 1 1 1 -3*m1^2 
-1 -1 1 -2 1 -1 2 1 1 -m2^2+s-5*m1^2-mm^2 
-1 0 0 -1 0 -1 2 1 1 -m2^2-2*m1^2+mm^2+t 
0 1 -1 0 0 0 0 1 0 mm^2+t 
0 0 0 0 0 0 0 1 0 0 
-1 0 1 0 1 -1 1 0 0 -2*m2^2+s-m1^2-mm^2 
0 0 0 0 1 0 0 0 0 0 
0 0 0 0 0 0 1 0 0 0 
-1 1 -1 0 0 0 0 2 0 s+2*t 

0
8 209
8 209
1 0 0 0 0 0 0 0 0 0 
0 1 0 0 0 0 0 0 0 0 
0 0 1 0 0 0 0 0 0 0 
0 -1 1 -1 1 0 1 0 0 s-3*m1^2-mm^2 
0 0 0 0 0 0 1 0 0 0 
-1 0 1 0 1 -1 1 0 0 -2*m2^2+s-m1^2-mm^2 
0 0 0 0 1 0 0 0 0 0 
0 0 0 0 0 0 0 1 0 0 
1 -1 1 0 1 0 1 -1 -1 2*s-2*mm^2+t 

0
8 211
8 211
1 0 0 0 0 0 0 0 0 0 
0 1 0 0 0 0 0 0 0 0 
0 0 1 0 0 0 0 0 0 0 
0 -1 1 -1 1 0 1 0 0 s-3*m1^2-mm^2 
0 0 0 0 0 0 1 0 0 0 
-1 0 1 0 1 -1 1 0 0 -2*m2^2+s-m1^2-mm^2 
0 0 0 0 1 0 0 0 0 0 
0 0 0 0 0 0 0 1 0 0 
1 -1 1 0 1 0 1 -1 -1 2*s-2*mm^2+t 

1
8 211
8 211
0 1 0 0 0 0 0 0 0 0 
1 0 0 0 0 0 0 0 0 0 
0 0 1 0 0 0 0 0 0 0 
0 0 1 0 0 0 0 0 0 0 
0 0 0 0 1 0 0 0 0 0 
0 0 1 0 0 0 0 0 0 0 
0 0 0 0 0 0 1 0 0 0 
0 0 0 0 0 0 0 1 0 0 
0 0 1 0 0 0 0 0 0 0 

1
8 211
8 211
0 1 0 0 0 0 0 0 0 0 
1 0 0 0 0 0 0 0 0 0 
0 0 1 0 0 0 0 0 0 0 
0 0 1 0 0 0 0 0 0 0 
0 0 0 0 0 0 1 0 0 0 
0 0 1 0 0 0 0 0 0 0 
0 0 0 0 1 0 0 0 0 0 
0 0 0 0 0 0 0 1 0 0 
0 0 1 0 0 0 0 0 0 0 

0
8 212
8 212
1 0 0 0 0 0 0 0 0 0 
0 1 0 0 0 0 0 0 0 0 
0 0 1 0 0 0 0 0 0 0 
0 -1 1 -1 1 0 1 0 0 s-3*m1^2-mm^2 
0 0 0 0 0 0 1 0 0 0 
-1 0 1 0 1 -1 1 0 0 -2*m2^2+s-m1^2-mm^2 
0 0 0 0 1 0 0 0 0 0 
0 0 0 0 0 0 0 1 0 0 
1 -1 1 0 1 0 1 -1 -1 2*s-2*mm^2+t 

0
8 213
8 213
1 0 0 0 0 0 0 0 0 0 
0 1 0 0 0 0 0 0 0 0 
0 0 1 0 0 0 0 0 0 0 
0 -1 1 -1 1 0 1 0 0 s-3*m1^2-mm^2 
0 0 0 0 0 0 1 0 0 0 
-1 0 1 0 1 -1 1 0 0 -2*m2^2+s-m1^2-mm^2 
0 0 0 0 1 0 0 0 0 0 
0 0 0 0 0 0 0 1 0 0 
1 -1 1 0 1 0 1 -1 -1 2*s-2*mm^2+t 

0
8 215
8 215
1 0 0 0 0 0 0 0 0 0 
0 1 0 0 0 0 0 0 0 0 
0 0 1 0 0 0 0 0 0 0 
0 -1 1 -1 1 0 1 0 0 s-3*m1^2-mm^2 
0 0 0 0 0 0 1 0 0 0 
-1 0 1 0 1 -1 1 0 0 -2*m2^2+s-m1^2-mm^2 
0 0 0 0 1 0 0 0 0 0 
0 0 0 0 0 0 0 1 0 0 
1 -1 1 0 1 0 1 -1 -1 2*s-2*mm^2+t 

1
8 215
8 215
0 1 0 0 0 0 0 0 0 0 
1 0 0 0 0 0 0 0 0 0 
0 0 1 0 0 0 0 0 0 0 
0 0 0 1 0 0 0 0 0 0 
0 0 0 0 1 0 0 0 0 0 
0 0 0 1 0 0 0 0 0 0 
0 0 0 0 0 0 1 0 0 0 
0 0 0 0 0 0 0 1 0 0 
0 0 0 1 0 0 0 0 0 0 

1
8 215
8 215
0 1 0 0 0 0 0 0 0 0 
1 0 0 0 0 0 0 0 0 0 
0 0 1 0 0 0 0 0 0 0 
0 0 0 1 0 0 0 0 0 0 
0 0 0 0 0 0 1 0 0 0 
0 0 0 1 0 0 0 0 0 0 
0 0 0 0 1 0 0 0 0 0 
0 0 0 0 0 0 0 1 0 0 
0 0 0 1 0 0 0 0 0 0 

0
8 216
8 216
-1 0 0 -1 0 0 1 1 1 -3*m1^2 
-1 -1 1 -2 1 -1 2 1 1 -m2^2+s-5*m1^2-mm^2 
-1 0 0 -1 0 -1 2 1 1 -m2^2-2*m1^2+mm^2+t 
0 0 0 1 0 0 0 0 0 0 
0 0 0 0 1 0 0 0 0 0 
1 0 -1 0 0 0 0 1 0 -m2^2+m1^2+mm^2+t 
0 0 0 0 0 0 0 1 0 0 
0 0 0 0 0 0 1 0 0 0 
0 0 0 0 0 0 0 0 1 0 

1
8 227
8 227
0 1 0 0 0 0 0 0 0 0 
1 0 0 0 0 0 0 0 0 0 
0 0 1 0 0 0 0 0 0 0 
0 0 1 0 0 0 0 0 0 0 
0 0 1 0 0 0 0 0 0 0 
0 0 0 0 0 1 0 0 0 0 
0 0 0 0 0 0 1 0 0 0 
0 0 0 0 0 0 0 1 0 0 
0 0 1 0 0 0 0 0 0 0 

1
8 231
8 231
0 1 0 0 0 0 0 0 0 0 
1 0 0 0 0 0 0 0 0 0 
0 0 1 0 0 0 0 0 0 0 
0 0 0 1 0 0 0 0 0 0 
0 0 0 1 0 0 0 0 0 0 
0 0 0 0 0 1 0 0 0 0 
0 0 0 0 0 0 1 0 0 0 
0 0 0 0 0 0 0 1 0 0 
0 0 0 1 0 0 0 0 0 0 

0
8 240
8 240
0 0 0 1 1 0 0 0 -1 s-mm^2+t 
1 0 -1 2 0 1 -1 0 -1 m2^2+2*m1^2+t 
1 0 -1 1 1 1 -1 0 -1 m2^2+2*m1^2+mm^2+2*t 
0 1 -1 0 0 0 0 1 0 mm^2+t 
0 0 0 0 0 0 0 1 0 0 
0 0 0 0 0 1 0 0 0 0 
0 0 0 0 0 0 1 0 0 0 
0 0 0 0 1 0 0 0 0 0 
-1 1 -1 0 0 0 0 2 0 s+2*t 

0
8 340
8 340
0 0 0 0 0 1 0 0 0 m2^2-m1^2 
0 -1 1 -1 1 0 1 0 0 s-3*m1^2-mm^2 
0 0 0 0 0 0 1 0 0 0 
0 0 0 1 0 0 0 0 0 0 
0 0 0 0 1 0 0 0 0 0 
1 0 0 0 0 0 0 0 0 -m2^2+m1^2 
0 0 1 0 0 0 0 0 0 0 
1 0 0 1 0 1 0 -1 -1 m2^2+2*m1^2-mm^2+t 
0 0 0 0 0 0 0 0 1 0 

0
8 348
8 348
0 0 0 0 0 1 0 0 0 m2^2-m1^2 
0 -1 1 -1 1 0 1 0 0 s-3*m1^2-mm^2 
0 0 0 0 0 0 1 0 0 0 
0 0 0 1 0 0 0 0 0 0 
0 0 0 0 1 0 0 0 0 0 
1 0 0 0 0 0 0 0 0 -m2^2+m1^2 
0 0 1 0 0 0 0 0 0 0 
1 0 0 1 0 1 0 -1 -1 m2^2+2*m1^2-mm^2+t 
0 0 0 0 0 0 0 0 1 0 

0
8 356
8 356
-1 0 1 0 0 -1 1 0 1 -m2^2-2*m1^2+t 
0 0 0 1 -1 0 0 0 1 s+mm^2+t 
0 0 0 0 0 0 0 0 1 0 
1 0 1 0 0 0 0 -1 0 -mm^2+t 
1 -1 2 0 0 0 0 -1 0 s+2*t 
0 0 0 0 0 1 0 0 0 0 
0 0 0 0 0 0 1 0 0 0 
-1 0 1 -1 0 -1 1 0 2 -m2^2-2*m1^2-mm^2+2*t 
0 0 1 0 0 0 0 0 0 0 

0
8 425
8 425
0 0 0 1 0 0 0 0 0 0 
1 0 -1 2 -1 1 -1 0 0 m2^2+s+2*m1^2+mm^2 
1 0 -1 1 0 1 -1 0 0 m2^2+2*m1^2+mm^2 
1 0 0 0 0 0 0 0 0 0 
1 -1 1 0 0 0 0 0 0 s 
0 0 0 0 0 1 0 0 0 0 
0 0 0 0 0 0 1 0 0 0 
0 0 0 0 0 0 0 0 1 0 
0 0 0 0 0 0 0 1 0 0 

0
8 464
8 464
-1 0 0 -1 0 0 1 1 1 -3*m1^2 
-1 -1 1 -2 1 -1 2 1 1 -m2^2+s-5*m1^2-mm^2 
-1 0 0 -1 0 -1 2 1 1 -m2^2-2*m1^2+mm^2+t 
0 0 0 1 0 0 0 0 0 0 
0 0 0 0 1 0 0 0 0 0 
1 0 -1 0 0 0 0 1 0 -m2^2+m1^2+mm^2+t 
0 0 0 0 0 0 0 1 0 0 
0 0 0 0 0 0 1 0 0 0 
0 0 0 0 0 0 0 0 1 0 

0
8 472
8 472
-1 0 0 -1 0 0 1 1 1 -3*m1^2 
-1 -1 1 -2 1 -1 2 1 1 -m2^2+s-5*m1^2-mm^2 
-1 0 0 -1 0 -1 2 1 1 -m2^2-2*m1^2+mm^2+t 
0 0 0 1 0 0 0 0 0 0 
0 0 0 0 1 0 0 0 0 0 
1 0 -1 0 0 0 0 1 0 -m2^2+m1^2+mm^2+t 
0 0 0 0 0 0 0 1 0 0 
0 0 0 0 0 0 1 0 0 0 
0 0 0 0 0 0 0 0 1 0 

0
8 480
8 480
0 0 0 1 0 0 0 0 0 0 
1 0 -1 2 -1 1 -1 0 0 m2^2+s+2*m1^2+mm^2 
1 0 -1 1 0 1 -1 0 0 m2^2+2*m1^2+mm^2 
1 0 0 0 0 0 0 0 0 0 
1 -1 1 0 0 0 0 0 0 s 
0 0 0 0 0 1 0 0 0 0 
0 0 0 0 0 0 1 0 0 0 
0 0 0 0 0 0 0 0 1 0 
0 0 0 0 0 0 0 1 0 0 

0
8 489
8 489
0 0 0 1 0 0 0 0 0 0 
1 0 -1 2 -1 1 -1 0 0 m2^2+s+2*m1^2+mm^2 
1 0 -1 1 0 1 -1 0 0 m2^2+2*m1^2+mm^2 
1 0 0 0 0 0 0 0 0 0 
1 -1 1 0 0 0 0 0 0 s 
0 0 0 0 0 1 0 0 0 0 
0 0 0 0 0 0 1 0 0 0 
0 0 0 0 0 0 0 0 1 0 
0 0 0 0 0 0 0 1 0 0 

