B17[0, -1, 1, 1, 1, 1, 0, 0, 0]
B17[0, 0, 1, 0, 1, 1, 0, 0, 0]
B17[0, 0, 1, 1, 1, 1, -1, 0, 0]
B17[0, 0, 1, 1, 1, 1, 0, 0, 0]
B17[0, 1, 1, -1, 1, 1, 0, 0, 0]
B17[0, 1, 1, 0, 1, 1, -1, 0, 0]
B17[0, 1, 1, 0, 1, 1, 0, 0, 0]
B17[0, 1, 1, 1, 1, 1, -1, 0, 0]
B17[0, 1, 1, 1, 1, 1, 0, 0, -1]
B17[0, 1, 1, 1, 1, 1, 0, 0, 0]
B17[1, -1, 0, 1, 1, 1, 0, 0, 0]
B17[1, -1, 1, 1, 1, 0, 0, 0, 0]
B17[1, -1, 1, 1, 1, 1, 0, -1, 0]
B17[1, -1, 1, 1, 1, 1, 0, 0, 0]
B17[1, 0, 0, 0, 1, 1, 0, 0, 0]
B17[1, 0, 0, 1, 1, 1, -1, 0, 0]
B17[1, 0, 0, 1, 1, 1, 0, 0, 0]
B17[1, 0, 1, 0, 1, 0, 0, 0, 0]
B17[1, 0, 1, 0, 1, 1, 0, -1, 0]
B17[1, 0, 1, 0, 1, 1, 0, 0, 0]
B17[1, 0, 1, 1, 0, 1, 0, 0, 0]
B17[1, 0, 1, 1, 1, 0, -1, 0, 0]
B17[1, 0, 1, 1, 1, 0, 0, 0, 0]
B17[1, 0, 1, 1, 1, 1, -1, -1, 0]
B17[1, 0, 1, 1, 1, 1, -1, 0, 0]
B17[1, 0, 1, 1, 1, 1, 0, -1, 0]
B17[1, 0, 1, 1, 1, 1, 0, 0, -1]
B17[1, 0, 1, 1, 1, 1, 0, 0, 0]
B17[1, 1, 0, 0, 1, 1, -1, 0, 0]
B17[1, 1, 0, 0, 1, 1, 0, 0, 0]
B17[1, 1, 0, 1, 1, 1, -2, 0, 0]
B17[1, 1, 0, 1, 1, 1, -1, 0, 0]
B17[1, 1, 0, 1, 1, 1, 0, 0, 0]
B17[1, 1, 1, -1, 1, 1, 0, -1, 0]
B17[1, 1, 1, -1, 1, 1, 0, 0, 0]
B17[1, 1, 1, 0, 0, 1, 0, 0, 0]
B17[1, 1, 1, 0, 1, 0, -1, 0, 0]
B17[1, 1, 1, 0, 1, 0, 0, 0, 0]
B17[1, 1, 1, 0, 1, 1, -1, -1, 0]
B17[1, 1, 1, 0, 1, 1, -1, 0, 0]
B17[1, 1, 1, 0, 1, 1, 0, -1, 0]
B17[1, 1, 1, 0, 1, 1, 0, 0, -1]
B17[1, 1, 1, 0, 1, 1, 0, 0, 0]
B17[1, 1, 1, 1, 0, 1, -1, 0, 0]
B17[1, 1, 1, 1, 0, 1, 0, 0, -1]
B17[1, 1, 1, 1, 0, 1, 0, 0, 0]
B17[1, 1, 1, 1, 1, 0, -2, 0, 0]
B17[1, 1, 1, 1, 1, 0, -1, 0, 0]
B17[1, 1, 1, 1, 1, 0, 0, 0, -1]
B17[1, 1, 1, 1, 1, 0, 0, 0, 0]
B17[1, 1, 1, 1, 1, 1, -2, 0, 0]
B17[1, 1, 1, 1, 1, 1, -1, -1, 0]
B17[1, 1, 1, 1, 1, 1, -1, 0, -1]
B17[1, 1, 1, 1, 1, 1, -1, 0, 0]
B17[1, 1, 1, 1, 1, 1, 0, -1, 0]
B17[1, 1, 1, 1, 1, 1, 0, 0, -2]
B17[1, 1, 1, 1, 1, 1, 0, 0, -1]
B17[1, 1, 1, 1, 1, 1, 0, 0, 0]
B17[1, 1, 0, 1, 1, 1, 0, 0, -1]
B17[-1, 1, 1, 1, 1, 1, 0, 0, 0]
B17[0, 1, 0, 1, 1, 1, 0, 0, 0]
B17[0, 1, 1, 1, 1, 0, 0, 0, 0]
B17[0, 1, 1, 1, 1, 1, 0, -1, 0]
B17[1, 1, -1, 1, 1, 1, 0, 0, 0]
B17[1, 1, 0, 1, 1, 0, 0, 0, 0]
B17[1, 1, 0, 1, 1, 1, 0, -1, 0]
B17[1, 1, 1, 1, 1, -1, 0, 0, 0]
B17[1, 1, 1, 1, 1, 0, 0, -1, 0]
B17[1, 1, 1, 1, 1, 1, 0, -2, 0]