0
13 6
5 17
1 -1 -1 0 1 0 0 0 1 2*m1^2 
1 0 0 0 0 0 0 0 0 0 
0 0 0 0 1 0 0 0 0 0 
1 0 1 0 0 -1 0 0 0 s 
2 -2 0 0 2 0 0 0 1 4*m1^2 
0 1 -1 -1 1 1 0 0 0 s 
2 0 0 0 0 0 0 -1 0 2*m1^2 
0 0 -1 0 1 0 -1 1 1 m1^2 
2 0 -1 0 0 0 0 0 0 2*m1^2 

0
13 7
5 21
0 0 1 0 0 0 0 0 0 0 
0 0 0 0 1 0 0 0 0 0 
1 0 0 0 0 0 0 0 0 0 
0 -1 1 1 1 -1 0 0 0 s 
0 2 0 0 0 0 0 0 -1 0 
1 0 1 0 0 -1 0 0 0 s 
1 -1 0 0 1 0 1 -1 0 2*m1^2+t 
1 0 1 0 0 0 0 -1 0 m1^2+t 
1 -1 -1 0 1 0 0 0 1 2*m1^2 

0
13 12
5 17
2 0 -1 0 0 0 0 0 0 2*m1^2 
0 1 -1 -1 1 1 0 0 0 s 
1 0 0 0 0 0 0 0 0 0 
0 0 0 0 1 0 0 0 0 0 
2 -1 -2 -1 2 2 0 0 1 s+4*m1^2 
1 0 -1 0 0 1 0 0 0 s 
1 0 -1 -1 1 1 1 -1 0 2*s+2*m1^2+t 
1 0 -1 0 0 0 0 1 0 m1^2+t 
1 0 -2 -1 1 1 0 0 1 2*s+2*m1^2 

0
13 13
5 21
0 0 1 0 0 0 0 0 0 0 
0 1 -1 -1 1 1 0 0 0 s 
1 0 0 0 0 0 0 0 0 0 
0 0 0 0 1 0 0 0 0 0 
0 3 0 -1 0 0 0 0 -1 s 
1 0 1 0 0 -1 0 0 0 s 
1 0 -1 -1 1 1 1 -1 0 2*s+2*m1^2+t 
1 0 1 0 0 0 0 -1 0 m1^2+t 
1 0 -2 -1 1 1 0 0 1 2*s+2*m1^2 

0
13 14
8 26
1 -1 -1 0 1 0 0 0 1 0 
0 0 0 1 0 0 0 0 0 0 
0 0 0 0 1 0 0 0 0 0 
0 1 0 0 0 0 0 0 0 0 
0 0 0 0 0 1 0 0 0 0 
0 1 -1 -1 1 1 0 0 0 s 
0 1 0 1 0 0 -1 0 0 s+2*m1^2 
0 0 -1 0 1 0 -1 1 1 m1^2 
0 1 0 1 0 0 0 0 -1 s+2*m1^2 

0
13 15
9 15
0 0 1 0 0 0 0 0 0 0 
0 1 0 0 0 0 0 0 0 0 
1 0 0 0 0 0 0 0 0 0 
0 0 0 1 0 0 0 0 0 0 
1 3 1 0 -1 0 0 0 -1 4*m1^2 
1 0 1 0 0 -1 0 0 0 s 
0 0 0 0 0 0 1 0 0 0 
1 0 1 0 0 0 0 -1 0 m1^2+t 
0 0 0 0 0 0 0 0 1 0 

0
13 19
2 19
0 1 0 0 0 0 0 0 0 0 
1 0 0 0 0 0 0 0 0 0 
0 2 0 0 0 0 0 0 -1 -m1^2 
1 0 1 0 0 -1 0 0 0 s 
0 0 0 0 1 0 0 0 0 0 
0 3 0 -1 0 0 0 0 -1 s-m1^2 
2 0 0 0 0 0 0 -1 0 2*m1^2 
0 2 0 0 0 0 -1 0 0 0 
2 0 -1 0 0 0 0 0 0 2*m1^2 

1
13 22
5 19
0 0 1 0 0 0 0 0 0 0 
1 0 0 0 0 0 0 0 0 0 
0 0 0 0 1 0 0 0 0 0 
0 0 1 0 0 0 0 0 0 0 
0 1 0 0 0 0 0 0 0 0 
0 0 1 0 0 0 0 0 0 0 
0 0 1 0 0 0 0 0 0 0 
0 0 1 0 0 0 0 0 0 0 
0 0 1 0 0 0 0 0 0 0 

1
13 23
5 23
0 0 1 0 0 0 0 0 0 0 
0 0 0 0 1 0 0 0 0 0 
1 0 0 0 0 0 0 0 0 0 
0 0 0 1 0 0 0 0 0 0 
0 1 0 0 0 0 0 0 0 0 
0 0 0 1 0 0 0 0 0 0 
0 0 0 1 0 0 0 0 0 0 
0 0 0 1 0 0 0 0 0 0 
0 0 0 1 0 0 0 0 0 0 

1
13 25
2 19
0 1 0 0 0 0 0 0 0 0 
0 0 1 0 0 0 0 0 0 0 
0 0 1 0 0 0 0 0 0 0 
1 0 0 0 0 0 0 0 0 0 
0 0 0 0 1 0 0 0 0 0 
0 0 1 0 0 0 0 0 0 0 
0 0 1 0 0 0 0 0 0 0 
0 0 1 0 0 0 0 0 0 0 
0 0 1 0 0 0 0 0 0 0 

0
13 27
6 27
1 0 0 0 0 0 0 0 0 0 
0 1 0 0 0 0 0 0 0 0 
0 0 1 0 0 0 0 0 0 -m1^2 
0 0 0 1 0 0 0 0 0 0 
0 0 0 0 1 0 0 0 0 0 
0 0 0 0 0 1 0 0 0 -m1^2 
0 0 0 0 0 0 1 0 0 0 
0 0 0 0 0 0 0 1 0 0 
0 0 0 0 0 0 0 0 1 0 

0
13 28
8 28
0 -1 0 1 0 0 0 0 1 -s 
0 -1 1 1 1 -1 0 0 0 s 
0 0 0 1 0 0 0 0 0 0 
0 0 0 0 1 0 0 0 0 0 
0 0 1 0 0 0 0 0 0 0 
0 1 0 0 0 0 0 0 0 0 
-1 0 1 1 1 -1 -1 1 0 2*s+2*m1^2-t 
0 0 0 1 0 0 -1 0 1 m1^2+t 
-1 0 2 1 1 -1 0 0 -1 2*s+2*m1^2 

0
13 29
10 29
1 0 0 0 0 0 0 0 0 0 
0 0 0 0 0 1 0 0 0 0 
0 0 0 1 0 0 0 0 0 0 
0 0 1 0 0 0 0 0 0 0 
0 0 0 0 1 0 0 0 0 0 
0 -2 1 1 1 -1 1 0 0 s 
1 1 0 0 0 1 0 -1 -1 s+m1^2 
2 0 0 0 0 0 0 -1 0 0 
-1 -1 0 1 0 1 1 0 0 s+2*m1^2 

0
13 30
8 30
-1 1 1 0 1 0 0 0 -1 2*m1^2 
0 1 0 0 0 0 0 0 0 0 
0 0 0 0 1 0 0 0 0 0 
0 0 0 1 0 0 0 0 0 0 
0 0 1 0 0 0 0 0 0 0 
0 -1 1 1 1 -1 0 0 0 s 
0 0 0 0 0 0 1 0 0 0 
0 0 1 0 1 0 1 -1 -1 m1^2+2*t 
0 0 0 0 0 0 0 0 1 0 

0
13 31
10 61
1 0 0 0 0 0 0 0 0 0 
0 0 0 0 0 1 0 0 0 0 
0 0 0 1 0 0 0 0 0 0 
0 0 1 0 0 0 0 0 0 0 
0 0 0 0 1 0 0 0 0 0 
0 -2 1 1 1 -1 1 0 0 s 
1 1 0 0 0 1 0 -1 -1 s+m1^2 
2 0 0 0 0 0 0 -1 0 0 
-1 -1 0 1 0 1 1 0 0 s+2*m1^2 

0
13 34
5 17
1 -2 0 1 1 -1 0 0 1 2*m1^2 
1 0 0 0 0 0 0 0 0 0 
0 -1 1 1 1 -1 0 0 0 s 
1 0 1 0 0 -1 0 0 0 s 
2 -3 2 1 2 -2 0 0 1 s+4*m1^2 
0 0 0 0 1 0 0 0 0 0 
2 0 0 0 0 0 0 -1 0 2*m1^2 
0 -1 0 1 1 -1 -1 1 1 s+m1^2 
2 0 -1 0 0 0 0 0 0 2*m1^2 

1
13 35
5 21
0 0 1 0 0 0 0 0 0 0 
0 0 0 0 1 0 0 0 0 0 
0 1 0 0 0 0 0 0 0 0 
0 1 0 0 0 0 0 0 0 0 
0 1 0 0 0 0 0 0 0 0 
1 0 0 0 0 0 0 0 0 0 
0 1 0 0 0 0 0 0 0 0 
0 1 0 0 0 0 0 0 0 0 
0 1 0 0 0 0 0 0 0 0 

0
13 38
8 26
0 -1 0 1 0 0 0 0 1 -s 
0 0 0 0 1 0 0 0 0 0 
0 0 0 1 0 0 0 0 0 0 
0 -1 1 1 1 -1 0 0 0 s 
0 0 0 2 2 -1 0 0 0 4*m1^2 
0 1 0 0 0 0 0 0 0 0 
1 -1 0 0 1 0 1 -1 0 t 
0 0 0 1 0 0 -1 0 1 m1^2+t 
1 -1 -1 0 1 0 0 0 1 0 

0
13 40
5 17
1 -2 0 1 1 -1 0 0 1 2*m1^2 
1 0 -1 0 0 1 0 0 0 s 
0 -1 1 1 1 -1 0 0 0 s 
1 0 0 0 0 0 0 0 0 0 
2 -2 0 0 2 0 0 0 1 4*m1^2 
0 0 0 0 1 0 0 0 0 0 
2 0 -1 0 0 1 0 -1 0 2*s+2*m1^2 
0 -1 0 1 1 -1 -1 1 1 s+m1^2 
2 0 -2 0 0 1 0 0 0 2*s+2*m1^2 

1
13 41
5 21
0 0 1 0 0 0 0 0 0 0 
0 1 0 0 0 0 0 0 0 0 
0 1 0 0 0 0 0 0 0 0 
0 0 0 0 1 0 0 0 0 0 
0 1 0 0 0 0 0 0 0 0 
1 0 0 0 0 0 0 0 0 0 
0 1 0 0 0 0 0 0 0 0 
0 1 0 0 0 0 0 0 0 0 
0 1 0 0 0 0 0 0 0 0 

0
13 42
8 26
1 -2 0 1 1 -1 0 0 1 0 
0 1 0 0 0 0 0 0 0 0 
0 -1 1 1 1 -1 0 0 0 s 
0 0 0 1 0 0 0 0 0 0 
0 0 0 2 2 -1 0 0 0 4*m1^2 
0 0 0 0 1 0 0 0 0 0 
0 0 0 0 0 0 1 0 0 0 
0 -1 0 1 1 -1 -1 1 1 s+m1^2 
0 0 0 0 0 0 0 0 1 0 

1
13 43
9 15
0 0 1 0 0 0 0 0 0 0 
0 1 0 0 0 0 0 0 0 0 
0 0 0 0 1 0 0 0 0 0 
0 0 0 1 0 0 0 0 0 0 
0 0 0 0 1 0 0 0 0 0 
1 0 0 0 0 0 0 0 0 0 
0 0 0 0 1 0 0 0 0 0 
0 0 0 0 1 0 0 0 0 0 
0 0 0 0 1 0 0 0 0 0 

0
13 44
8 26
0 -1 0 1 0 0 0 0 1 -s 
0 1 -1 -1 1 1 0 0 0 s 
0 0 0 1 0 0 0 0 0 0 
0 0 0 0 1 0 0 0 0 0 
0 2 -1 0 2 0 0 0 0 4*m1^2 
0 1 0 0 0 0 0 0 0 0 
1 0 -1 -1 1 1 1 -1 0 2*s+t 
0 0 0 1 0 0 -1 0 1 m1^2+t 
1 0 -2 -1 1 1 0 0 1 2*s 

0
13 45
13 39
1 0 0 0 0 0 0 0 0 0 
0 2 0 -1 0 0 0 0 0 2*s 
0 0 1 0 0 0 0 0 0 0 
0 1 0 0 0 0 0 0 0 0 
0 1 -1 -1 1 1 0 0 0 s 
0 0 0 0 0 1 0 0 0 0 
0 1 0 -1 0 0 1 0 0 3*s 
0 0 0 0 0 0 0 1 0 0 
0 1 0 -1 0 0 0 0 1 3*s 

0
13 50
8 28
1 -2 0 1 1 -1 0 0 1 0 
0 0 0 1 0 0 0 0 0 0 
0 -1 1 1 1 -1 0 0 0 s 
0 1 0 0 0 0 0 0 0 0 
0 0 1 0 0 0 0 0 0 0 
0 0 0 0 1 0 0 0 0 0 
0 1 0 1 0 0 -1 0 0 s+2*m1^2 
0 -1 0 1 1 -1 -1 1 1 s+m1^2 
0 1 0 1 0 0 0 0 -1 s+2*m1^2 

1
13 51
10 29
1 0 0 0 0 0 0 0 0 0 
0 0 1 0 0 0 0 0 0 0 
0 1 0 0 0 0 0 0 0 0 
0 1 0 0 0 0 0 0 0 0 
0 0 0 0 1 0 0 0 0 0 
0 0 0 1 0 0 0 0 0 0 
0 1 0 0 0 0 0 0 0 0 
0 1 0 0 0 0 0 0 0 0 
0 1 0 0 0 0 0 0 0 0 

0
13 54
8 30
0 2 0 0 0 0 0 0 -1 2*m1^2 
0 0 0 0 1 0 0 0 0 0 
0 1 0 0 0 0 0 0 0 0 
0 -1 1 1 1 -1 0 0 0 s 
0 0 1 0 0 0 0 0 0 0 
0 0 0 1 0 0 0 0 0 0 
1 -1 0 0 1 0 1 -1 0 t 
0 1 0 0 0 0 1 0 -1 m1^2+t 
1 -1 -1 0 1 0 0 0 1 0 

1
13 56
5 19
0 0 1 0 0 0 0 0 0 0 
0 0 1 0 0 0 0 0 0 0 
0 0 1 0 0 0 0 0 0 0 
1 0 0 0 0 0 0 0 0 0 
0 1 0 0 0 0 0 0 0 0 
0 0 0 0 1 0 0 0 0 0 
0 0 1 0 0 0 0 0 0 0 
0 0 1 0 0 0 0 0 0 0 
0 0 1 0 0 0 0 0 0 0 

1
13 57
5 23
0 0 1 0 0 0 0 0 0 0 
0 0 0 1 0 0 0 0 0 0 
0 0 0 1 0 0 0 0 0 0 
0 0 0 0 1 0 0 0 0 0 
0 1 0 0 0 0 0 0 0 0 
1 0 0 0 0 0 0 0 0 0 
0 0 0 1 0 0 0 0 0 0 
0 0 0 1 0 0 0 0 0 0 
0 0 0 1 0 0 0 0 0 0 

0
13 58
8 30
1 -2 0 1 1 -1 0 0 1 0 
0 0 0 1 0 0 0 0 0 0 
0 -1 1 1 1 -1 0 0 0 s 
0 1 0 0 0 0 0 0 0 0 
0 0 1 0 0 0 0 0 0 0 
0 0 0 0 1 0 0 0 0 0 
0 1 0 1 0 0 -1 0 0 s+2*m1^2 
0 -1 0 1 1 -1 -1 1 1 s+m1^2 
0 1 0 1 0 0 0 0 -1 s+2*m1^2 

1
13 59
10 61
1 0 0 0 0 0 0 0 0 0 
0 0 1 0 0 0 0 0 0 0 
0 1 0 0 0 0 0 0 0 0 
0 0 0 0 0 1 0 0 0 0 
0 0 0 0 1 0 0 0 0 0 
0 0 0 1 0 0 0 0 0 0 
0 1 0 0 0 0 0 0 0 0 
0 1 0 0 0 0 0 0 0 0 
0 1 0 0 0 0 0 0 0 0 

0
13 60
8 30
0 -1 0 1 0 0 0 0 1 -s 
0 -1 1 1 1 -1 0 0 0 s 
0 0 0 1 0 0 0 0 0 0 
0 0 0 0 1 0 0 0 0 0 
0 0 1 0 0 0 0 0 0 0 
0 1 0 0 0 0 0 0 0 0 
-1 0 1 1 1 -1 -1 1 0 2*s+2*m1^2-t 
0 0 0 1 0 0 -1 0 1 m1^2+t 
-1 0 2 1 1 -1 0 0 -1 2*s+2*m1^2 

1
13 61
13 55
1 0 0 0 0 0 0 0 0 0 
0 0 0 1 0 0 0 0 0 0 
0 0 0 0 0 1 0 0 0 0 
0 1 0 0 0 0 0 0 0 0 
0 0 0 0 1 0 0 0 0 0 
0 0 1 0 0 0 0 0 0 0 
0 0 0 1 0 0 0 0 0 0 
0 0 0 1 0 0 0 0 0 0 
0 0 0 1 0 0 0 0 0 0 

