504 2761152968458947521 1 6
4 7 5 8 6 3 

500 17434084370106800340 1 6
4 8 6 7 5 2 

498 10252234817797781856 1 6
4 7 5 8 6 1 

497 17322388646552411098 1 6
4 8 6 7 5 0 

492 15676911723676647149 2 6
7 5 2 6 8 3 
7 5 2 8 6 3 

490 15423353957267158343 2 6
5 7 6 8 3 1 
5 7 8 6 3 1 

489 9160110024777441401 2 6
5 7 0 6 8 3 
5 7 0 8 6 3 

486 16212816174160052887 2 6
7 5 2 6 8 1 
7 5 2 8 6 1 

485 12679777818134672534 2 6
6 8 7 5 2 0 
8 6 7 5 2 0 

483 13702852699913854528 2 6
5 7 0 6 8 1 
5 7 0 8 6 1 

476 5946570743197158402 1 6
4 7 2 8 6 3 

474 13509310031153617629 1 6
4 7 8 6 3 1 

473 11878067127402991219 1 6
4 7 0 8 6 3 

470 17040193427459172234 1 6
4 7 2 8 6 1 

469 16228777568212471620 1 6
4 8 6 7 2 0 

467 5520493032748582736 1 6
4 7 0 8 6 1 

462 17362731492824898035 2 6
2 7 6 8 3 1 
2 7 8 6 3 1 

461 8796146461912059495 2 6
2 7 0 6 8 3 
2 7 0 8 6 3 

455 15167443575531139430 2 6
2 7 0 6 8 1 
2 7 0 8 6 1 

444 8852328088804653466 1 6
4 8 3 7 5 2 

442 18088296417009717382 1 6
4 7 5 8 1 3 

441 16889702111883954979 1 6
4 8 3 7 5 0 

438 11520075836795816674 1 6
4 8 1 7 5 2 

437 1148298668525882966 1 6
4 8 7 5 2 0 

435 3113963960639913535 1 6
4 8 1 7 5 0 

430 8213032286213200386 1 6
7 5 2 3 1 8 

429 17496564837904510694 1 6
3 8 7 5 2 0 

427 5488447163871687955 1 6
5 7 0 3 1 8 

423 8230673720957172942 1 6
1 8 7 5 2 0 

414 6560856058154587599 1 6
4 7 2 8 3 1 

413 10829559644711516643 1 6
4 8 3 7 2 0 

411 1284105179225804413 1 6
4 7 0 8 3 1 

407 532870207056797794 1 6
4 8 1 7 2 0 

399 8172514396253736612 1 6
2 7 0 3 1 8 

380 3967659606701543606 2 6
4 2 5 6 8 3 
4 2 5 8 6 3 

378 4265174465039867925 2 6
4 5 6 8 1 3 
4 5 8 6 1 3 

377 5117549791122857427 1 6
4 5 0 6 8 3 

374 16452120585087117824 2 6
4 5 2 6 8 1 
4 5 2 8 6 1 

373 13191095432626101022 1 6
4 6 8 5 0 2 

371 959536914293408604 1 6
4 5 0 6 8 1 

366 13121226267849129605 4 6
2 5 6 8 3 1 
2 5 8 6 3 1 
5 2 6 8 3 1 
5 2 8 6 3 1 

365 15504184204611069773 4 6
6 8 3 5 2 0 
6 8 3 2 5 0 
8 6 3 5 2 0 
8 6 3 2 5 0 

363 8110887992855088075 2 6
5 0 6 8 3 1 
5 0 8 6 3 1 

359 985584408417079699 4 6
6 8 1 5 2 0 
6 8 1 2 5 0 
8 6 1 5 2 0 
8 6 1 2 5 0 

350 1753309653937902086 2 6
4 2 6 8 3 1 
4 2 8 6 3 1 

349 15201224180167322884 1 6
4 2 0 6 8 3 

347 14049767419459114077 1 6
4 0 6 8 3 1 

343 16526055972814779240 1 6
4 2 0 6 8 1 

335 8110887992855088075 2 6
2 0 6 8 3 1 
2 0 8 6 3 1 

318 17349327843864566821 1 6
4 5 2 3 1 8 

317 10667987022077655856 1 6
4 3 8 2 5 0 

315 12801208215758083542 1 6
4 5 0 1 3 8 

311 5981205386259750986 1 6
4 1 8 5 2 0 

303 5110358857800014031 2 6
3 1 8 5 2 0 
3 1 8 2 5 0 

287 16294232871996801525 1 6
4 2 0 3 1 8 

252 3416906667860983787 1 6
4 3 6 7 5 2 

250 14302641225973277286 1 6
4 5 7 1 3 6 

249 927567763436358075 1 6
4 3 6 5 7 0 

246 10632388085657571780 1 6
4 1 6 7 5 2 

245 4666285976153479026 1 6
4 6 7 5 2 0 

243 17442562252174914741 1 6
4 1 6 5 7 0 

238 8213032286213200386 1 6
7 5 2 3 1 6 

237 17496564837904510694 1 6
3 6 7 5 2 0 

235 5488447163871687955 1 6
5 7 0 3 1 6 

231 8230673720957172942 1 6
1 6 7 5 2 0 

222 4635311924517523269 1 6
4 2 7 3 1 6 

221 7881295341004425726 1 6
4 3 6 2 7 0 

219 8132608797855349217 1 6
4 0 7 3 1 6 

215 16605557047597952667 1 6
4 1 6 2 7 0 

207 8172514396253736612 1 6
2 7 0 3 1 6 

190 12014706426387320907 1 6
4 3 1 7 5 2 

189 18201613885241781243 2 6
3 4 7 5 2 0 
4 3 7 5 2 0 

187 7418824564450186545 1 6
4 1 3 5 7 0 

183 7857080336631723687 2 6
1 4 7 5 2 0 
4 1 7 5 2 0 

175 16615178206918141664 2 6
1 3 7 5 2 0 
3 1 7 5 2 0 

159 17080673775039051003 1 6
4 3 1 2 7 0 

126 17349327843864566821 1 6
4 5 2 3 1 6 

125 3320993849984889846 1 6
4 3 6 2 5 0 

123 13425750577393670609 1 6
4 5 0 1 3 6 

119 4217935828862573374 1 6
4 1 6 5 2 0 

111 5110358857800014031 2 6
3 1 6 5 2 0 
3 1 6 2 5 0 

95 8745453573888216918 1 6
4 2 0 3 1 6 

63 10200421288749899212 2 6
4 1 3 2 5 0 
4 3 1 5 2 0 

496 13502135885225873121 1 5
4 7 5 8 6 

488 14003908247599607952 2 5
5 7 6 8 3 
5 7 8 6 3 

484 16733104008355258214 2 5
6 8 7 5 2 
8 6 7 5 2 

482 3693392043816557816 2 5
5 7 6 8 1 
5 7 8 6 1 

481 1030987436300181088 2 5
6 8 5 7 0 
8 6 5 7 0 

472 12355990757757458617 1 5
4 7 8 6 3 

468 3644155690430758820 1 5
4 7 2 8 6 

466 16331428646540513647 1 5
4 7 8 6 1 

465 9718031617163024365 1 5
4 8 6 7 0 

460 11098165044044969607 2 5
2 7 6 8 3 
2 7 8 6 3 

454 7826095896981892939 2 5
2 7 6 8 1 
2 7 8 6 1 

453 14455658113156572106 2 5
6 8 2 7 0 
8 6 2 7 0 

440 6487381623535810854 1 5
4 7 5 8 3 

436 15856818051966500197 1 5
4 8 7 5 2 

434 11482333509470440861 1 5
4 7 5 8 1 

433 7994834251168189207 1 5
4 8 7 5 0 

428 5457795357853041954 1 5
3 8 7 5 2 

426 4312697656341085239 1 5
5 7 3 1 8 

425 8766467585725180173 1 5
3 8 5 7 0 

422 7576246697033467630 1 5
1 8 7 5 2 

291 4588159413583185618 1 4
1 8 5 0 

34 16057663672689140328 1 2
1 5 

270 10373105116843450514 1 4
2 3 1 8 

13 4189010045326060690 1 3
3 2 0 

263 4588159413583185618 1 4
1 8 2 0 

6 16057663672689140328 1 2
1 2 

120 18152866579055490326 1 4
4 5 3 6 

116 11767287886263778670 1 4
4 6 5 2 

114 16111807830461215160 1 4
4 5 1 6 

240 8334078286695474400 1 4
4 6 5 7 

113 14478303875819611138 1 4
4 6 5 0 

370 11716206039042127164 2 5
4 5 6 8 1 
4 5 8 6 1 

108 5838868802184040277 2 4
3 6 5 2 
3 6 2 5 

106 10373105116843450514 1 4
5 3 1 6 

232 4426016785619936771 1 4
5 7 3 6 

105 505479176601714564 1 4
3 6 5 0 

362 12042248289136424661 2 5
5 6 8 3 1 
5 8 6 3 1 

102 17540382598376591068 2 4
1 6 5 2 
1 6 2 5 

226 3014461997302402781 1 4
5 7 1 6 

99 4588159413583185618 1 4
1 6 5 0 

356 1979881353718354196 4 4
6 8 2 5 
6 8 5 2 
8 6 5 2 
8 6 2 5 

92 8704736548576705072 1 4
4 2 3 6 

90 9693922300512107380 1 4
4 3 1 6 

216 14681228463328592267 1 4
4 7 3 6 

89 17954915418073282535 1 4
4 0 3 6 

346 10898373428720571172 2 5
4 6 8 3 1 
4 8 6 3 1 

86 11958317692960894251 1 4
4 2 1 6 

212 12596281164696039041 1 4
4 6 2 7 

85 7508486149969826361 1 4
4 6 0 2 

342 10371865615191443311 2 5
4 2 6 8 1 
4 2 8 6 1 

210 14983868942423749849 1 4
4 7 1 6 

83 10942079942877282310 1 4
4 0 1 6 

340 17003168746745711569 2 4
4 2 6 8 
4 2 8 6 

78 10373105116843450514 1 4
2 3 1 6 

204 7689285879217100438 1 4
2 7 3 6 

77 505479176601714564 1 4
3 6 2 0 

334 12042248289136424661 2 5
2 6 8 3 1 
2 8 6 3 1 

198 9724753309317243940 1 4
2 7 1 6 

71 4588159413583185618 1 4
1 6 2 0 

60 308062669938499147 2 4
3 4 2 5 
4 3 2 5 

58 3627807657670705814 1 4
4 5 1 3 

184 9896725092295936409 2 4
3 4 5 7 
4 3 5 7 

57 3296902166336847173 2 4
3 4 5 0 
4 3 5 0 

314 16370265932885368440 1 5
4 5 1 3 8 

54 308062669938499147 2 4
1 4 5 2 
4 1 5 2 

180 9318651135224286762 1 4
4 7 5 2 

53 5662215514483809182 2 4
4 2 5 0 
4 5 2 0 

310 1059901582054116459 1 5
4 1 8 5 2 

178 2890294290070794145 2 4
1 4 5 7 
4 1 5 7 

51 14323863852488825624 2 4
1 4 5 0 
4 1 5 0 

308 11767287886263778670 1 4
4 8 5 2 

46 15961377741676442153 4 4
1 3 2 5 
1 3 5 2 
3 1 2 5 
3 1 5 2 

172 9318651135224286762 1 4
3 7 5 2 

45 5662215514483809182 2 4
3 2 5 0 
3 5 2 0 

302 2467775544658660865 2 5
2 5 3 1 8 
5 2 3 1 8 

170 17842323657757697934 2 4
5 7 1 3 
5 7 3 1 

43 14074711550630585124 2 4
1 3 5 0 
3 1 5 0 

300 5838868802184040277 2 4
3 8 5 2 
3 8 2 5 

166 9318651135224286762 1 4
1 7 5 2 

39 5662215514483809182 2 4
1 2 5 0 
1 5 2 0 

296 5019863189302586700 1 3
5 3 8 

284 8704736548576705072 1 4
4 2 3 8 

27 14442703713620714436 2 4
4 0 3 1 
4 0 1 3 

30 3627807657670705814 1 4
4 2 3 1 

156 6253262864123940219 2 4
3 4 2 7 
4 3 2 7 

29 14323863852488825624 2 4
3 4 2 0 
4 3 2 0 

286 16705967020289552729 1 5
4 2 3 1 8 

281 5304502838303159492 1 4
4 0 3 8 

24 11458095499876941894 2 2
3 4 
4 3 

154 8868495816888195275 1 4
4 7 3 1 

56 4817618029268971058 2 3
3 4 5 
4 3 5 

313 2469999186194057857 1 5
4 3 8 5 0 

52 5866017786500108610 2 3
4 2 5 
4 5 2 

309 12302335044069658906 1 5
4 8 5 2 0 

44 5866017786500108610 2 3
3 2 5 
3 5 2 

301 836252115262862833 2 5
3 8 5 2 0 
3 8 2 5 0 

38 5866017786500108610 2 3
1 2 5 
1 5 2 

295 14626777892759805358 2 5
1 8 2 5 0 
1 8 5 2 0 

282 9693922300512107380 1 4
4 3 1 8 

25 14844484263115851232 2 3
3 4 0 
4 3 0 

28 6869057770693839397 2 3
3 4 2 
4 3 2 

285 10362308486883816059 1 5
4 3 8 2 0 

153 896162092641806818 2 4
3 4 0 7 
4 3 0 7 

410 11178327509928338305 1 5
4 7 8 3 1 

280 13001400643428566402 1 3
4 3 8 

23 3296902166336847173 2 4
1 4 2 0 
4 1 2 0 

26 7590509903095700417 2 3
4 3 1 
4 1 3 

283 2235230619052890441 1 5
4 0 3 1 8 

135 7423945699954551606 1 4
1 2 7 0 

262 108422713436611649 1 3
2 1 8 

84 8314182141702135009 1 3
4 2 6 

341 2590777560552054358 1 5
4 6 8 0 2 

162 6934375435065871965 1 3
1 5 7 

419 1878299114580955791 1 5
1 8 5 7 0 

35 4189010045326060690 1 3
1 5 0 

12 16057663672689140328 1 2
3 2 

269 505479176601714564 1 4
3 8 2 0 

76 5019863189302586700 1 3
2 3 6 

333 5903600775802830531 2 5
2 0 6 8 3 
2 0 8 6 3 

18 11458095499876941894 2 2
1 4 
4 1 

275 12665658800969560403 1 4
4 0 1 8 

147 3862016362162255841 2 4
1 4 0 7 
4 1 0 7 

404 3957731161069949526 1 4
4 8 7 2 

274 6997263561283798516 1 3
4 1 8 

20 16057663672689140328 1 2
4 2 

277 896286628700247726 1 4
4 8 2 0 

278 11958317692960894251 1 4
4 2 1 8 

21 4189010045326060690 1 3
4 2 0 

152 16392443560885564140 2 3
3 4 7 
4 3 7 

409 16378608778317867194 1 5
4 7 0 8 3 

41 4189010045326060690 1 3
3 5 0 

298 10373105116843450514 1 4
5 3 1 8 

168 6934375435065871965 1 3
3 5 7 

40 16057663672689140328 1 2
3 5 

297 505479176601714564 1 4
3 8 5 0 

149 7423945699954551606 1 4
4 2 7 0 

406 15034666496059244164 1 5
4 7 2 8 1 

22 4817618029268971058 2 3
1 4 2 
4 1 2 

279 9037004768626415687 1 5
4 1 8 2 0 

276 8314182141702135009 1 3
4 2 8 

19 14844484263115851232 2 3
1 4 0 
4 1 0 

48 16057663672689140328 1 2
4 5 

305 4024578571985490282 1 4
4 8 5 0 

140 4283849178482031694 1 3
3 2 7 

397 8026318548825626690 1 5
3 8 2 7 0 

209 4948116393017434839 1 4
4 6 0 7 

336 5080913640879023083 2 3
4 6 8 
4 8 6 

79 3696986549468210503 1 5
2 0 3 1 6 

82 6997263561283798516 1 3
4 1 6 

339 8769167707353130788 1 5
4 0 6 8 1 

150 6963523384262271582 2 4
1 4 2 7 
4 1 2 7 

88 13001400643428566402 1 3
4 3 6 

345 647918351891563152 1 5
4 0 6 8 3 

70 108422713436611649 1 3
2 1 6 

327 11778207928077577380 2 5
2 0 6 8 1 
2 0 8 6 1 

324 5697750978532764374 2 3
2 6 8 
2 8 6 

104 5019863189302586700 1 3
5 3 6 

361 5903600775802830531 2 5
5 0 6 8 3 
5 0 8 6 3 

112 9246985618930380126 1 3
4 5 6 

369 14174452771968997432 1 5
4 6 8 5 0 

7 4189010045326060690 1 3
1 2 0 

134 4283849178482031694 1 3
1 2 7 

391 8327482793484542777 1 5
1 8 2 7 0 

148 4283849178482031694 1 3
4 2 7 

405 837619802592562538 1 5
4 8 7 2 0 

49 4189010045326060690 1 3
4 5 0 

306 16111807830461215160 1 4
4 5 1 8 

176 6934375435065871965 1 3
4 5 7 

81 5524994537437787385 2 3
4 0 6 
4 6 0 

338 2468621873451478170 2 4
4 6 8 1 
4 8 6 1 

208 17615132805313434940 2 3
4 6 7 
4 7 6 

141 7423945699954551606 1 4
3 2 7 0 

398 10180690984463395965 1 5
2 7 3 1 8 

14 11732794835329956294 2 3
2 1 3 
2 3 1 

271 3696986549468210503 1 5
2 0 3 1 8 

268 5019863189302586700 1 3
2 3 8 

163 6811210585565626707 1 4
1 5 7 0 

290 108422713436611649 1 3
5 1 8 

169 6811210585565626707 1 4
3 5 7 0 

42 11732794835329956294 2 3
5 3 1 
5 1 3 

299 3696986549468210503 1 5
5 0 3 1 8 

177 6811210585565626707 1 4
4 5 7 0 

50 6869057770693839397 2 3
1 4 5 
4 1 5 

307 662560091566707669 1 5
4 1 8 5 0 

304 9246985618930380126 1 3
4 5 8 

47 7342720788086652978 4 5
1 3 2 5 0 
1 3 5 2 0 
3 1 2 5 0 
3 1 5 2 0 

98 108422713436611649 1 3
5 1 6 

355 11778207928077577380 2 5
5 0 6 8 1 
5 0 8 6 1 

352 5697750978532764374 2 3
5 6 8 
5 8 6 

146 10056767622057400522 2 3
1 4 7 
4 1 7 

403 14249829950092029524 1 5
4 7 0 8 1 

273 17615132805313434940 2 3
4 0 8 
4 8 0 

400 11556023105687141039 2 3
4 7 8 
4 8 7 

143 231723511279614169 2 5
1 3 2 7 0 
3 1 2 7 0 

142 1761191968979370152 2 4
2 7 3 1 
2 7 1 3 

15 14074711550630585124 2 4
1 3 2 0 
3 1 2 0 

294 17540382598376591068 2 4
1 8 5 2 
1 8 2 5 

312 18152866579055490326 1 4
4 5 3 8 

55 1251814572532882527 2 5
1 4 5 2 0 
4 1 5 2 0 

325 17520452208558333313 2 4
6 8 2 0 
8 6 2 0 

326 4835524456154860140 2 4
2 6 8 1 
2 8 6 1 

332 6017716321959990522 2 4
2 6 8 3 
2 8 6 3 

337 14615264421845792724 1 4
4 0 6 8 

344 12204887911433595916 2 4
4 6 8 3 
4 8 6 3 

87 4285254965370823098 1 5
4 1 6 2 0 

353 17520452208558333313 2 4
6 8 5 0 
8 6 5 0 

354 4835524456154860140 2 4
5 6 8 1 
5 8 6 1 

360 6017716321959990522 2 4
5 6 8 3 
5 8 6 3 

103 14626777892759805358 2 5
1 6 2 5 0 
1 6 5 2 0 

368 15088478831565327740 2 4
4 5 6 8 
4 5 8 6 

390 9724753309317243940 1 4
2 7 1 8 

396 7689285879217100438 1 4
2 7 3 8 

401 13741320112478598839 1 4
4 8 7 0 

402 8970886276437650666 1 4
4 7 8 1 

408 8979774146159879214 1 4
4 7 8 3 

151 7861641479614910677 2 5
1 4 2 7 0 
4 1 2 7 0 

418 3014461997302402781 1 4
5 7 1 8 

424 4426016785619936771 1 4
5 7 3 8 

167 15552708135040699316 1 5
1 7 5 2 0 

432 2201755111452910593 1 4
4 8 7 5 

452 3001815475018223922 2 4
2 7 6 8 
2 7 8 6 

464 3790604768621978885 1 4
4 7 8 6 

480 12099417338926070879 2 4
5 7 6 8 
5 7 8 6 

31 8272979915589380273 1 5
4 2 0 3 1 

59 8272979915589380273 1 5
4 5 0 1 3 

316 6481832117233326320 1 5
4 3 8 2 5 

61 1251814572532882527 2 5
3 4 2 5 0 
4 3 2 5 0 

62 2933835750873106638 2 5
4 3 1 5 2 
4 1 3 2 5 

91 4163123371519812476 1 5
4 0 3 1 6 

348 10160552651398115790 2 5
4 2 6 8 3 
4 2 8 6 3 

93 14772801165737358420 1 5
4 3 6 2 0 

94 16705967020289552729 1 5
4 2 3 1 6 

107 3696986549468210503 1 5
5 0 3 1 6 

364 4018417732080493647 4 5
2 5 6 8 3 
2 5 8 6 3 
5 2 6 8 3 
5 2 8 6 3 

109 836252115262862833 2 5
3 6 5 2 0 
3 6 2 5 0 

110 2467775544658660865 2 5
2 5 3 1 6 
5 2 3 1 6 

115 14046721872469917075 1 5
4 1 6 5 0 

372 10955486775679109287 2 5
4 6 8 5 2 
4 8 6 5 2 

117 17280057838608569080 1 5
4 6 5 0 2 

118 1059901582054116459 1 5
4 1 6 5 2 

121 10180711121138464844 1 5
4 3 6 5 0 

122 16370265932885368440 1 5
4 5 1 3 6 

124 6481832117233326320 1 5
4 3 6 2 5 

155 5992197961092021593 1 5
4 3 1 0 7 

412 5362042828846131041 1 5
4 7 2 8 3 

157 17161150229662001173 2 5
3 4 2 7 0 
4 3 2 7 0 

158 1327534377852648473 1 5
4 2 7 3 1 

171 5275576040281954524 2 5
1 3 5 7 0 
3 1 5 7 0 

173 15552708135040699316 1 5
3 7 5 2 0 

174 8352881366540843605 2 5
1 3 7 5 2 
3 1 7 5 2 

179 4966344262054075278 2 5
1 4 5 7 0 
4 1 5 7 0 

181 15552708135040699316 1 5
4 7 5 2 0 

182 16969105062012074926 2 5
1 4 7 5 2 
4 1 7 5 2 

185 12308499548001673556 2 5
3 4 5 7 0 
4 3 5 7 0 

186 6396076408797386272 1 5
4 5 7 1 3 

188 13350226462937045448 2 5
3 4 7 5 2 
4 3 7 5 2 

199 8327482793484542777 1 5
1 6 2 7 0 

205 8026318548825626690 1 5
3 6 2 7 0 

206 10180690984463395965 1 5
2 7 3 1 6 

211 1017325437493199517 1 5
4 0 7 1 6 

213 14342591116455767262 1 5
4 6 2 7 0 

214 144036235408397714 1 5
4 2 7 1 6 

217 10771145374285488534 1 5
4 0 7 3 6 

218 16076442953220504389 1 5
4 7 3 1 6 

220 17010290640575922166 1 5
4 2 7 3 6 

227 1878299114580955791 1 5
1 6 5 7 0 

230 7576246697033467630 1 5
1 6 7 5 2 

233 8766467585725180173 1 5
3 6 5 7 0 

234 4312697656341085239 1 5
5 7 3 1 6 

236 5457795357853041954 1 5
3 6 7 5 2 

241 708497866278528034 1 5
4 6 5 7 0 

242 5559625994571898255 1 5
4 5 7 1 6 

244 10686796886537526841 1 5
4 6 7 5 2 

248 6918523893708178281 1 5
4 5 7 3 6 

357 10432999598382821541 4 5
6 8 5 2 0 
6 8 2 5 0 
8 6 5 2 0 
8 6 2 5 0 

358 3718883137359116586 4 5
2 5 6 8 1 
2 5 8 6 1 
5 2 6 8 1 
5 2 8 6 1 

376 7938468722314830511 2 5
4 5 6 8 3 
4 5 8 6 3 

