B1[0, 0, 1, 1, 1, 0, 0, 0, 0]
B1[0, 1, 1, 1, 0, 1, 0, 0, 0]
B1[1, 1, 0, 1, 1, 0, 0, 0, 0]
B2[0, 0, 1, 1, 1, 0, 0, 0, 0]
B2[0, 1, 1, 1, 0, 1, 0, 0, 0]
B2[1, 1, 0, 0, 1, 0, 0, 0, 0]
B2[1, 0, 1, 1, 1, 0, 0, 0, 0]
B2[1, 1, 0, 1, 0, 0, 0, 0, 0]
B2[1, 1, 0, 1, 1, 0, 0, 0, 0]
B2[1, 1, 0, 1, 2, 0, 0, 0, 0]
B2[1, 1, 1, 1, 1, 0, 0, 0, 0]
B2[1, 1, 1, 1, 0, 1, 0, 0, 0]
B3[0, 0, 1, 1, 1, 0, 0, 0, 0]
B3[0, 0, 1, 1, 2, 0, 0, 0, 0]
B3[0, 1, 0, 1, 1, 0, 0, 0, 0]
B3[0, 1, 1, 1, 0, 1, 0, 0, 0]
B3[0, 1, 1, 1, 1, 1, 0, 0, 0]
B3[1, 1, 0, 0, 1, 0, 0, 0, 0]
B3[1, 1, 0, 1, 1, 0, 0, 0, 0]
B3[1, 1, 0, 1, 2, 0, 0, 0, 0]
B3[1, 1, 1, 1, 1, 0, 0, 0, 0]
B4[0, 0, 1, 1, 1, 0, 0, 0, 0]
B4[0, 0, 1, 1, 2, 0, 0, 0, 0]
B4[0, 1, 1, 0, 1, 0, 0, 0, 0]
B4[1, 1, 0, 1, 0, 0, 0, 0, 0]
B4[0, 1, 1, 1, 0, 1, 0, 0, 0]
B4[0, 1, 1, 1, 1, 1, 0, 0, 0]
B4[1, 0, 0, 0, 1, 0, 0, 0, 0]
B4[1, 0, 1, 1, 1, 0, 0, 0, 0]
B4[1, 0, 1, 1, 2, 0, 0, 0, 0]
B4[1, 0, 1, 0, 1, 1, 0, 0, 0]
B4[1, 1, 0, 1, 1, 0, 0, 0, 0]
B4[1, 1, 0, 1, 2, 0, 0, 0, 0]
B4[1, 1, 1, 1, 1, 0, 0, 0, 0]
B4[1, 1, 1, 1, 0, 1, 0, 0, 0]
B4[1, 1, 1, 1, 1, 1, 0, 0, 0]
B4[0, 0, 1, 1, 1, 0, 0, 0, 0]
B4[0, 0, 1, 1, 2, 0, 0, 0, 0]
B4[0, 1, 1, 0, 1, 0, 0, 0, 0]
B4[1, 1, 0, 1, 0, 0, 0, 0, 0]
B4[0, 1, 1, 1, 0, 1, 0, 0, 0]
B4[0, 1, 1, 1, 1, 1, 0, 0, 0]
B4[1, 0, 0, 0, 1, 0, 0, 0, 0]
B4[1, 0, 1, 1, 1, 0, 0, 0, 0]
B4[1, 0, 1, 1, 2, 0, 0, 0, 0]
B4[1, 0, 1, 0, 1, 1, 0, 0, 0]
B4[1, 1, 0, 1, 1, 0, 0, 0, 0]
B4[1, 1, 0, 1, 2, 0, 0, 0, 0]
B4[1, 1, 1, 1, 1, 0, 0, 0, 0]
B4[1, 1, 1, 1, 0, 1, 0, 0, 0]
B4[1, 1, 1, 1, 1, 1, 0, 0, 0]
B6[0, 0, 1, 1, 1, 0, 0, 0, 0]
B6[0, 0, 1, 1, 2, 0, 0, 0, 0]
B6[0, 1, 0, 0, 1, 0, 0, 0, 0]
B6[0, 1, 1, 0, 0, 1, 0, 0, 0]
B6[0, 1, 0, 1, 1, 0, 0, 0, 0]
B6[0, 1, 1, 1, 0, 1, 0, 0, 0]
B6[0, 1, 1, 1, 1, 1, 0, 0, 0]
B6[1, 1, 0, 1, 1, 0, 0, 0, 0]
B6[1, 1, 0, 1, 2, 0, 0, 0, 0]
B6[1, 1, 0, 2, 1, 0, 0, 0, 0]
B10[0, 0, 0, 1, 1, 1, 0, 0, 0]
B10[0, 0, 1, 1, 1, 0, 0, 0, 0]
B10[0, 0, 1, 1, 1, 1, 0, 0, 0]
B10[0, 1, 0, 0, 1, 0, 0, 0, 0]
B10[0, 1, 0, 0, 1, 1, 0, 0, 0]
B10[0, 1, 0, 0, 1, 2, 0, 0, 0]
B10[0, 1, 0, 0, 2, 1, 0, 0, 0]
B10[0, 1, 1, 0, 0, 1, 0, 0, 0]
B10[0, 0, 1, 1, 2, 0, 0, 0, 0]
B10[0, 1, 0, 1, 1, 0, 0, 0, 0]
B10[0, 1, 0, 1, 1, 1, 0, 0, 0]
B10[0, 1, 1, 1, 0, 1, 0, 0, 0]
B10[0, 1, 1, 1, 1, 1, 0, 0, 0]
B10[0, 1, 0, 0, 0, 1, 0, 0, 0]
B10[1, 1, 0, 0, 1, 1, 0, 0, 0]
B10[0, 1, 0, 1, 0, 1, 0, 0, 0]
B10[1, 1, 0, 1, 1, 0, 0, 0, 0]
B10[1, 1, 0, 1, 1, 1, 0, 0, 0]
B10[1, 1, 0, 1, 1, 2, 0, 0, 0]
B10[1, 1, 0, 1, 2, 0, 0, 0, 0]
B10[1, 1, 0, 1, 2, 1, 0, 0, 0]
B10[1, 1, 0, 2, 1, 0, 0, 0, 0]
B10[1, 1, 0, 2, 1, 1, 0, 0, 0]
B12[0, 0, 1, 1, 1, 0, 0, 0, 0]
B12[0, 1, 1, 0, 1, 0, 0, 0, 0]
B12[0, 1, 1, 0, 1, 1, 0, 0, 0]
B12[0, 1, 1, 1, 0, 1, 0, 0, 0]
B12[0, 1, 1, 1, 1, 0, 0, 0, 0]
B12[0, 1, 1, 1, 1, 1, 0, 0, 0]
B12[0, 1, 1, 0, 0, 1, 0, 0, 0]
B12[0, 0, 1, 1, 2, 0, 0, 0, 0]
B12[0, 0, 2, 1, 1, 0, 0, 0, 0]
B12[0, 1, 0, 0, 1, 0, 0, 0, 0]
B12[0, 1, 1, 0, 0, 0, 0, 0, 0]
B12[1, 0, 1, 1, 1, 0, 0, 0, 0]
B12[1, 1, 1, 0, 0, 1, 0, 0, 0]
B12[1, 1, 1, 0, 1, 1, 0, 0, 0]
B12[0, 1, 0, 1, 1, 0, 0, 0, 0]
B12[0, 1, 1, 1, 0, 0, 0, 0, 0]
B12[1, 1, 0, 1, 1, 0, 0, 0, 0]
B12[1, 1, 0, 1, 2, 0, 0, 0, 0]
B12[1, 1, 0, 2, 1, 0, 0, 0, 0]
B12[1, 1, 1, 1, 1, 0, 0, 0, 0]
B12[1, 1, 1, 1, 2, 0, 0, 0, 0]
B12[1, 1, 1, 2, 1, 0, 0, 0, 0]
B12[1, 1, 2, 1, 1, 0, 0, 0, 0]
B12[1, 1, 1, 1, 0, 1, 0, 0, 0]
B12[1, 1, 1, 1, 1, 1, 0, 0, 0]
B11[0, 0, 1, 1, 1, 0, 0, 0, 0]
B11[0, 1, 1, 0, 1, 0, 0, 0, 0]
B11[0, 1, 1, 1, 1, 0, 0, 0, 0]
B11[0, 1, 1, 1, 0, 1, 0, 0, 0]
B11[0, 1, 1, 1, 1, 1, 0, 0, 0]
B11[0, 0, 1, 1, 2, 0, 0, 0, 0]
B11[0, 0, 1, 2, 1, 0, 0, 0, 0]
B11[0, 1, 0, 0, 1, 0, 0, 0, 0]
B11[0, 1, 0, 1, 1, 0, 0, 0, 0]
B11[0, 1, 1, 0, 0, 0, 0, 0, 0]
B11[0, 1, 1, 1, 0, 0, 0, 0, 0]
B11[1, 0, 1, 0, 1, 1, 0, 0, 0]
B11[1, 0, 1, 1, 1, 0, 0, 0, 0]
B11[1, 0, 1, 1, 2, 0, 0, 0, 0]
B11[1, 1, 0, 0, 1, 0, 0, 0, 0]
B11[1, 1, 1, 0, 0, 1, 0, 0, 0]
B11[1, 1, 1, 0, 1, 1, 0, 0, 0]
B11[1, 1, 0, 1, 1, 0, 0, 0, 0]
B11[1, 1, 0, 1, 2, 0, 0, 0, 0]
B11[1, 1, 0, 2, 1, 0, 0, 0, 0]
B11[1, 1, 1, 1, 1, 0, 0, 0, 0]
B11[1, 1, 1, 1, 2, 0, 0, 0, 0]
B11[1, 1, 1, 2, 1, 0, 0, 0, 0]
B11[1, 1, 2, 1, 1, 0, 0, 0, 0]
B11[1, 1, 1, 1, 0, 1, 0, 0, 0]
B11[1, 1, 1, 1, 1, 1, 0, 0, 0]
B11[0, 0, 1, 1, 1, 0, 0, 0, 0]
B11[0, 1, 1, 0, 1, 0, 0, 0, 0]
B11[0, 1, 1, 1, 1, 0, 0, 0, 0]
B11[0, 1, 1, 1, 0, 1, 0, 0, 0]
B11[0, 1, 1, 1, 1, 1, 0, 0, 0]
B11[0, 0, 1, 1, 2, 0, 0, 0, 0]
B11[0, 0, 1, 2, 1, 0, 0, 0, 0]
B11[0, 1, 0, 0, 1, 0, 0, 0, 0]
B11[0, 1, 0, 1, 1, 0, 0, 0, 0]
B11[0, 1, 1, 0, 0, 0, 0, 0, 0]
B11[0, 1, 1, 1, 0, 0, 0, 0, 0]
B11[1, 0, 1, 0, 1, 1, 0, 0, 0]
B11[1, 0, 1, 1, 1, 0, 0, 0, 0]
B11[1, 0, 1, 1, 2, 0, 0, 0, 0]
B11[1, 1, 0, 0, 1, 0, 0, 0, 0]
B11[1, 1, 1, 0, 0, 1, 0, 0, 0]
B11[1, 1, 1, 0, 1, 1, 0, 0, 0]
B11[1, 1, 0, 1, 1, 0, 0, 0, 0]
B11[1, 1, 0, 1, 2, 0, 0, 0, 0]
B11[1, 1, 0, 2, 1, 0, 0, 0, 0]
B11[1, 1, 1, 1, 1, 0, 0, 0, 0]
B11[1, 1, 1, 1, 2, 0, 0, 0, 0]
B11[1, 1, 1, 2, 1, 0, 0, 0, 0]
B11[1, 1, 2, 1, 1, 0, 0, 0, 0]
B11[1, 1, 1, 1, 0, 1, 0, 0, 0]
B11[1, 1, 1, 1, 1, 1, 0, 0, 0]
B9[0, 0, 1, 1, 1, 0, 0, 0, 0]
B9[0, 0, 1, 1, 2, 0, 0, 0, 0]
B9[0, 1, 1, 0, 0, 0, 0, 0, 0]
B9[0, 1, 1, 1, 0, 0, 0, 0, 0]
B9[0, 1, 1, 1, 0, 1, 0, 0, 0]
B9[1, 0, 1, 1, 1, 0, 0, 0, 0]
B9[1, 1, 0, 0, 1, 0, 0, 0, 0]
B9[1, 1, 1, 0, 0, 1, 0, 0, 0]
B9[1, 1, 0, 1, 1, 0, 0, 0, 0]
B9[1, 1, 0, 1, 2, 0, 0, 0, 0]
B9[1, 1, 1, 1, 1, 0, 0, 0, 0]
B9[1, 1, 1, 1, 2, 0, 0, 0, 0]
B9[1, 1, 1, 2, 1, 0, 0, 0, 0]
B9[1, 1, 1, 1, 0, 1, 0, 0, 0]
B5[0, 0, 1, 1, 1, 0, 0, 0, 0]
B5[0, 0, 1, 1, 2, 0, 0, 0, 0]
B5[0, 1, 1, 0, 0, 1, 0, 0, 0]
B5[0, 1, 1, 1, 0, 1, 0, 0, 0]
B5[0, 1, 1, 1, 1, 0, 0, 0, 0]
B5[0, 1, 1, 1, 1, 1, 0, 0, 0]
B5[1, 1, 0, 0, 1, 0, 0, 0, 0]
B5[1, 1, 0, 1, 1, 0, 0, 0, 0]
B5[1, 1, 0, 1, 2, 0, 0, 0, 0]
B5[1, 1, 1, 1, 1, 0, 0, 0, 0]
B8[0, 0, 1, 1, 1, 0, 0, 0, 0]
B8[0, 0, 1, 1, 2, 0, 0, 0, 0]
B8[0, 1, 1, 0, 0, 1, 0, 0, 0]
B8[0, 1, 1, 0, 1, 0, 0, 0, 0]
B8[0, 1, 1, 1, 0, 1, 0, 0, 0]
B8[0, 1, 1, 1, 1, 0, 0, 0, 0]
B8[0, 1, 1, 1, 1, 1, 0, 0, 0]
B8[1, 1, 0, 0, 0, 0, 0, 0, 0]
B8[1, 1, 0, 0, 1, 0, 0, 0, 0]
B8[1, 0, 1, 1, 1, 0, 0, 0, 0]
B8[1, 0, 1, 1, 2, 0, 0, 0, 0]
B8[1, 1, 1, 0, 0, 1, 0, 0, 0]
B8[1, 1, 0, 1, 0, 0, 0, 0, 0]
B8[1, 1, 0, 1, 1, 0, 0, 0, 0]
B8[1, 1, 0, 1, 2, 0, 0, 0, 0]
B8[1, 1, 0, 2, 1, 0, 0, 0, 0]
B8[1, 1, 1, 1, 1, 0, 0, 0, 0]
B8[1, 1, 1, 1, 2, 0, 0, 0, 0]
B8[1, 1, 1, 2, 1, 0, 0, 0, 0]
B8[1, 1, 1, 1, 0, 1, 0, 0, 0]
B8[1, 1, 1, 1, 1, 1, 0, 0, 0]
B7[0, 0, 1, 1, 1, 0, 0, 0, 0]
B7[0, 0, 1, 1, 2, 0, 0, 0, 0]
B7[0, 1, 1, 0, 0, 1, 0, 0, 0]
B7[0, 1, 1, 0, 1, 0, 0, 0, 0]
B7[0, 1, 1, 1, 0, 1, 0, 0, 0]
B7[0, 1, 1, 1, 1, 0, 0, 0, 0]
B7[0, 1, 1, 1, 1, 1, 0, 0, 0]
B7[1, 1, 0, 0, 0, 0, 0, 0, 0]
B7[1, 0, 1, 1, 1, 0, 0, 0, 0]
B7[1, 0, 1, 1, 2, 0, 0, 0, 0]
B7[1, 1, 1, 0, 0, 1, 0, 0, 0]
B7[1, 1, 0, 1, 0, 0, 0, 0, 0]
B7[1, 1, 0, 1, 1, 0, 0, 0, 0]
B7[1, 1, 0, 1, 2, 0, 0, 0, 0]
B7[1, 1, 0, 2, 1, 0, 0, 0, 0]
B7[1, 1, 1, 1, 1, 0, 0, 0, 0]
B7[1, 1, 1, 1, 2, 0, 0, 0, 0]
B7[1, 1, 1, 2, 1, 0, 0, 0, 0]
B7[1, 1, 1, 1, 0, 1, 0, 0, 0]
B7[1, 1, 1, 1, 1, 1, 0, 0, 0]
C1[0, 0, 1, 1, 1, 0, 0, 0, 0]
C1[0, 1, 1, 1, 0, 1, 0, 0, 0]
C1[1, 1, 1, 1, 1, 1, 0, 0, 0]
C2[0, 0, 1, 1, 0, 1, 0, 0, 0]
C2[0, 0, 1, 1, 1, 0, 0, 0, 0]
C2[0, 0, 1, 1, 2, 0, 0, 0, 0]
C2[0, 1, 1, 1, 0, 0, 0, 0, 0]
C2[0, 1, 1, 1, 0, 1, 0, 0, 0]
C2[0, 1, 1, 1, 0, 2, 0, 0, 0]
C2[0, 1, 1, 1, 1, 1, 0, 0, 0]
C2[1, 0, 1, 0, 1, 1, 0, 0, 0]
C2[1, 0, 1, 1, 1, 1, 0, 0, 0]
C2[1, 0, 1, 1, 1, 2, 0, 0, 0]
C2[1, 1, 0, 0, 0, 1, 0, 0, 0]
C2[1, 1, 0, 1, 0, 1, 0, 0, 0]
C2[1, 1, 0, 1, 1, 1, 0, 0, 0]
C2[1, 1, 1, 1, 0, 1, 0, 0, 0]
C2[1, 1, 1, 1, 1, 1, 0, 0, 0]
C3[0, 0, 1, 1, 1, 0, 0, 0, 0]
C3[0, 0, 1, 1, 2, 0, 0, 0, 0]
C3[0, 1, 1, 0, 0, 1, 0, 0, 0]
C3[1, 1, 1, 0, 0, 0, 0, 0, 0]
C3[0, 1, 0, 1, 0, 0, 0, 0, 0]
C3[0, 1, 1, 1, 0, 1, 0, 0, 0]
C3[0, 1, 1, 1, 0, 2, 0, 0, 0]
C3[0, 1, 1, 1, 1, 0, 0, 0, 0]
C3[0, 1, 1, 1, 2, 0, 0, 0, 0]
C3[1, 1, 1, 1, 0, 1, 0, 0, 0]
C3[1, 0, 1, 0, 1, 1, 0, 0, 0]
C3[1, 1, 1, 0, 1, 1, 0, 0, 0]
C3[1, 1, 1, 0, 1, 2, 0, 0, 0]
C3[1, 1, 1, 1, 1, 0, 0, 0, 0]
C3[1, 1, 1, 1, 2, 0, 0, 0, 0]
C3[1, 1, 1, 1, 1, 1, 0, 0, 0]
C3[1, 1, 1, 1, 1, 2, 0, 0, 0]
C3[1, 1, 1, 1, 2, 1, 0, 0, 0]
C4[0, 0, 1, 1, 0, 0, 0, 0, 0]
C4[0, 0, 1, 1, 0, 1, 0, 0, 0]
C4[0, 0, 1, 1, 1, 0, 0, 0, 0]
C4[0, 0, 1, 1, 2, 0, 0, 0, 0]
C4[0, 1, 1, 1, 0, 1, 0, 0, 0]
C4[0, 1, 1, 1, 0, 2, 0, 0, 0]
C4[0, 1, 1, 2, 0, 1, 0, 0, 0]
C4[1, 0, 1, 0, 1, 1, 0, 0, 0]
C4[1, 0, 1, 0, 1, 2, 0, 0, 0]
C4[1, 0, 1, 1, 1, 1, 0, 0, 0]
C4[1, 0, 1, 1, 1, 2, 0, 0, 0]
C4[1, 0, 1, 1, 2, 1, 0, 0, 0]
C4[1, 1, 1, 0, 0, 0, 0, 0, 0]
C4[1, 0, 1, 1, 1, 0, 0, 0, 0]
C4[1, 1, 0, 0, 0, 1, 0, 0, 0]
C4[1, 1, 0, 0, 0, 2, 0, 0, 0]
C4[1, 1, 0, 1, 0, 1, 0, 0, 0]
C4[1, 1, 0, 1, 0, 2, 0, 0, 0]
C4[1, 1, 1, 0, 0, 1, 0, 0, 0]
C4[1, 1, 1, 0, 1, 1, 0, 0, 0]
C4[1, 1, 1, 1, 0, 1, 0, 0, 0]
C4[1, 1, 1, 1, 0, 2, 0, 0, 0]
C4[1, 1, 1, 2, 0, 1, 0, 0, 0]
C4[1, 1, 1, 1, 1, 0, 0, 0, 0]
C4[1, 1, 1, 1, 1, 1, 0, 0, 0]
C5[0, 0, 0, 1, 1, 1, 0, 0, 0]
C5[0, 0, 1, 0, 1, 0, 0, 0, 0]
C5[0, 0, 1, 0, 1, 1, 0, 0, 0]
C5[0, 0, 1, 1, 0, 0, 0, 0, 0]
C5[0, 0, 1, 1, 0, 1, 0, 0, 0]
C5[0, 0, 1, 1, 1, 0, 0, 0, 0]
C5[0, 0, 1, 1, 1, 1, 0, 0, 0]
C5[0, 0, 1, 1, 2, 0, 0, 0, 0]
C5[0, 0, 1, 2, 1, 0, 0, 0, 0]
C5[0, 1, 1, 1, 0, 1, 0, 0, 0]
C5[0, 1, 1, 1, 0, 2, 0, 0, 0]
C5[0, 1, 1, 1, 1, 1, 0, 0, 0]
C5[0, 1, 1, 1, 1, 2, 0, 0, 0]
C5[0, 1, 1, 1, 2, 1, 0, 0, 0]
C5[0, 1, 1, 2, 0, 1, 0, 0, 0]
C5[0, 1, 1, 2, 1, 1, 0, 0, 0]
C5[1, 0, 1, 1, 1, 0, 0, 0, 0]
C5[1, 0, 1, 1, 2, 0, 0, 0, 0]
C5[1, 0, 1, 0, 1, 0, 0, 0, 0]
C5[1, 0, 1, 0, 1, 1, 0, 0, 0]
C5[1, 0, 1, 0, 1, 2, 0, 0, 0]
C5[1, 0, 1, 0, 2, 1, 0, 0, 0]
C5[1, 0, 1, 1, 1, 1, 0, 0, 0]
C5[1, 0, 1, 1, 1, 2, 0, 0, 0]
C5[1, 0, 1, 1, 2, 1, 0, 0, 0]
C5[1, 0, 1, 2, 1, 1, 0, 0, 0]
C5[1, 1, 0, 0, 0, 1, 0, 0, 0]
C5[1, 1, 0, 0, 0, 2, 0, 0, 0]
C5[1, 1, 0, 0, 1, 1, 0, 0, 0]
C5[1, 1, 0, 0, 1, 2, 0, 0, 0]
C5[1, 1, 0, 1, 0, 1, 0, 0, 0]
C5[1, 1, 0, 1, 0, 2, 0, 0, 0]
C5[1, 1, 0, 1, 1, 1, 0, 0, 0]
C5[1, 1, 0, 1, 1, 2, 0, 0, 0]
C5[1, 1, 0, 1, 2, 1, 0, 0, 0]
C5[1, 1, 1, 0, 0, 0, 0, 0, 0]
C5[1, 1, 1, 0, 0, 1, 0, 0, 0]
C5[1, 1, 1, 0, 1, 1, 0, 0, 0]
C5[1, 1, 1, 0, 1, 2, 0, 0, 0]
C5[1, 1, 1, 0, 2, 1, 0, 0, 0]
C5[1, 1, 1, 1, 0, 1, 0, 0, 0]
C5[1, 1, 1, 1, 0, 2, 0, 0, 0]
C5[1, 1, 1, 2, 0, 1, 0, 0, 0]
C5[1, 1, 1, 1, 1, 0, 0, 0, 0]
C5[1, 1, 1, 1, 2, 0, 0, 0, 0]
C5[1, 1, 1, 1, 1, 1, 0, 0, 0]
C5[1, 1, 1, 1, 1, 2, 0, 0, 0]
C5[1, 2, 1, 1, 1, 1, 0, 0, 0]
B10bis[0, 0, 0, 1, 1, 1, 0, 0, 0]
B10bis[0, 0, 1, 1, 1, 0, 0, 0, 0]
B10bis[0, 0, 1, 1, 1, 1, 0, 0, 0]
B10bis[0, 1, 0, 0, 1, 0, 0, 0, 0]
B10bis[0, 1, 0, 0, 1, 1, 0, 0, 0]
B10bis[0, 1, 0, 0, 1, 2, 0, 0, 0]
B10bis[0, 1, 0, 0, 2, 1, 0, 0, 0]
B10bis[0, 1, 1, 0, 0, 1, 0, 0, 0]
B10bis[0, 0, 1, 1, 2, 0, 0, 0, 0]
B10bis[0, 1, 0, 1, 1, 0, 0, 0, 0]
B10bis[0, 1, 0, 1, 1, 1, 0, 0, 0]
B10bis[0, 1, 1, 1, 0, 1, 0, 0, 0]
B10bis[0, 1, 1, 1, 1, 1, 0, 0, 0]
B10bis[0, 1, 0, 0, 0, 1, 0, 0, 0]
B10bis[1, 1, 0, 0, 1, 1, 0, 0, 0]
B10bis[0, 1, 0, 1, 0, 1, 0, 0, 0]
B10bis[1, 1, 0, 1, 1, 0, 0, 0, 0]
B10bis[1, 1, 0, 1, 1, 1, 0, 0, 0]
B10bis[1, 1, 0, 1, 1, 2, 0, 0, 0]
B10bis[1, 1, 0, 1, 2, 0, 0, 0, 0]
B10bis[1, 1, 0, 1, 2, 1, 0, 0, 0]
B10bis[1, 1, 0, 2, 1, 0, 0, 0, 0]
B10bis[1, 1, 0, 2, 1, 1, 0, 0, 0]
B12bis[0, 0, 1, 1, 1, 0, 0, 0, 0]
B12bis[0, 1, 1, 0, 1, 0, 0, 0, 0]
B12bis[0, 1, 1, 0, 1, 1, 0, 0, 0]
B12bis[0, 1, 1, 1, 0, 1, 0, 0, 0]
B12bis[0, 1, 1, 1, 1, 0, 0, 0, 0]
B12bis[0, 1, 1, 1, 1, 1, 0, 0, 0]
B12bis[0, 1, 1, 0, 0, 1, 0, 0, 0]
B12bis[0, 0, 1, 1, 2, 0, 0, 0, 0]
B12bis[0, 0, 2, 1, 1, 0, 0, 0, 0]
B12bis[0, 1, 0, 0, 1, 0, 0, 0, 0]
B12bis[0, 1, 1, 0, 0, 0, 0, 0, 0]
B12bis[1, 0, 1, 1, 1, 0, 0, 0, 0]
B12bis[1, 1, 1, 0, 0, 1, 0, 0, 0]
B12bis[1, 1, 1, 0, 1, 1, 0, 0, 0]
B12bis[0, 1, 0, 1, 1, 0, 0, 0, 0]
B12bis[0, 1, 1, 1, 0, 0, 0, 0, 0]
B12bis[1, 1, 0, 1, 1, 0, 0, 0, 0]
B12bis[1, 1, 0, 1, 2, 0, 0, 0, 0]
B12bis[1, 1, 0, 2, 1, 0, 0, 0, 0]
B12bis[1, 1, 1, 1, 1, 0, 0, 0, 0]
B12bis[1, 1, 1, 1, 2, 0, 0, 0, 0]
B12bis[1, 1, 1, 2, 1, 0, 0, 0, 0]
B12bis[1, 1, 2, 1, 1, 0, 0, 0, 0]
B12bis[1, 1, 1, 1, 0, 1, 0, 0, 0]
B12bis[1, 1, 1, 1, 1, 1, 0, 0, 0]
B11bis[0, 0, 1, 1, 1, 0, 0, 0, 0]
B11bis[0, 1, 1, 0, 1, 0, 0, 0, 0]
B11bis[0, 1, 1, 1, 1, 0, 0, 0, 0]
B11bis[0, 1, 1, 1, 0, 1, 0, 0, 0]
B11bis[0, 1, 1, 1, 1, 1, 0, 0, 0]
B11bis[0, 0, 1, 1, 2, 0, 0, 0, 0]
B11bis[0, 0, 1, 2, 1, 0, 0, 0, 0]
B11bis[0, 1, 0, 0, 1, 0, 0, 0, 0]
B11bis[0, 1, 0, 1, 1, 0, 0, 0, 0]
B11bis[0, 1, 1, 0, 0, 0, 0, 0, 0]
B11bis[0, 1, 1, 1, 0, 0, 0, 0, 0]
B11bis[1, 0, 1, 0, 1, 1, 0, 0, 0]
B11bis[1, 0, 1, 1, 1, 0, 0, 0, 0]
B11bis[1, 0, 1, 1, 2, 0, 0, 0, 0]
B11bis[1, 1, 0, 0, 1, 0, 0, 0, 0]
B11bis[1, 1, 1, 0, 0, 1, 0, 0, 0]
B11bis[1, 1, 1, 0, 1, 1, 0, 0, 0]
B11bis[1, 1, 0, 1, 1, 0, 0, 0, 0]
B11bis[1, 1, 0, 1, 2, 0, 0, 0, 0]
B11bis[1, 1, 0, 2, 1, 0, 0, 0, 0]
B11bis[1, 1, 1, 1, 1, 0, 0, 0, 0]
B11bis[1, 1, 1, 1, 2, 0, 0, 0, 0]
B11bis[1, 1, 1, 2, 1, 0, 0, 0, 0]
B11bis[1, 1, 2, 1, 1, 0, 0, 0, 0]
B11bis[1, 1, 1, 1, 0, 1, 0, 0, 0]
B11bis[1, 1, 1, 1, 1, 1, 0, 0, 0]
B11bis[0, 0, 1, 1, 1, 0, 0, 0, 0]
B11bis[0, 1, 1, 0, 1, 0, 0, 0, 0]
B11bis[0, 1, 1, 1, 1, 0, 0, 0, 0]
B11bis[0, 1, 1, 1, 0, 1, 0, 0, 0]
B11bis[0, 1, 1, 1, 1, 1, 0, 0, 0]
B11bis[0, 0, 1, 1, 2, 0, 0, 0, 0]
B11bis[0, 0, 1, 2, 1, 0, 0, 0, 0]
B11bis[0, 1, 0, 0, 1, 0, 0, 0, 0]
B11bis[0, 1, 0, 1, 1, 0, 0, 0, 0]
B11bis[0, 1, 1, 0, 0, 0, 0, 0, 0]
B11bis[0, 1, 1, 1, 0, 0, 0, 0, 0]
B11bis[1, 0, 1, 0, 1, 1, 0, 0, 0]
B11bis[1, 0, 1, 1, 1, 0, 0, 0, 0]
B11bis[1, 0, 1, 1, 2, 0, 0, 0, 0]
B11bis[1, 1, 0, 0, 1, 0, 0, 0, 0]
B11bis[1, 1, 1, 0, 0, 1, 0, 0, 0]
B11bis[1, 1, 1, 0, 1, 1, 0, 0, 0]
B11bis[1, 1, 0, 1, 1, 0, 0, 0, 0]
B11bis[1, 1, 0, 1, 2, 0, 0, 0, 0]
B11bis[1, 1, 0, 2, 1, 0, 0, 0, 0]
B11bis[1, 1, 1, 1, 1, 0, 0, 0, 0]
B11bis[1, 1, 1, 1, 2, 0, 0, 0, 0]
B11bis[1, 1, 1, 2, 1, 0, 0, 0, 0]
B11bis[1, 1, 2, 1, 1, 0, 0, 0, 0]
B11bis[1, 1, 1, 1, 0, 1, 0, 0, 0]
B11bis[1, 1, 1, 1, 1, 1, 0, 0, 0]
B8bis[0, 0, 1, 1, 1, 0, 0, 0, 0]
B8bis[0, 0, 1, 1, 2, 0, 0, 0, 0]
B8bis[0, 1, 1, 0, 0, 1, 0, 0, 0]
B8bis[0, 1, 1, 0, 1, 0, 0, 0, 0]
B8bis[0, 1, 1, 1, 0, 1, 0, 0, 0]
B8bis[0, 1, 1, 1, 1, 0, 0, 0, 0]
B8bis[0, 1, 1, 1, 1, 1, 0, 0, 0]
B8bis[1, 1, 0, 0, 0, 0, 0, 0, 0]
B8bis[1, 1, 0, 0, 1, 0, 0, 0, 0]
B8bis[1, 0, 1, 1, 1, 0, 0, 0, 0]
B8bis[1, 0, 1, 1, 2, 0, 0, 0, 0]
B8bis[1, 1, 1, 0, 0, 1, 0, 0, 0]
B8bis[1, 1, 0, 1, 0, 0, 0, 0, 0]
B8bis[1, 1, 0, 1, 1, 0, 0, 0, 0]
B8bis[1, 1, 0, 1, 2, 0, 0, 0, 0]
B8bis[1, 1, 0, 2, 1, 0, 0, 0, 0]
B8bis[1, 1, 1, 1, 1, 0, 0, 0, 0]
B8bis[1, 1, 1, 1, 2, 0, 0, 0, 0]
B8bis[1, 1, 1, 2, 1, 0, 0, 0, 0]
B8bis[1, 1, 1, 1, 0, 1, 0, 0, 0]
B8bis[1, 1, 1, 1, 1, 1, 0, 0, 0]
C5bis[0, 0, 0, 1, 1, 1, 0, 0, 0]
C5bis[0, 0, 1, 0, 1, 0, 0, 0, 0]
C5bis[0, 0, 1, 0, 1, 1, 0, 0, 0]
C5bis[0, 0, 1, 1, 0, 0, 0, 0, 0]
C5bis[0, 0, 1, 1, 0, 1, 0, 0, 0]
C5bis[0, 0, 1, 1, 1, 0, 0, 0, 0]
C5bis[0, 0, 1, 1, 1, 1, 0, 0, 0]
C5bis[0, 0, 1, 1, 2, 0, 0, 0, 0]
C5bis[0, 0, 1, 2, 1, 0, 0, 0, 0]
C5bis[0, 1, 1, 1, 0, 1, 0, 0, 0]
C5bis[0, 1, 1, 1, 0, 2, 0, 0, 0]
C5bis[0, 1, 1, 1, 1, 1, 0, 0, 0]
C5bis[0, 1, 1, 1, 1, 2, 0, 0, 0]
C5bis[0, 1, 1, 1, 2, 1, 0, 0, 0]
C5bis[0, 1, 1, 2, 0, 1, 0, 0, 0]
C5bis[0, 1, 1, 2, 1, 1, 0, 0, 0]
C5bis[1, 0, 1, 1, 1, 0, 0, 0, 0]
C5bis[1, 0, 1, 1, 2, 0, 0, 0, 0]
C5bis[1, 0, 1, 0, 1, 0, 0, 0, 0]
C5bis[1, 0, 1, 0, 1, 1, 0, 0, 0]
C5bis[1, 0, 1, 0, 1, 2, 0, 0, 0]
C5bis[1, 0, 1, 0, 2, 1, 0, 0, 0]
C5bis[1, 0, 1, 1, 1, 1, 0, 0, 0]
C5bis[1, 0, 1, 1, 1, 2, 0, 0, 0]
C5bis[1, 0, 1, 1, 2, 1, 0, 0, 0]
C5bis[1, 0, 1, 2, 1, 1, 0, 0, 0]
C5bis[1, 1, 0, 0, 0, 1, 0, 0, 0]
C5bis[1, 1, 0, 0, 0, 2, 0, 0, 0]
C5bis[1, 1, 0, 0, 1, 1, 0, 0, 0]
C5bis[1, 1, 0, 0, 1, 2, 0, 0, 0]
C5bis[1, 1, 0, 1, 0, 1, 0, 0, 0]
C5bis[1, 1, 0, 1, 0, 2, 0, 0, 0]
C5bis[1, 1, 0, 1, 1, 1, 0, 0, 0]
C5bis[1, 1, 0, 1, 1, 2, 0, 0, 0]
C5bis[1, 1, 0, 1, 2, 1, 0, 0, 0]
C5bis[1, 1, 1, 0, 0, 0, 0, 0, 0]
C5bis[1, 1, 1, 0, 0, 1, 0, 0, 0]
C5bis[1, 1, 1, 0, 1, 1, 0, 0, 0]
C5bis[1, 1, 1, 0, 1, 2, 0, 0, 0]
C5bis[1, 1, 1, 0, 2, 1, 0, 0, 0]
C5bis[1, 1, 1, 1, 0, 1, 0, 0, 0]
C5bis[1, 1, 1, 1, 0, 2, 0, 0, 0]
C5bis[1, 1, 1, 2, 0, 1, 0, 0, 0]
C5bis[1, 1, 1, 1, 1, 0, 0, 0, 0]
C5bis[1, 1, 1, 1, 2, 0, 0, 0, 0]
C5bis[1, 1, 1, 1, 1, 1, 0, 0, 0]
C5bis[1, 1, 1, 1, 1, 2, 0, 0, 0]
C5bis[1, 2, 1, 1, 1, 1, 0, 0, 0]