0
20 6
11 3
0 0 0 0 0 0 0 0 1 0 
1 0 0 0 0 0 0 0 0 0 
0 1 0 0 0 0 0 0 0 0 
1 0 1 0 0 -1 0 0 0 s 
1 -1 -1 0 1 0 0 0 1 -m2^2 
0 2 0 -1 0 0 0 0 0 2*s 
2 0 0 0 0 0 0 -1 0 2*m1^2 
0 1 0 0 0 0 -1 0 1 m2^2+t 
2 0 -1 0 0 0 0 0 0 2*m1^2 

0
20 7
12 7
0 0 1 0 0 0 0 0 0 0 
0 1 0 0 0 0 0 0 0 0 
1 0 0 0 0 0 0 0 0 0 
0 0 0 1 0 0 0 0 0 0 
1 3 1 0 -1 0 0 0 -1 m2^2+2*m1^2 
1 0 1 0 0 -1 0 0 0 s 
0 0 0 0 0 0 1 0 0 0 
1 0 1 0 0 0 0 -1 0 m2^2+t 
0 0 0 0 0 0 0 0 1 0 

0
20 12
11 3
0 0 0 0 0 0 0 0 1 0 
1 0 -1 0 0 1 0 0 0 s 
0 1 0 0 0 0 0 0 0 0 
1 0 0 0 0 0 0 0 0 0 
1 0 -2 -1 1 1 0 0 1 2*s-m2^2 
0 2 0 -1 0 0 0 0 0 2*s 
2 0 -1 0 0 1 0 -1 0 2*s+2*m1^2 
0 1 0 0 0 0 -1 0 1 m2^2+t 
2 0 -2 0 0 1 0 0 0 2*s+2*m1^2 

0
20 13
12 7
0 0 1 0 0 0 0 0 0 0 
0 2 0 -1 0 0 0 0 0 2*s 
1 0 0 0 0 0 0 0 0 0 
0 1 0 0 0 0 0 0 0 0 
1 4 2 -1 -1 -1 0 0 -1 2*s+m2^2+2*m1^2 
1 0 1 0 0 -1 0 0 0 s 
0 1 0 -1 0 0 1 0 0 3*s 
1 0 1 0 0 0 0 -1 0 m2^2+t 
0 1 0 -1 0 0 0 0 1 3*s 

0
20 14
12 11
2 0 -1 0 0 0 0 0 0 2*m2^2 
0 1 0 0 0 0 0 0 0 0 
1 0 0 0 0 0 0 0 0 0 
0 0 0 1 0 0 0 0 0 0 
1 -1 -1 0 1 0 0 0 1 m2^2-2*m1^2 
1 0 -1 0 0 1 0 0 0 s 
0 0 0 0 0 0 1 0 0 0 
1 0 -1 0 0 0 0 1 0 m2^2+t 
0 0 0 0 0 0 0 0 1 0 

0
20 15
12 15
0 0 1 0 0 0 0 0 0 0 
0 1 0 0 0 0 0 0 0 0 
1 0 0 0 0 0 0 0 0 0 
0 0 0 1 0 0 0 0 0 0 
1 3 1 0 -1 0 0 0 -1 m2^2+2*m1^2 
1 0 1 0 0 -1 0 0 0 s 
0 0 0 0 0 0 1 0 0 0 
1 0 1 0 0 0 0 -1 0 m2^2+t 
0 0 0 0 0 0 0 0 1 0 

0
20 18
5 17
0 1 0 0 0 0 0 0 0 0 
1 0 0 0 0 0 0 0 0 0 
0 2 0 0 0 0 0 0 -1 -m2^2 
1 0 1 0 0 -1 0 0 0 s 
0 0 0 0 1 0 0 0 0 0 
0 3 0 -1 0 0 0 0 -1 s-m2^2 
2 0 0 0 0 0 0 -1 0 2*m1^2 
0 2 0 0 0 0 -1 0 0 0 
2 0 -1 0 0 0 0 0 0 2*m1^2 

0
20 19
5 19
0 1 0 0 0 0 0 0 0 0 
1 0 0 0 0 0 0 0 0 0 
0 2 0 0 0 0 0 0 -1 -m2^2 
1 0 1 0 0 -1 0 0 0 s 
0 0 0 0 1 0 0 0 0 0 
0 3 0 -1 0 0 0 0 -1 s-m2^2 
2 0 0 0 0 0 0 -1 0 2*m1^2 
0 2 0 0 0 0 -1 0 0 0 
2 0 -1 0 0 0 0 0 0 2*m1^2 

0
20 20
11 3
0 0 0 0 0 0 0 0 1 0 
1 3 1 0 -1 0 0 0 -1 3*m2^2 
0 1 0 0 0 0 0 0 0 0 
1 4 2 -1 -1 -1 0 0 -1 2*s+3*m2^2 
1 0 0 0 0 0 0 0 0 0 
0 2 0 -1 0 0 0 0 0 2*s 
2 4 1 0 -1 0 -1 -1 -1 4*m2^2+2*m1^2 
0 1 0 0 0 0 -1 0 1 m2^2+t 
2 4 0 0 -1 0 0 0 -2 4*m2^2+2*m1^2 

0
20 21
12 7
0 0 1 0 0 0 0 0 0 0 
1 -1 -1 0 1 0 0 0 1 m2^2-2*m1^2 
1 0 0 0 0 0 0 0 0 0 
1 -2 0 1 1 -1 0 0 1 m2^2-2*m1^2 
0 1 0 0 0 0 0 0 0 0 
1 0 1 0 0 -1 0 0 0 s 
2 -2 -1 0 1 0 1 -1 1 2*m2^2-2*m1^2 
1 0 1 0 0 0 0 -1 0 m2^2+t 
2 -2 -2 0 1 0 0 0 2 2*m2^2-2*m1^2 

0
20 22
14 56
-1 0 1 0 0 1 0 0 0 -s+m2^2 
0 0 0 0 1 0 0 0 0 0 
0 0 0 0 0 1 0 0 0 0 
0 -1 1 1 1 -1 0 0 0 s-m2^2 
0 0 0 1 0 0 0 0 0 0 
0 0 1 0 0 0 0 0 0 -m2^2 
1 -1 0 0 1 0 1 -1 0 t 
0 0 1 0 0 1 0 -1 0 m2^2+2*t 
1 -1 -1 0 1 0 0 0 1 0 

1
20 23
14 57
1 0 0 0 0 0 0 0 0 0 
0 0 0 1 0 0 0 0 0 0 
0 0 0 0 0 1 0 0 0 0 
0 1 0 0 0 0 0 0 0 0 
0 0 0 0 1 0 0 0 0 0 
0 1 0 0 0 0 0 0 0 0 
0 1 0 0 0 0 0 0 0 0 
0 1 0 0 0 0 0 0 0 0 
0 1 0 0 0 0 0 0 0 0 

0
20 24
5 17
0 0 0 1 0 0 0 0 0 0 
1 0 -1 0 0 1 0 0 0 s 
0 1 0 1 0 0 0 0 -1 s-m2^2 
1 0 0 0 0 0 0 0 0 0 
0 0 0 0 1 0 0 0 0 0 
0 2 0 0 0 0 0 0 -1 -m2^2 
2 0 -1 0 0 1 0 -1 0 2*s+2*m1^2 
0 1 0 1 0 0 -1 0 0 s 
2 0 -2 0 0 1 0 0 0 2*s+2*m1^2 

1
20 25
5 19
0 1 0 0 0 0 0 0 0 0 
0 0 1 0 0 0 0 0 0 0 
0 0 1 0 0 0 0 0 0 0 
1 0 0 0 0 0 0 0 0 0 
0 0 0 0 1 0 0 0 0 0 
0 0 1 0 0 0 0 0 0 0 
0 0 1 0 0 0 0 0 0 0 
0 0 1 0 0 0 0 0 0 0 
0 0 1 0 0 0 0 0 0 0 

0
20 26
8 26
1 0 0 0 0 0 0 0 0 0 
0 1 0 0 0 0 0 0 0 0 
0 0 1 0 0 0 0 0 0 -m2^2 
0 0 0 1 0 0 0 0 0 0 
0 0 0 0 1 0 0 0 0 0 
0 0 0 0 0 1 0 0 0 -m2^2 
0 0 0 0 0 0 1 0 0 0 
0 0 0 0 0 0 0 1 0 0 
0 0 0 0 0 0 0 0 1 0 

0
20 27
8 27
1 0 0 0 0 0 0 0 0 0 
0 1 0 0 0 0 0 0 0 0 
0 0 1 0 0 0 0 0 0 -m2^2 
0 0 0 1 0 0 0 0 0 0 
0 0 0 0 1 0 0 0 0 0 
0 0 0 0 0 1 0 0 0 -m2^2 
0 0 0 0 0 0 1 0 0 0 
0 0 0 0 0 0 0 1 0 0 
0 0 0 0 0 0 0 0 1 0 

0
20 28
14 50
-1 0 1 0 0 1 0 0 0 -s+m2^2 
0 1 -1 -1 1 1 0 0 0 s+m2^2 
0 0 0 0 0 1 0 0 0 0 
0 0 0 0 1 0 0 0 0 0 
0 1 0 0 0 0 0 0 0 0 
0 0 1 0 0 0 0 0 0 -m2^2 
1 0 -1 -1 1 1 1 -1 0 2*s+m2^2+t 
0 0 1 0 0 1 0 -1 0 m2^2+2*t 
1 0 -2 -1 1 1 0 0 1 2*s+m2^2 

1
20 29
14 51
1 0 0 0 0 0 0 0 0 0 
0 0 1 0 0 0 0 0 0 0 
0 0 0 0 0 1 0 0 0 0 
0 1 0 0 0 0 0 0 0 0 
0 0 0 0 1 0 0 0 0 0 
0 0 1 0 0 0 0 0 0 0 
0 0 1 0 0 0 0 0 0 0 
0 0 1 0 0 0 0 0 0 0 
0 0 1 0 0 0 0 0 0 0 

0
20 30
14 58
-1 0 1 0 0 1 0 0 0 -s+m2^2 
0 0 0 1 0 0 0 0 0 0 
0 0 0 0 0 1 0 0 0 0 
0 1 0 0 0 0 0 0 0 0 
0 0 0 0 1 0 0 0 0 0 
0 0 1 0 0 0 0 0 0 -m2^2 
0 1 0 1 0 0 -1 0 0 s+2*m1^2 
0 0 1 0 0 1 0 -1 0 m2^2+2*t 
0 1 0 1 0 0 0 0 -1 s+2*m1^2 

1
20 31
14 59
1 0 0 0 0 0 0 0 0 0 
0 0 0 1 0 0 0 0 0 0 
0 0 0 0 0 1 0 0 0 0 
0 1 0 0 0 0 0 0 0 0 
0 0 0 0 1 0 0 0 0 0 
0 0 1 0 0 0 0 0 0 0 
0 0 1 0 0 0 0 0 0 0 
0 0 1 0 0 0 0 0 0 0 
0 0 1 0 0 0 0 0 0 0 

0
20 34
11 3
0 -1 0 1 0 0 0 0 1 -s 
1 0 0 0 0 0 0 0 0 0 
0 0 0 1 0 0 0 0 0 0 
1 0 1 0 0 -1 0 0 0 s 
1 -2 0 1 1 -1 0 0 1 -m2^2 
0 1 0 0 0 0 0 0 0 0 
2 0 0 0 0 0 0 -1 0 2*m1^2 
0 0 0 1 0 0 -1 0 1 m2^2+t 
2 0 -1 0 0 0 0 0 0 2*m1^2 

1
20 35
12 7
0 0 1 0 0 0 0 0 0 0 
0 1 0 0 0 0 0 0 0 0 
0 0 0 1 0 0 0 0 0 0 
0 0 0 1 0 0 0 0 0 0 
0 0 0 1 0 0 0 0 0 0 
1 0 0 0 0 0 0 0 0 0 
0 0 0 1 0 0 0 0 0 0 
0 0 0 1 0 0 0 0 0 0 
0 0 0 1 0 0 0 0 0 0 

0
20 38
11 11
0 2 0 0 0 0 0 0 -1 2*m2^2 
1 0 0 0 0 0 0 0 0 0 
0 1 0 0 0 0 0 0 0 0 
1 0 1 0 0 -1 0 0 0 s 
1 3 1 0 -1 0 0 0 -1 3*m2^2 
0 0 0 1 0 0 0 0 0 0 
2 0 0 0 0 0 0 -1 0 2*m1^2 
0 1 0 0 0 0 1 0 -1 m2^2+t 
2 0 -1 0 0 0 0 0 0 2*m1^2 

0
20 39
19 53
1 0 0 0 0 0 0 0 0 0 
0 0 0 0 1 0 0 0 0 0 
0 0 1 0 0 0 0 0 0 0 
0 -1 1 1 1 -1 0 0 0 s 
0 -1 2 0 2 0 0 0 0 m2^2+m1^2 
0 0 0 0 0 1 0 0 0 0 
1 -1 0 0 1 0 1 -1 0 -m2^2+m1^2+t 
0 0 0 0 0 0 0 1 0 0 
1 -1 -1 0 1 0 0 0 1 -2*m2^2+m1^2 

0
20 40
11 3
0 -1 0 1 0 0 0 0 1 -s 
1 0 -1 0 0 1 0 0 0 s 
0 0 0 1 0 0 0 0 0 0 
1 0 0 0 0 0 0 0 0 0 
1 -1 -1 0 1 0 0 0 1 -m2^2 
0 1 0 0 0 0 0 0 0 0 
2 0 -1 0 0 1 0 -1 0 2*s+2*m1^2 
0 0 0 1 0 0 -1 0 1 m2^2+t 
2 0 -2 0 0 1 0 0 0 2*s+2*m1^2 

1
20 41
12 7
0 0 1 0 0 0 0 0 0 0 
0 0 0 1 0 0 0 0 0 0 
0 0 0 1 0 0 0 0 0 0 
0 1 0 0 0 0 0 0 0 0 
0 0 0 1 0 0 0 0 0 0 
1 0 0 0 0 0 0 0 0 0 
0 0 0 1 0 0 0 0 0 0 
0 0 0 1 0 0 0 0 0 0 
0 0 0 1 0 0 0 0 0 0 

0
20 42
12 11
2 0 0 0 0 -1 0 0 0 2*m2^2 
0 0 0 1 0 0 0 0 0 0 
1 0 1 0 0 -1 0 0 0 s 
0 1 0 0 0 0 0 0 0 0 
1 3 1 0 -1 0 0 0 -1 m2^2+2*m1^2 
1 0 0 0 0 0 0 0 0 0 
0 1 0 1 0 0 -1 0 0 s+2*m1^2 
1 0 0 0 0 -1 0 1 0 s+m2^2+t 
0 1 0 1 0 0 0 0 -1 s+2*m1^2 

1
20 43
12 15
0 0 1 0 0 0 0 0 0 0 
0 0 0 1 0 0 0 0 0 0 
0 0 0 0 1 0 0 0 0 0 
0 1 0 0 0 0 0 0 0 0 
0 0 0 0 1 0 0 0 0 0 
1 0 0 0 0 0 0 0 0 0 
0 0 0 0 1 0 0 0 0 0 
0 0 0 0 1 0 0 0 0 0 
0 0 0 0 1 0 0 0 0 0 

0
20 44
11 11
0 2 0 0 0 0 0 0 -1 2*m2^2 
1 0 -1 0 0 1 0 0 0 s 
0 1 0 0 0 0 0 0 0 0 
1 0 0 0 0 0 0 0 0 0 
1 2 0 1 -1 1 0 0 -1 3*m2^2 
0 0 0 1 0 0 0 0 0 0 
2 0 -1 0 0 1 0 -1 0 2*s+2*m1^2 
0 1 0 0 0 0 1 0 -1 m2^2+t 
2 0 -2 0 0 1 0 0 0 2*s+2*m1^2 

0
20 45
19 53
1 0 0 0 0 0 0 0 0 0 
0 1 -1 -1 1 1 0 0 0 s 
0 0 1 0 0 0 0 0 0 0 
0 0 0 0 1 0 0 0 0 0 
0 0 0 -1 2 2 0 0 0 m2^2+m1^2 
0 0 0 0 0 1 0 0 0 0 
1 0 -1 -1 1 1 1 -1 0 2*s-m2^2+m1^2+t 
0 0 0 0 0 0 0 1 0 0 
1 0 -2 -1 1 1 0 0 1 2*s-2*m2^2+m1^2 

0
20 48
11 3
0 -1 0 1 0 0 0 0 1 -s 
1 2 0 1 -1 1 0 0 -1 3*m2^2 
0 0 0 1 0 0 0 0 0 0 
1 3 1 0 -1 0 0 0 -1 3*m2^2 
1 0 0 0 0 0 0 0 0 0 
0 1 0 0 0 0 0 0 0 0 
2 3 0 1 -1 1 -1 -1 -1 s+4*m2^2+2*m1^2 
0 0 0 1 0 0 -1 0 1 m2^2+t 
2 3 -1 1 -1 1 0 0 -2 s+4*m2^2+2*m1^2 

1
20 49
12 7
0 0 1 0 0 0 0 0 0 0 
0 0 0 1 0 0 0 0 0 0 
0 0 0 1 0 0 0 0 0 0 
0 0 0 1 0 0 0 0 0 0 
0 1 0 0 0 0 0 0 0 0 
1 0 0 0 0 0 0 0 0 0 
0 0 0 1 0 0 0 0 0 0 
0 0 0 1 0 0 0 0 0 0 
0 0 0 1 0 0 0 0 0 0 

0
20 50
14 50
1 0 0 0 0 0 0 0 0 0 
0 1 0 0 0 0 0 0 0 0 
0 0 1 0 0 0 0 0 0 -m2^2 
0 0 0 1 0 0 0 0 0 0 
0 0 0 0 1 0 0 0 0 0 
0 0 0 0 0 1 0 0 0 0 
0 0 0 0 0 0 1 0 0 0 
0 0 0 0 0 0 0 1 0 0 
0 0 0 0 0 0 0 0 1 0 

0
20 51
14 51
1 0 0 0 0 0 0 0 0 0 
0 1 0 0 0 0 0 0 0 0 
0 0 1 0 0 0 0 0 0 -m2^2 
0 0 0 1 0 0 0 0 0 0 
0 0 0 0 1 0 0 0 0 0 
0 0 0 0 0 1 0 0 0 0 
0 0 0 0 0 0 1 0 0 0 
0 0 0 0 0 0 0 1 0 0 
0 0 0 0 0 0 0 0 1 0 

0
20 52
11 11
0 2 0 0 0 0 0 0 -1 2*m2^2 
1 -1 -1 0 1 0 0 0 1 -m2^2 
0 1 0 0 0 0 0 0 0 0 
1 -2 0 1 1 -1 0 0 1 -m2^2 
1 0 0 0 0 0 0 0 0 0 
0 0 0 1 0 0 0 0 0 0 
2 -2 -1 0 1 0 1 -1 1 -2*m2^2+2*m1^2 
0 1 0 0 0 0 1 0 -1 m2^2+t 
2 -2 -2 0 1 0 0 0 2 -2*m2^2+2*m1^2 

0
20 53
19 53
1 0 0 0 0 0 0 0 0 0 
0 1 0 0 0 0 0 0 0 m2^2-m1^2 
0 0 1 0 0 0 0 0 0 0 
0 0 0 1 0 0 0 0 0 m2^2-m1^2 
0 0 0 0 1 0 0 0 0 0 
0 0 0 0 0 1 0 0 0 0 
0 0 0 0 0 0 1 0 0 0 
0 0 0 0 0 0 0 1 0 0 
0 0 0 0 0 0 0 0 1 0 

0
20 56
14 56
1 0 0 0 0 0 0 0 0 0 
0 1 0 0 0 0 0 0 0 0 
0 0 1 0 0 0 0 0 0 -m2^2 
0 0 0 1 0 0 0 0 0 0 
0 0 0 0 1 0 0 0 0 0 
0 0 0 0 0 1 0 0 0 0 
0 0 0 0 0 0 1 0 0 0 
0 0 0 0 0 0 0 1 0 0 
0 0 0 0 0 0 0 0 1 0 

0
20 57
14 57
1 0 0 0 0 0 0 0 0 0 
0 1 0 0 0 0 0 0 0 0 
0 0 1 0 0 0 0 0 0 -m2^2 
0 0 0 1 0 0 0 0 0 0 
0 0 0 0 1 0 0 0 0 0 
0 0 0 0 0 1 0 0 0 0 
0 0 0 0 0 0 1 0 0 0 
0 0 0 0 0 0 0 1 0 0 
0 0 0 0 0 0 0 0 1 0 

0
20 58
14 58
1 0 0 0 0 0 0 0 0 0 
0 1 0 0 0 0 0 0 0 0 
0 0 1 0 0 0 0 0 0 -m2^2 
0 0 0 1 0 0 0 0 0 0 
0 0 0 0 1 0 0 0 0 0 
0 0 0 0 0 1 0 0 0 0 
0 0 0 0 0 0 1 0 0 0 
0 0 0 0 0 0 0 1 0 0 
0 0 0 0 0 0 0 0 1 0 

0
20 59
14 59
1 0 0 0 0 0 0 0 0 0 
0 1 0 0 0 0 0 0 0 0 
0 0 1 0 0 0 0 0 0 -m2^2 
0 0 0 1 0 0 0 0 0 0 
0 0 0 0 1 0 0 0 0 0 
0 0 0 0 0 1 0 0 0 0 
0 0 0 0 0 0 1 0 0 0 
0 0 0 0 0 0 0 1 0 0 
0 0 0 0 0 0 0 0 1 0 

0
20 60
20 54
-1 0 1 0 0 1 0 0 0 -s+2*m2^2 
0 0 0 1 0 0 0 0 0 0 
0 0 0 0 0 1 0 0 0 0 
0 1 0 0 0 0 0 0 0 0 
0 0 0 0 1 0 0 0 0 0 
0 0 1 0 0 0 0 0 0 0 
0 1 0 1 0 0 -1 0 0 s+2*m1^2 
0 0 1 0 0 1 0 -1 0 2*m2^2+2*t 
0 1 0 1 0 0 0 0 -1 s+2*m1^2 

1
20 61
20 55
1 0 0 0 0 0 0 0 0 0 
0 0 0 1 0 0 0 0 0 0 
0 0 0 0 0 1 0 0 0 0 
0 1 0 0 0 0 0 0 0 0 
0 0 0 0 1 0 0 0 0 0 
0 0 1 0 0 0 0 0 0 0 
0 0 0 1 0 0 0 0 0 0 
0 0 0 1 0 0 0 0 0 0 
0 0 0 1 0 0 0 0 0 0 

