B1[1,1,0,1,1,0,0,0,0] # 27
B1[1,1,0,1,2,0,0,0,0] # 27
B1[0,0,1,1,1,0,0,0,0] # 28
B1[0,0,1,1,2,0,0,0,0] # 28
B2[1,1,0,1,0,0,0,0,0] # 11
B2[1,1,0,0,1,0,0,0,0] # 19
B2[1,1,0,1,1,0,0,0,0] # 27
B2[1,1,0,1,2,0,0,0,0] # 27
B2[1,1,0,2,1,0,0,0,0] # 27
B2[1,0,1,1,1,0,0,0,0] # 29
B2[1,1,1,1,1,0,0,0,0] # 31
B3[0,0,1,1,1,0,0,0,0] # 28
B3[0,0,1,1,2,0,0,0,0] # 28
B3[0,0,1,2,1,0,0,0,0] # 28
B3[1,1,1,1,1,0,0,0,0] # 31
C2[1,1,0,1,1,1,0,0,0] # 59
C2[1,0,1,1,1,1,0,0,0] # 61
C2[1,0,1,1,1,2,0,0,0] # 61
C2[1,1,1,1,1,1,0,0,0] # 63
