B32[-1, 0, 1, 1, 1, 1, 0, 0, 0]
B32[-1, 1, 1, 1, 1, 1, -1, 0, 0]
B32[-1, 1, 1, 1, 1, 1, 0, 0, -1]
B32[-1, 1, 1, 1, 1, 1, 0, 0, 0]
B32[0, -1, 1, 1, 1, 1, 0, 0, 0]
B32[0, 0, 0, 1, 1, 1, 0, 0, 0]
B32[0, 0, 1, 0, 1, 1, 0, 0, 0]
B32[0, 0, 1, 1, 0, 1, 0, 0, 0]
B32[0, 0, 1, 1, 1, 0, 0, 0, 0]
B32[0, 0, 1, 1, 1, 1, -1, 0, 0]
B32[0, 0, 1, 1, 1, 1, 0, -1, 0]
B32[0, 0, 1, 1, 1, 1, 0, 0, -1]
B32[0, 0, 1, 1, 1, 1, 0, 0, 0]
B32[0, 1, 0, 0, 1, 1, 0, 0, 0]
B32[0, 1, 0, 1, 1, 1, -1, 0, 0]
B32[0, 1, 0, 1, 1, 1, 0, 0, 0]
B32[0, 1, 1, -1, 1, 1, 0, 0, 0]
B32[0, 1, 1, 0, 0, 1, 0, 0, 0]
B32[0, 1, 1, 0, 1, 0, 0, 0, 0]
B32[0, 1, 1, 0, 1, 1, -1, 0, 0]
B32[0, 1, 1, 0, 1, 1, 0, -1, 0]
B32[0, 1, 1, 0, 1, 1, 0, 0, -1]
B32[0, 1, 1, 0, 1, 1, 0, 0, 0]
B32[0, 1, 1, 1, 0, 1, -1, 0, 0]
B32[0, 1, 1, 1, 0, 1, 0, 0, -1]
B32[0, 1, 1, 1, 0, 1, 0, 0, 0]
B32[0, 1, 1, 1, 1, 0, -1, 0, 0]
B32[0, 1, 1, 1, 1, 0, 0, 0, -1]
B32[0, 1, 1, 1, 1, 0, 0, 0, 0]
B32[0, 1, 1, 1, 1, 1, -1, -1, 0]
B32[0, 1, 1, 1, 1, 1, -1, 0, -1]
B32[0, 1, 1, 1, 1, 1, -1, 0, 0]
B32[0, 1, 1, 1, 1, 1, 0, -1, -1]
B32[0, 1, 1, 1, 1, 1, 0, -1, 0]
B32[0, 1, 1, 1, 1, 1, 0, 0, -2]
B32[0, 1, 1, 1, 1, 1, 0, 0, -1]
B32[0, 1, 1, 1, 1, 1, 0, 0, 0]
B32[1, -1, 0, 1, 1, 1, 0, 0, 0]
B32[1, -1, 1, 1, 1, 0, 0, 0, 0]
B32[1, -1, 1, 1, 1, 1, 0, -1, 0]
B32[1, -1, 1, 1, 1, 1, 0, 0, 0]
B32[1, 0, -1, 1, 1, 1, 0, 0, 0]
B32[1, 0, 0, 0, 1, 1, 0, 0, 0]
B32[1, 0, 0, 1, 0, 1, 0, 0, 0]
B32[1, 0, 0, 1, 1, 0, 0, 0, 0]
B32[1, 0, 0, 1, 1, 1, -1, 0, 0]
B32[1, 0, 0, 1, 1, 1, 0, -1, 0]
B32[1, 0, 0, 1, 1, 1, 0, 0, -1]
B32[1, 0, 0, 1, 1, 1, 0, 0, 0]
B32[1, 0, 1, 0, 1, 0, 0, 0, 0]
B32[1, 0, 1, 0, 1, 1, 0, -1, 0]
B32[1, 0, 1, 0, 1, 1, 0, 0, 0]
B32[1, 0, 1, 1, 0, 0, 0, 0, 0]
B32[1, 0, 1, 1, 0, 1, 0, -1, 0]
B32[1, 0, 1, 1, 0, 1, 0, 0, 0]
B32[1, 0, 1, 1, 1, -1, 0, 0, 0]
B32[1, 0, 1, 1, 1, 0, -1, 0, 0]
B32[1, 0, 1, 1, 1, 0, 0, -1, 0]
B32[1, 0, 1, 1, 1, 0, 0, 0, -1]
B32[1, 0, 1, 1, 1, 0, 0, 0, 0]
B32[1, 0, 1, 1, 1, 1, -1, -1, 0]
B32[1, 0, 1, 1, 1, 1, -1, 0, 0]
B32[1, 0, 1, 1, 1, 1, 0, -2, 0]
B32[1, 0, 1, 1, 1, 1, 0, -1, -1]
B32[1, 0, 1, 1, 1, 1, 0, -1, 0]
B32[1, 0, 1, 1, 1, 1, 0, 0, -1]
B32[1, 0, 1, 1, 1, 1, 0, 0, 0]
B32[1, 1, -1, 0, 1, 1, 0, 0, 0]
B32[1, 1, -1, 1, 1, 1, -1, 0, 0]
B32[1, 1, -1, 1, 1, 1, 0, 0, -1]
B32[1, 1, -1, 1, 1, 1, 0, 0, 0]
B32[1, 1, 0, 0, 0, 1, 0, 0, 0]
B32[1, 1, 0, 0, 1, 0, 0, 0, 0]
B32[1, 1, 0, 0, 1, 1, -1, 0, 0]
B32[1, 1, 0, 0, 1, 1, 0, -1, 0]
B32[1, 1, 0, 0, 1, 1, 0, 0, -1]
B32[1, 1, 0, 0, 1, 1, 0, 0, 0]
B32[1, 1, 0, 1, 0, 1, -1, 0, 0]
B32[1, 1, 0, 1, 0, 1, 0, 0, -1]
B32[1, 1, 0, 1, 0, 1, 0, 0, 0]
B32[1, 1, 0, 1, 1, 0, -1, 0, 0]
B32[1, 1, 0, 1, 1, 0, 0, 0, -1]
B32[1, 1, 0, 1, 1, 0, 0, 0, 0]
B32[1, 1, 0, 1, 1, 1, -2, 0, 0]
B32[1, 1, 0, 1, 1, 1, -1, -1, 0]
B32[1, 1, 0, 1, 1, 1, -1, 0, -1]
B32[1, 1, 0, 1, 1, 1, -1, 0, 0]
B32[1, 1, 0, 1, 1, 1, 0, -1, -1]
B32[1, 1, 0, 1, 1, 1, 0, -1, 0]
B32[1, 1, 0, 1, 1, 1, 0, 0, -2]
B32[1, 1, 0, 1, 1, 1, 0, 0, -1]
B32[1, 1, 0, 1, 1, 1, 0, 0, 0]
B32[1, 1, 1, -1, 1, 1, 0, -1, 0]
B32[1, 1, 1, -1, 1, 1, 0, 0, 0]
B32[1, 1, 1, 0, 0, 0, 0, 0, 0]
B32[1, 1, 1, 0, 0, 1, 0, -1, 0]
B32[1, 1, 1, 0, 0, 1, 0, 0, 0]
B32[1, 1, 1, 0, 1, 0, -1, 0, 0]
B32[1, 1, 1, 0, 1, 0, 0, -1, 0]
B32[1, 1, 1, 0, 1, 0, 0, 0, -1]
B32[1, 1, 1, 0, 1, 0, 0, 0, 0]
B32[1, 1, 1, 0, 1, 1, -1, -1, 0]
B32[1, 1, 1, 0, 1, 1, -1, 0, 0]
B32[1, 1, 1, 0, 1, 1, 0, -2, 0]
B32[1, 1, 1, 0, 1, 1, 0, -1, -1]
B32[1, 1, 1, 0, 1, 1, 0, -1, 0]
B32[1, 1, 1, 0, 1, 1, 0, 0, -1]
B32[1, 1, 1, 0, 1, 1, 0, 0, 0]
B32[1, 1, 1, 1, -1, 1, 0, 0, 0]
B32[1, 1, 1, 1, 0, 0, -1, 0, 0]
B32[1, 1, 1, 1, 0, 0, 0, 0, -1]
B32[1, 1, 1, 1, 0, 0, 0, 0, 0]
B32[1, 1, 1, 1, 0, 1, -1, 0, 0]
B32[1, 1, 1, 1, 0, 1, 0, -1, -1]
B32[1, 1, 1, 1, 0, 1, 0, -1, 0]
B32[1, 1, 1, 1, 0, 1, 0, 0, -1]
B32[1, 1, 1, 1, 0, 1, 0, 0, 0]
B32[1, 1, 1, 1, 1, -1, -1, 0, 0]
B32[1, 1, 1, 1, 1, -1, 0, 0, -1]
B32[1, 1, 1, 1, 1, -1, 0, 0, 0]
B32[1, 1, 1, 1, 1, 0, -2, 0, 0]
B32[1, 1, 1, 1, 1, 0, -1, -1, 0]
B32[1, 1, 1, 1, 1, 0, -1, 0, -1]
B32[1, 1, 1, 1, 1, 0, -1, 0, 0]
B32[1, 1, 1, 1, 1, 0, 0, -1, -1]
B32[1, 1, 1, 1, 1, 0, 0, -1, 0]
B32[1, 1, 1, 1, 1, 0, 0, 0, -2]
B32[1, 1, 1, 1, 1, 0, 0, 0, -1]
B32[1, 1, 1, 1, 1, 0, 0, 0, 0]
B32[1, 1, 1, 1, 1, 1, -2, 0, 0]
B32[1, 1, 1, 1, 1, 1, -1, -2, 0]
B32[1, 1, 1, 1, 1, 1, -1, -1, -1]
B32[1, 1, 1, 1, 1, 1, -1, -1, 0]
B32[1, 1, 1, 1, 1, 1, -1, 0, -1]
B32[1, 1, 1, 1, 1, 1, -1, 0, 0]
B32[1, 1, 1, 1, 1, 1, 0, -2, 0]
B32[1, 1, 1, 1, 1, 1, 0, -1, -1]
B32[1, 1, 1, 1, 1, 1, 0, -1, 0]
B32[1, 1, 1, 1, 1, 1, 0, 0, -2]
B32[1, 1, 1, 1, 1, 1, 0, 0, -1]
B32[1, 1, 1, 1, 1, 1, 0, 0, 0]
B32[0, 1, 1, 0, 0, 1, 0, 0, 0]
B32[1, 1, 1, 0, 0, 0, 0, 0, 0]
B32[1, 1, 1, 0, 0, 1, 0, -1, 0]
B32[1, 1, 1, 0, 0, 1, 0, 0, 0]
B32[2, 1, -1, 0, 0, 1, 0, 0, 0]
B32[2, 1, 0, 0, 0, 0, 0, 0, 0]
B32[2, 1, 0, 0, 0, 1, 0, -1, 0]
B32[2, 1, 0, 0, 0, 1, 0, 0, 0]
B32[2, 1, 1, 0, 0, -1, 0, 0, 0]
B32[2, 1, 1, 0, 0, 0, 0, -1, 0]
B32[2, 1, 1, 0, 0, 0, 0, 0, 0]
B32[2, 1, 1, 0, 0, 1, 0, -2, 0]
B32[2, 1, 1, 0, 0, 1, 0, -1, 0]
B32[2, 1, 1, 0, 0, 1, 0, 0, 0]
B32[-1, 0, 1, 0, 1, 2, 0, 0, 0]
B32[-1, 0, 1, 1, 0, 2, 0, 0, 0]
B32[-1, 0, 1, 1, 1, 2, 0, 0, 0]
B32[0, -1, 1, 1, 1, 1, 0, 0, 0]
B32[0, 0, 1, 0, 1, 1, 0, 0, 0]
B32[0, 0, 1, 0, 1, 2, 0, -1, 0]
B32[0, 0, 1, 0, 1, 2, 0, 0, 0]
B32[0, 0, 1, 1, 0, 1, 0, 0, 0]
B32[0, 0, 1, 1, 0, 2, 0, -1, 0]
B32[0, 0, 1, 1, 0, 2, 0, 0, 0]
B32[0, 0, 1, 1, 1, 1, -1, 0, 0]
B32[0, 0, 1, 1, 1, 1, 0, 0, -1]
B32[0, 0, 1, 1, 1, 1, 0, 0, 0]
B32[0, 0, 1, 1, 1, 2, 0, -1, 0]
B32[0, 0, 1, 1, 1, 2, 0, 0, 0]
B32[1, -1, 0, 1, 1, 1, 0, 0, 0]
B32[1, -1, 1, 1, 1, 0, 0, 0, 0]
B32[1, -1, 1, 1, 1, 1, 0, -1, 0]
B32[1, -1, 1, 1, 1, 1, 0, 0, 0]
B32[1, 0, -1, 0, 1, 2, 0, 0, 0]
B32[1, 0, -1, 1, 0, 2, 0, 0, 0]
B32[1, 0, -1, 1, 1, 2, 0, 0, 0]
B32[1, 0, 0, 0, 1, 1, 0, 0, 0]
B32[1, 0, 0, 0, 1, 2, 0, -1, 0]
B32[1, 0, 0, 0, 1, 2, 0, 0, 0]
B32[1, 0, 0, 1, 0, 1, 0, 0, 0]
B32[1, 0, 0, 1, 0, 2, 0, -1, 0]
B32[1, 0, 0, 1, 0, 2, 0, 0, 0]
B32[1, 0, 0, 1, 1, 1, -1, 0, 0]
B32[1, 0, 0, 1, 1, 1, 0, 0, -1]
B32[1, 0, 0, 1, 1, 1, 0, 0, 0]
B32[1, 0, 0, 1, 1, 2, 0, -1, 0]
B32[1, 0, 0, 1, 1, 2, 0, 0, 0]
B32[1, 0, 1, 0, 1, 1, 0, -1, 0]
B32[1, 0, 1, 0, 1, 1, 0, 0, 0]
B32[1, 0, 1, 0, 1, 2, 0, -2, 0]
B32[1, 0, 1, 0, 1, 2, 0, -1, 0]
B32[1, 0, 1, 0, 1, 2, 0, 0, 0]
B32[1, 0, 1, 1, 0, 0, 0, 0, 0]
B32[1, 0, 1, 1, 0, 1, 0, -1, 0]
B32[1, 0, 1, 1, 0, 1, 0, 0, 0]
B32[1, 0, 1, 1, 0, 2, 0, -2, 0]
B32[1, 0, 1, 1, 0, 2, 0, -1, 0]
B32[1, 0, 1, 1, 0, 2, 0, 0, 0]
B32[1, 0, 1, 1, 1, 0, -1, 0, 0]
B32[1, 0, 1, 1, 1, 0, 0, 0, -1]
B32[1, 0, 1, 1, 1, 0, 0, 0, 0]
B32[1, 0, 1, 1, 1, 1, -1, -1, 0]
B32[1, 0, 1, 1, 1, 1, -1, 0, 0]
B32[1, 0, 1, 1, 1, 1, 0, -1, -1]
B32[1, 0, 1, 1, 1, 1, 0, -1, 0]
B32[1, 0, 1, 1, 1, 1, 0, 0, -1]
B32[1, 0, 1, 1, 1, 1, 0, 0, 0]
B32[1, 0, 1, 1, 1, 2, 0, -2, 0]
B32[1, 0, 1, 1, 1, 2, 0, -1, 0]
B32[1, 0, 1, 1, 1, 2, 0, 0, 0]
B32[-1, 0, 2, 0, 1, 1, 0, 0, 0]
B32[-1, 1, 2, 0, 0, 1, 0, 0, 0]
B32[-1, 1, 2, 0, 1, 1, 0, 0, 0]
B32[0, 0, 2, 0, 1, 0, 0, 0, 0]
B32[0, 0, 2, 0, 1, 1, 0, -1, 0]
B32[0, 0, 2, 0, 1, 1, 0, 0, 0]
B32[0, 1, 1, -1, 1, 1, 0, 0, 0]
B32[0, 1, 1, 0, 1, 1, -1, 0, 0]
B32[0, 1, 1, 0, 1, 1, 0, 0, -1]
B32[0, 1, 1, 0, 1, 1, 0, 0, 0]
B32[0, 1, 2, 0, 0, 0, 0, 0, 0]
B32[0, 1, 2, 0, 0, 1, 0, -1, 0]
B32[0, 1, 2, 0, 0, 1, 0, 0, 0]
B32[0, 1, 2, 0, 1, 0, 0, 0, 0]
B32[0, 1, 2, 0, 1, 1, 0, -1, 0]
B32[0, 1, 2, 0, 1, 1, 0, 0, 0]
B32[1, 0, 1, 0, 1, 0, 0, 0, 0]
B32[1, 0, 2, 0, 1, -1, 0, 0, 0]
B32[1, 0, 2, 0, 1, 0, 0, -1, 0]
B32[1, 0, 2, 0, 1, 0, 0, 0, 0]
B32[1, 0, 2, 0, 1, 1, 0, -2, 0]
B32[1, 0, 2, 0, 1, 1, 0, -1, 0]
B32[1, 0, 2, 0, 1, 1, 0, 0, 0]
B32[1, 1, 0, -1, 1, 1, 0, 0, 0]
B32[1, 1, 0, 0, 0, 1, 0, 0, 0]
B32[1, 1, 0, 0, 1, 1, -1, 0, 0]
B32[1, 1, 0, 0, 1, 1, 0, 0, -1]
B32[1, 1, 0, 0, 1, 1, 0, 0, 0]
B32[1, 1, 1, -1, 1, 0, 0, 0, 0]
B32[1, 1, 1, -1, 1, 1, 0, -1, 0]
B32[1, 1, 1, -1, 1, 1, 0, 0, 0]
B32[1, 1, 1, 0, 1, 0, -1, 0, 0]
B32[1, 1, 1, 0, 1, 0, 0, 0, -1]
B32[1, 1, 1, 0, 1, 0, 0, 0, 0]
B32[1, 1, 1, 0, 1, 1, -1, -1, 0]
B32[1, 1, 1, 0, 1, 1, -1, 0, 0]
B32[1, 1, 1, 0, 1, 1, 0, -1, -1]
B32[1, 1, 1, 0, 1, 1, 0, -1, 0]
B32[1, 1, 1, 0, 1, 1, 0, 0, -1]
B32[1, 1, 1, 0, 1, 1, 0, 0, 0]
B32[1, 1, 2, 0, 0, -1, 0, 0, 0]
B32[1, 1, 2, 0, 0, 0, 0, -1, 0]
B32[1, 1, 2, 0, 0, 0, 0, 0, 0]
B32[1, 1, 2, 0, 0, 1, 0, -2, 0]
B32[1, 1, 2, 0, 0, 1, 0, -1, 0]
B32[1, 1, 2, 0, 0, 1, 0, 0, 0]
B32[1, 1, 2, 0, 1, -1, 0, 0, 0]
B32[1, 1, 2, 0, 1, 0, 0, -1, 0]
B32[1, 1, 2, 0, 1, 0, 0, 0, 0]
B32[1, 1, 2, 0, 1, 1, 0, -2, 0]
B32[1, 1, 2, 0, 1, 1, 0, -1, 0]
B32[1, 1, 2, 0, 1, 1, 0, 0, 0]