B01[-1, 0, 1, 1, 1, 1, 0, 0, 0]
B01[-1, 1, 1, 0, 1, 1, 0, 0, 0]
B01[-1, 1, 1, 1, 1, 1, -1, 0, 0]
B01[-1, 1, 1, 1, 1, 1, 0, 0, -1]
B01[-1, 1, 1, 1, 1, 1, 0, 0, 0]
B01[0, -1, 1, 1, 1, 1, 0, 0, 0]
B01[0, 0, 0, 1, 1, 1, 0, 0, 0]
B01[0, 0, 1, 0, 1, 1, 0, 0, 0]
B01[0, 0, 1, 1, 0, 1, 0, 0, 0]
B01[0, 0, 1, 1, 1, 0, 0, 0, 0]
B01[0, 0, 1, 1, 1, 1, -1, 0, 0]
B01[0, 0, 1, 1, 1, 1, 0, -1, 0]
B01[0, 0, 1, 1, 1, 1, 0, 0, -1]
B01[0, 0, 1, 1, 1, 1, 0, 0, 0]
B01[0, 1, 0, 0, 1, 1, 0, 0, 0]
B01[0, 1, 0, 1, 1, 1, -1, 0, 0]
B01[0, 1, 0, 1, 1, 1, 0, 0, -1]
B01[0, 1, 0, 1, 1, 1, 0, 0, 0]
B01[0, 1, 1, -1, 1, 1, 0, 0, 0]
B01[0, 1, 1, 0, 0, 1, 0, 0, 0]
B01[0, 1, 1, 0, 1, 0, 0, 0, 0]
B01[0, 1, 1, 0, 1, 1, -1, 0, 0]
B01[0, 1, 1, 0, 1, 1, 0, -1, 0]
B01[0, 1, 1, 0, 1, 1, 0, 0, -1]
B01[0, 1, 1, 0, 1, 1, 0, 0, 0]
B01[0, 1, 1, 1, 0, 1, -1, 0, 0]
B01[0, 1, 1, 1, 0, 1, 0, 0, -1]
B01[0, 1, 1, 1, 0, 1, 0, 0, 0]
B01[0, 1, 1, 1, 1, 0, -1, 0, 0]
B01[0, 1, 1, 1, 1, 0, 0, 0, -1]
B01[0, 1, 1, 1, 1, 0, 0, 0, 0]
B01[0, 1, 1, 1, 1, 1, -1, -1, 0]
B01[0, 1, 1, 1, 1, 1, -1, 0, -1]
B01[0, 1, 1, 1, 1, 1, -1, 0, 0]
B01[0, 1, 1, 1, 1, 1, 0, -1, -1]
B01[0, 1, 1, 1, 1, 1, 0, -1, 0]
B01[0, 1, 1, 1, 1, 1, 0, 0, -2]
B01[0, 1, 1, 1, 1, 1, 0, 0, -1]
B01[0, 1, 1, 1, 1, 1, 0, 0, 0]
B01[1, -1, 0, 1, 1, 1, 0, 0, 0]
B01[1, -1, 1, 1, 1, 0, 0, 0, 0]
B01[1, -1, 1, 1, 1, 1, 0, -1, 0]
B01[1, -1, 1, 1, 1, 1, 0, 0, 0]
B01[1, 0, -1, 1, 1, 1, 0, 0, 0]
B01[1, 0, 0, 0, 1, 1, 0, 0, 0]
B01[1, 0, 0, 1, 0, 1, 0, 0, 0]
B01[1, 0, 0, 1, 1, 0, 0, 0, 0]
B01[1, 0, 0, 1, 1, 1, -1, 0, 0]
B01[1, 0, 0, 1, 1, 1, 0, -1, 0]
B01[1, 0, 0, 1, 1, 1, 0, 0, -1]
B01[1, 0, 0, 1, 1, 1, 0, 0, 0]
B01[1, 0, 1, 0, 1, 0, 0, 0, 0]
B01[1, 0, 1, 0, 1, 1, 0, -1, 0]
B01[1, 0, 1, 0, 1, 1, 0, 0, 0]
B01[1, 0, 1, 1, 0, 0, 0, 0, 0]
B01[1, 0, 1, 1, 0, 1, 0, -1, 0]
B01[1, 0, 1, 1, 0, 1, 0, 0, 0]
B01[1, 0, 1, 1, 1, -1, 0, 0, 0]
B01[1, 0, 1, 1, 1, 0, -1, 0, 0]
B01[1, 0, 1, 1, 1, 0, 0, -1, 0]
B01[1, 0, 1, 1, 1, 0, 0, 0, -1]
B01[1, 0, 1, 1, 1, 0, 0, 0, 0]
B01[1, 0, 1, 1, 1, 1, -1, -1, 0]
B01[1, 0, 1, 1, 1, 1, -1, 0, 0]
B01[1, 0, 1, 1, 1, 1, 0, -2, 0]
B01[1, 0, 1, 1, 1, 1, 0, -1, -1]
B01[1, 0, 1, 1, 1, 1, 0, -1, 0]
B01[1, 0, 1, 1, 1, 1, 0, 0, -1]
B01[1, 0, 1, 1, 1, 1, 0, 0, 0]
B01[1, 1, -1, 0, 1, 1, 0, 0, 0]
B01[1, 1, -1, 1, 1, 1, -1, 0, 0]
B01[1, 1, -1, 1, 1, 1, 0, 0, -1]
B01[1, 1, -1, 1, 1, 1, 0, 0, 0]
B01[1, 1, 0, 0, 0, 1, 0, 0, 0]
B01[1, 1, 0, 0, 1, 0, 0, 0, 0]
B01[1, 1, 0, 0, 1, 1, -1, 0, 0]
B01[1, 1, 0, 0, 1, 1, 0, -1, 0]
B01[1, 1, 0, 0, 1, 1, 0, 0, -1]
B01[1, 1, 0, 0, 1, 1, 0, 0, 0]
B01[1, 1, 0, 1, 0, 1, -1, 0, 0]
B01[1, 1, 0, 1, 0, 1, 0, 0, -1]
B01[1, 1, 0, 1, 0, 1, 0, 0, 0]
B01[1, 1, 0, 1, 1, 0, -1, 0, 0]
B01[1, 1, 0, 1, 1, 0, 0, 0, -1]
B01[1, 1, 0, 1, 1, 0, 0, 0, 0]
B01[1, 1, 0, 1, 1, 1, -2, 0, 0]
B01[1, 1, 0, 1, 1, 1, -1, -1, 0]
B01[1, 1, 0, 1, 1, 1, -1, 0, -1]
B01[1, 1, 0, 1, 1, 1, -1, 0, 0]
B01[1, 1, 0, 1, 1, 1, 0, -1, -1]
B01[1, 1, 0, 1, 1, 1, 0, -1, 0]
B01[1, 1, 0, 1, 1, 1, 0, 0, -2]
B01[1, 1, 0, 1, 1, 1, 0, 0, -1]
B01[1, 1, 0, 1, 1, 1, 0, 0, 0]
B01[1, 1, 1, -1, 1, 1, 0, -1, 0]
B01[1, 1, 1, -1, 1, 1, 0, 0, 0]
B01[1, 1, 1, 0, 0, 0, 0, 0, 0]
B01[1, 1, 1, 0, 0, 1, 0, -1, 0]
B01[1, 1, 1, 0, 0, 1, 0, 0, 0]
B01[1, 1, 1, 0, 1, 0, -1, 0, 0]
B01[1, 1, 1, 0, 1, 0, 0, -1, 0]
B01[1, 1, 1, 0, 1, 0, 0, 0, -1]
B01[1, 1, 1, 0, 1, 0, 0, 0, 0]
B01[1, 1, 1, 0, 1, 1, -1, -1, 0]
B01[1, 1, 1, 0, 1, 1, -1, 0, 0]
B01[1, 1, 1, 0, 1, 1, 0, -2, 0]
B01[1, 1, 1, 0, 1, 1, 0, -1, -1]
B01[1, 1, 1, 0, 1, 1, 0, -1, 0]
B01[1, 1, 1, 0, 1, 1, 0, 0, -1]
B01[1, 1, 1, 0, 1, 1, 0, 0, 0]
B01[1, 1, 1, 1, -1, 1, 0, 0, 0]
B01[1, 1, 1, 1, 0, 0, -1, 0, 0]
B01[1, 1, 1, 1, 0, 0, 0, 0, -1]
B01[1, 1, 1, 1, 0, 0, 0, 0, 0]
B01[1, 1, 1, 1, 0, 1, -1, 0, 0]
B01[1, 1, 1, 1, 0, 1, 0, -1, -1]
B01[1, 1, 1, 1, 0, 1, 0, -1, 0]
B01[1, 1, 1, 1, 0, 1, 0, 0, 0]
B01[1, 1, 1, 1, 1, -1, -1, 0, 0]
B01[1, 1, 1, 1, 1, -1, 0, 0, -1]
B01[1, 1, 1, 1, 1, 0, -2, 0, 0]
B01[1, 1, 1, 1, 1, 0, -1, -1, 0]
B01[1, 1, 1, 1, 1, 0, -1, 0, -1]
B01[1, 1, 1, 1, 1, 0, -1, 0, 0]
B01[1, 1, 1, 1, 1, 0, 0, -1, -1]
B01[1, 1, 1, 1, 1, 0, 0, -1, 0]
B01[1, 1, 1, 1, 1, 0, 0, 0, -2]
B01[1, 1, 1, 1, 1, 0, 0, 0, -1]
B01[1, 1, 1, 1, 1, 0, 0, 0, 0]
B01[1, 1, 1, 1, 1, 1, -2, 0, 0]
B01[1, 1, 1, 1, 1, 1, -1, -2, 0]
B01[1, 1, 1, 1, 1, 1, -1, -1, -1]
B01[1, 1, 1, 1, 1, 1, -1, -1, 0]
B01[1, 1, 1, 1, 1, 1, -1, 0, -1]
B01[1, 1, 1, 1, 1, 1, -1, 0, 0]
B01[1, 1, 1, 1, 1, 1, 0, -2, 0]
B01[1, 1, 1, 1, 1, 1, 0, -1, -1]
B01[1, 1, 1, 1, 1, 1, 0, -1, 0]
B01[1, 1, 1, 1, 1, 1, 0, 0, -2]
B01[1, 1, 1, 1, 1, 1, 0, 0, -1]
B01[1, 1, 1, 1, 1, 1, 0, 0, 0]
B01[-1, 0, 2, 0, 1, 1, 0, 0, 0]
B01[-1, 1, 2, 0, 0, 1, 0, 0, 0]
B01[0, 0, 2, 0, 1, 0, 0, 0, 0]
B01[0, 0, 2, 0, 1, 1, 0, -1, 0]
B01[0, 0, 2, 0, 1, 1, 0, 0, 0]
B01[0, 1, 2, 0, 0, 0, 0, 0, 0]
B01[0, 1, 2, 0, 0, 1, 0, -1, 0]
B01[0, 1, 2, 0, 0, 1, 0, 0, 0]
B01[1, 0, 2, 0, 1, -1, 0, 0, 0]
B01[1, 0, 2, 0, 1, 0, 0, -1, 0]
B01[1, 0, 2, 0, 1, 0, 0, 0, 0]
B01[1, 0, 2, 0, 1, 1, 0, -2, 0]
B01[1, 0, 2, 0, 1, 1, 0, -1, 0]
B01[1, 0, 2, 0, 1, 1, 0, 0, 0]
B01[1, 1, 0, -1, 1, 1, 0, 0, 0]
B01[1, 1, 1, -1, 1, 0, 0, 0, 0]
B01[1, 1, 1, 0, 1, -1, 0, 0, 0]
B01[1, 1, 2, 0, 0, -1, 0, 0, 0]
B01[1, 1, 2, 0, 0, 0, 0, -1, 0]
B01[1, 1, 2, 0, 0, 0, 0, 0, 0]
B01[1, 1, 2, 0, 0, 1, 0, -2, 0]
B01[1, 1, 2, 0, 0, 1, 0, -1, 0]
B01[1, 1, 2, 0, 0, 1, 0, 0, 0]
B01[-1, 0, 1, 0, 1, 2, 0, 0, 0]
B01[-1, 0, 1, 1, 0, 2, 0, 0, 0]
B01[0, 0, 1, 0, 1, 2, 0, -1, 0]
B01[0, 0, 1, 0, 1, 2, 0, 0, 0]
B01[0, 0, 1, 1, 0, 2, 0, -1, 0]
B01[0, 0, 1, 1, 0, 2, 0, 0, 0]
B01[1, 0, -1, 0, 1, 2, 0, 0, 0]
B01[1, 0, -1, 1, 0, 2, 0, 0, 0]
B01[1, 0, 0, 0, 1, 2, 0, -1, 0]
B01[1, 0, 0, 0, 1, 2, 0, 0, 0]
B01[1, 0, 0, 1, 0, 2, 0, -1, 0]
B01[1, 0, 0, 1, 0, 2, 0, 0, 0]
B01[1, 0, 1, 0, 1, 2, 0, -2, 0]
B01[1, 0, 1, 0, 1, 2, 0, -1, 0]
B01[1, 0, 1, 0, 1, 2, 0, 0, 0]
B01[1, 0, 1, 1, 0, 2, 0, -2, 0]
B01[1, 0, 1, 1, 0, 2, 0, -1, 0]
B01[1, 0, 1, 1, 0, 2, 0, 0, 0]