504 6263267655506861188 1 6
4 7 5 3 6 8 

490 1338173020245941441 8 6
5 7 6 8 3 1 
5 7 6 8 1 3 
5 7 8 6 3 1 
5 7 8 6 1 3 
7 5 6 8 1 3 
7 5 6 8 3 1 
7 5 8 6 1 3 
7 5 8 6 3 1 

489 16834072528753803290 4 6
5 7 0 6 8 3 
5 7 0 8 6 3 
7 5 0 6 8 3 
7 5 0 8 6 3 

486 2889962576600529318 2 6
7 5 2 6 8 1 
7 5 2 8 6 1 

485 6414771901819022575 2 6
6 8 7 5 2 0 
8 6 7 5 2 0 

483 16834072528753803290 4 6
5 7 0 6 8 1 
5 7 0 8 6 1 
7 5 0 6 8 1 
7 5 0 8 6 1 

462 12920893151585599927 8 6
2 7 6 8 1 3 
2 7 6 8 3 1 
2 7 8 6 1 3 
2 7 8 6 3 1 
7 2 6 8 1 3 
7 2 6 8 3 1 
7 2 8 6 1 3 
7 2 8 6 3 1 

461 7690376999603125792 8 6
2 7 0 6 8 3 
2 7 0 8 6 3 
6 8 3 7 2 0 
6 8 3 2 7 0 
7 2 0 6 8 3 
7 2 0 8 6 3 
8 6 3 2 7 0 
8 6 3 7 2 0 

455 7690376999603125792 8 6
2 7 0 6 8 1 
2 7 0 8 6 1 
6 8 1 7 2 0 
6 8 1 2 7 0 
7 2 0 6 8 1 
7 2 0 8 6 1 
8 6 1 2 7 0 
8 6 1 7 2 0 

438 10603566704223053835 1 6
4 1 8 7 5 2 

437 12319231507702687824 2 6
4 8 7 5 2 0 
8 4 7 5 2 0 

430 6607657997838521542 2 6
7 5 2 3 1 8 
7 5 2 1 3 8 

377 10685718854972069187 1 6
4 0 5 6 8 3 

366 5425364464523823373 8 6
2 5 6 8 3 1 
2 5 6 8 1 3 
2 5 8 6 1 3 
2 5 8 6 3 1 
5 2 6 8 3 1 
5 2 6 8 1 3 
5 2 8 6 1 3 
5 2 8 6 3 1 

365 16613191937066772575 4 6
6 8 3 5 2 0 
6 8 3 2 5 0 
8 6 3 5 2 0 
8 6 3 2 5 0 

359 16613191937066772575 4 6
6 8 1 5 2 0 
6 8 1 2 5 0 
8 6 1 5 2 0 
8 6 1 2 5 0 

347 12715310605065833292 4 6
0 4 6 8 3 1 
0 4 6 8 1 3 
4 0 6 8 3 1 
4 0 6 8 1 3 

343 10685718854972069187 1 6
4 0 2 6 8 1 

252 2723535598558893835 1 6
4 3 6 7 5 2 

250 18416734498740718335 1 6
4 7 5 3 1 6 

249 2038335855376225074 1 6
4 3 6 7 5 0 

246 15371161349021124521 1 6
4 1 6 7 5 2 

245 3667071256423746404 2 6
4 6 7 5 2 0 
6 4 7 5 2 0 

500 5147433115355840454 1 6
4 6 8 7 5 2 

243 15851508372938526078 1 6
4 6 1 7 5 0 

238 6607657997838521542 2 6
7 5 2 3 1 6 
7 5 2 1 3 6 

492 2889962576600529318 2 6
7 5 2 6 8 3 
7 5 2 8 6 3 

235 16333235980728906799 4 6
5 7 0 3 1 6 
5 7 0 1 3 6 
7 5 0 1 3 6 
7 5 0 3 1 6 

222 13884876908967389199 1 6
4 7 2 3 1 6 

221 2105531251293681946 1 6
4 3 6 7 2 0 

476 1512047768104426076 1 6
4 7 2 3 6 8 

219 6180956240212560218 1 6
4 7 0 3 6 1 

190 202508874077620492 1 6
4 3 1 7 5 2 

189 1212257535601755286 2 6
3 4 7 5 2 0 
4 3 7 5 2 0 

444 11090139170261586052 1 6
4 3 8 7 5 2 

187 13999759201429971898 1 6
4 3 1 7 5 0 

159 3430017972205258306 1 6
4 3 1 7 2 0 

126 13320019623055181638 2 6
4 2 5 1 3 6 
4 5 2 3 1 6 

125 16170972372894674844 1 6
4 6 3 0 2 5 

380 8488742591006559980 2 6
4 2 5 6 8 3 
4 2 5 8 6 3 

123 16170972372894674844 1 6
4 0 5 6 1 3 

95 16170972372894674844 1 6
4 0 2 6 3 1 

63 13320019623055181638 2 6
4 1 3 2 5 0 
4 3 1 5 2 0 

496 10261518777580781826 1 5
4 7 5 6 8 

488 12834355503696724065 4 5
5 7 6 8 3 
5 7 8 6 3 
7 5 6 8 3 
7 5 8 6 3 

484 8849478327368587795 2 5
6 8 7 5 2 
8 6 7 5 2 

482 12834355503696724065 4 5
5 7 6 8 1 
5 7 8 6 1 
7 5 6 8 1 
7 5 8 6 1 

481 15701225179651768969 4 5
6 8 7 5 0 
6 8 5 7 0 
8 6 5 7 0 
8 6 7 5 0 

215 15511197712044394371 1 6
4 6 1 7 2 0 

472 7650032478792863514 2 5
4 7 3 6 8 
7 4 3 6 8 

62 10370027184005429524 4 5
4 2 5 1 3 
4 3 1 5 2 
4 1 3 2 5 
4 5 2 3 1 

316 16832031686870619660 1 5
4 2 5 3 8 

59 16832031686870619660 1 5
4 1 3 5 0 

186 17302540425223633065 1 5
4 7 5 3 1 

183 7388760533693909338 2 6
1 4 7 5 2 0 
4 1 7 5 2 0 

440 14637938161787470864 1 5
4 7 5 3 8 

47 6157756430126456764 4 5
1 3 2 5 0 
1 3 5 2 0 
3 1 2 5 0 
3 1 5 2 0 

174 1321557275634297399 2 5
1 3 7 5 2 
3 1 7 5 2 

480 14889454902234297281 4 4
5 7 6 8 
5 7 8 6 
7 5 6 8 
7 5 8 6 

175 4823563254069537633 2 6
1 3 7 5 2 0 
3 1 7 5 2 0 

432 9380501183647188697 4 4
4 8 7 5 
4 8 5 7 
8 4 7 5 
8 4 5 7 

435 7847205378694311858 1 6
4 1 8 7 5 0 

178 10273426345624082187 2 4
1 4 7 5 
4 1 7 5 

111 16665713692450677417 8 6
1 3 6 5 2 0 
1 3 6 2 5 0 
2 5 0 3 1 6 
2 5 0 1 3 6 
3 1 6 5 2 0 
3 1 6 2 5 0 
5 2 0 3 1 6 
5 2 0 1 3 6 

368 7402311451031196232 4 4
4 5 6 8 
4 5 8 6 
5 4 6 8 
5 4 8 6 

371 18243432636576454434 1 6
4 0 5 6 8 1 

114 17887279683134771417 2 4
4 5 1 6 
5 4 1 6 

498 11503688683965474299 1 6
4 7 5 6 8 1 

241 5891418443537592143 2 5
4 6 7 5 0 
6 4 7 5 0 

318 13320019623055181638 2 6
4 2 5 1 3 8 
4 5 2 3 1 8 

61 6025599525737931072 2 5
3 4 2 5 0 
4 3 2 5 0 

188 9900941314886430343 2 5
3 4 7 5 2 
4 3 7 5 2 

356 14094452568747366629 4 4
6 8 2 5 
6 8 5 2 
8 6 5 2 
8 6 2 5 

470 12156380748787988891 1 6
4 7 2 6 8 1 

213 4326980771472975623 2 5
4 6 7 2 0 
6 4 7 2 0 

337 11424408308853591160 2 4
0 4 6 8 
4 0 6 8 

207 16613191937066772575 4 6
2 7 0 3 1 6 
2 7 0 1 3 6 
7 2 0 3 1 6 
7 2 0 1 3 6 

464 7423475626774237917 2 4
4 7 6 8 
7 4 6 8 

467 15511197712044394371 1 6
4 7 0 6 8 1 

210 4425076670089602366 2 4
4 7 1 6 
7 4 1 6 

340 7402311451031196232 4 4
2 4 6 8 
2 4 8 6 
4 2 6 8 
4 2 8 6 

83 15081630868634127461 2 4
0 4 6 1 
4 0 6 1 

51 17887279683134771417 2 4
1 4 5 0 
4 1 5 0 

308 2515083834293954836 4 4
4 8 5 2 
4 8 2 5 
8 4 5 2 
8 4 2 5 

311 6972997026306244293 1 6
4 1 8 5 2 0 

54 11884594621899989187 2 4
1 4 5 2 
4 1 5 2 

306 17887279683134771417 2 4
4 5 1 8 
5 4 1 8 

433 14941431106718192460 4 5
4 8 5 7 0 
4 8 7 5 0 
8 4 5 7 0 
8 4 7 5 0 

402 15081630868634127461 2 4
4 7 1 8 
7 4 1 8 

287 6972997026306244293 1 6
4 2 0 3 1 8 

30 11884594621899989187 2 4
2 4 3 1 
4 2 3 1 

414 11531067519401729715 1 6
4 7 2 3 1 8 

157 13706572971206206314 2 5
3 4 7 2 0 
4 3 7 2 0 

497 17877649288799235733 1 6
4 6 8 7 5 0 

240 4765535238377672365 2 4
4 6 7 5 
6 4 7 5 

452 5121423167809215888 8 4
2 7 6 8 
2 7 8 6 
6 8 7 2 
6 8 2 7 
7 2 6 8 
7 2 8 6 
8 6 7 2 
8 6 2 7 

473 4671975366383917983 1 6
4 7 0 3 6 8 

216 10814330318173462809 2 4
4 7 3 6 
7 4 3 6 

89 15081630868634127461 2 4
0 4 6 3 
4 0 6 3 

441 8796860118362011809 1 6
4 3 8 7 5 0 

184 5109855616453970622 2 4
3 4 7 5 
4 3 7 5 

315 6972997026306244293 1 6
4 5 0 1 3 8 

58 11884594621899989187 2 4
4 5 1 3 
5 4 1 3 

442 12439087210215227680 1 6
4 7 5 3 1 8 

185 110695541666543328 2 5
3 4 7 5 0 
4 3 7 5 0 

373 2186039375866420252 2 6
4 6 8 0 2 5 
4 6 8 0 5 2 

116 2515083834293954836 4 4
4 6 5 2 
4 6 2 5 
6 4 5 2 
6 4 2 5 

113 15081630868634127461 2 4
4 6 0 5 
6 4 0 5 

370 6916971768983597431 4 5
4 5 6 8 1 
4 5 8 6 1 
5 4 6 8 1 
5 4 8 6 1 

303 16665713692450677417 8 6
1 3 8 5 2 0 
1 3 8 2 5 0 
2 5 0 3 1 8 
2 5 0 1 3 8 
3 1 8 5 2 0 
3 1 8 2 5 0 
5 2 0 3 1 8 
5 2 0 1 3 8 

46 5886880350502520598 8 4
1 3 2 5 
1 3 5 2 
2 5 3 1 
2 5 1 3 
3 1 2 5 
3 1 5 2 
5 2 3 1 
5 2 1 3 

284 17887279683134771417 2 4
2 4 3 8 
4 2 3 8 

27 2515083834293954836 4 4
0 4 3 1 
0 4 1 3 
4 0 3 1 
4 0 1 3 

411 7254539712598632227 1 6
4 7 0 3 1 8 

154 6158957511596712043 2 4
4 7 3 1 
7 4 3 1 

469 12156380748787988891 1 6
4 6 8 7 2 0 

212 7423475626774237917 2 4
4 6 7 2 
6 4 7 2 

339 6067623810004681493 2 5
0 4 6 8 1 
4 0 6 8 1 

55 6025599525737931072 2 5
1 4 5 2 0 
4 1 5 2 0 

182 4871840697658245582 2 5
1 4 7 5 2 
4 1 7 5 2 

309 9936687517759884729 4 5
4 8 5 2 0 
4 8 2 5 0 
8 4 2 5 0 
8 4 5 2 0 

179 17492503155979792262 2 5
1 4 7 5 0 
4 1 7 5 0 

436 7685714584344190839 2 5
4 8 7 5 2 
8 4 7 5 2 

31 16832031686870619660 1 5
4 3 1 2 0 

158 12786388182336324440 1 5
4 7 2 3 1 

81 5375812762146778914 6 3
0 4 6 
0 6 4 
4 0 6 
4 6 0 
6 4 0 
6 0 4 

349 18243432636576454434 1 6
4 0 2 6 8 3 

92 17887279683134771417 2 4
2 4 3 6 
4 2 3 6 

218 17197120002301240366 2 5
4 7 3 1 6 
7 4 3 1 6 

345 6067623810004681493 2 5
0 4 6 8 3 
4 0 6 8 3 

466 4326980771472975623 2 5
4 7 6 8 1 
7 4 6 8 1 

209 4425076670089602366 2 4
4 6 0 7 
6 4 0 7 

407 10685718854972069187 1 6
4 1 8 7 2 0 

150 11424408308853591160 2 4
1 4 7 2 
4 1 7 2 

350 2760029774125870998 4 6
2 4 6 8 3 1 
2 4 8 6 3 1 
4 2 6 8 3 1 
4 2 8 6 3 1 

93 15186137539973235762 2 5
4 0 2 6 3 
4 6 3 0 2 

220 15728839874005175381 1 5
4 7 2 3 6 

406 1188584317882100171 1 5
4 7 2 1 8 

427 16333235980728906799 4 6
5 7 0 3 1 8 
5 7 0 1 3 8 
7 5 0 1 3 8 
7 5 0 3 1 8 

170 14613025760759478630 4 4
5 7 1 3 
5 7 3 1 
7 5 3 1 
7 5 1 3 

87 10745138784217658464 2 5
4 0 2 6 1 
4 6 1 0 2 

214 10428761473725182428 1 5
4 7 2 1 6 

341 1188584317882100171 1 5
4 6 8 0 2 

285 1388894099151690725 2 5
4 2 0 3 8 
4 3 8 2 0 

28 15828609420889821669 6 3
2 3 4 
2 4 3 
3 2 4 
3 4 2 
4 3 2 
4 2 3 

412 14960491686156114434 1 5
4 7 2 3 8 

155 14839972830241833078 1 5
4 7 0 3 1 

152 3988841567862757966 6 3
3 4 7 
3 7 4 
4 3 7 
4 7 3 
7 4 3 
7 3 4 

409 18183843979679239742 2 5
4 3 8 7 0 
4 7 0 3 8 

413 12676478091692730703 1 6
4 3 8 7 2 0 

156 4481754264375559114 2 4
3 4 7 2 
4 3 7 2 

283 9936687517759884729 4 5
0 4 3 1 8 
0 4 1 3 8 
4 0 3 1 8 
4 0 1 3 8 

404 7402311451031196232 4 4
4 8 7 2 
4 8 2 7 
8 4 7 2 
8 4 2 7 

147 15081630868634127461 2 4
1 4 7 0 
4 1 7 0 

399 16613191937066772575 4 6
2 7 0 3 1 8 
2 7 0 1 3 8 
7 2 0 3 1 8 
7 2 0 1 3 8 

142 14094452568747366629 4 4
2 7 3 1 
2 7 1 3 
7 2 3 1 
7 2 1 3 

94 6025599525737931072 2 5
2 4 3 1 6 
4 2 3 1 6 

91 17879417395204353371 4 5
0 4 6 1 3 
0 4 6 3 1 
4 0 6 1 3 
4 0 6 3 1 

348 6916971768983597431 4 5
2 4 6 8 3 
2 4 8 6 3 
4 2 6 8 3 
4 2 8 6 3 

410 17258966626745462523 2 5
4 7 3 1 8 
7 4 3 1 8 

153 1939448123289098880 2 4
3 4 7 0 
4 3 7 0 

317 6972997026306244293 1 6
4 3 8 2 5 0 

60 11884594621899989187 2 4
3 4 2 5 
4 3 2 5 

314 6025599525737931072 2 5
4 5 1 3 8 
5 4 1 3 8 

110 6157756430126456764 4 5
2 5 3 1 6 
2 5 1 3 6 
5 2 3 1 6 
5 2 1 3 6 

364 10962194924205928956 4 5
2 5 6 8 3 
2 5 8 6 3 
5 2 6 8 3 
5 2 8 6 3 

242 881324848326895042 1 5
4 7 5 1 6 

369 1188584317882100171 1 5
4 6 8 0 5 

374 8488742591006559980 2 6
4 5 2 6 8 1 
4 5 2 8 6 1 

117 17879417395204353371 4 5
4 6 0 5 2 
4 6 0 2 5 
6 4 0 5 2 
6 4 0 2 5 

244 4024508295388228248 2 5
4 6 7 5 2 
6 4 7 5 2 

118 16832031686870619660 1 5
4 5 2 1 6 

115 15186137539973235762 2 5
4 0 5 6 1 
4 6 1 0 5 

372 2286133052348747870 4 5
4 6 8 2 5 
4 6 8 5 2 
4 8 6 5 2 
4 8 6 2 5 

378 2760029774125870998 4 6
4 5 6 8 1 3 
4 5 8 6 1 3 
5 4 6 8 1 3 
5 4 8 6 1 3 

121 10745138784217658464 2 5
4 0 5 6 3 
4 6 3 0 5 

248 7977422972196134577 1 5
4 7 5 3 6 

122 6025599525737931072 2 5
4 5 1 3 6 
5 4 1 3 6 

119 16170972372894674844 1 6
4 6 1 0 5 2 

376 16800420542060049214 4 5
4 5 6 8 3 
4 5 8 6 3 
5 4 6 8 3 
5 4 8 6 3 

124 16832031686870619660 1 5
4 2 5 3 6 

143 10962194924205928956 4 5
1 3 2 7 0 
1 3 7 2 0 
3 1 2 7 0 
3 1 7 2 0 

408 1939448123289098880 2 4
4 7 3 8 
7 4 3 8 

151 6067623810004681493 2 5
1 4 7 2 0 
4 1 7 2 0 

405 16800420542060049214 4 5
4 8 7 2 0 
4 8 2 7 0 
8 4 2 7 0 
8 4 7 2 0 

171 3711512982259279008 4 5
1 3 5 7 0 
1 3 7 5 0 
3 1 5 7 0 
3 1 7 5 0 

206 9747371646281024292 4 5
2 7 3 1 6 
2 7 1 3 6 
7 2 3 1 6 
7 2 1 3 6 

460 9435610992038165386 4 5
2 7 6 8 3 
2 7 8 6 3 
7 2 6 8 3 
7 2 8 6 3 

468 3933224185568233853 2 5
4 6 8 7 2 
4 7 2 6 8 

211 252584989846049047 2 5
4 6 1 7 0 
4 7 0 6 1 

208 3783403235081596006 6 3
4 6 7 
4 7 6 
6 4 7 
6 7 4 
7 6 4 
7 4 6 

465 10428761473725182428 1 5
4 6 8 0 7 

474 2793200928381368638 2 6
4 7 3 6 8 1 
7 4 3 6 8 1 

217 15661760859936276897 1 5
4 7 0 3 6 

234 13742628938589920730 4 5
5 7 1 3 6 
5 7 3 1 6 
7 5 3 1 6 
7 5 1 3 6 

29 17887279683134771417 2 4
3 4 2 0 
4 3 2 0 

286 6025599525737931072 2 5
2 4 3 1 8 
4 2 3 1 8 

302 6157756430126456764 4 5
2 5 3 1 8 
2 5 1 3 8 
5 2 3 1 8 
5 2 1 3 8 

50 15828609420889821669 6 3
1 4 5 
1 5 4 
4 1 5 
4 5 1 
5 4 1 
5 1 4 

307 1388894099151690725 2 5
4 1 8 5 0 
4 5 0 1 8 

434 3387272429242480446 1 5
4 7 5 1 8 

310 16832031686870619660 1 5
4 5 2 1 8 

85 15081630868634127461 2 4
4 6 0 2 
6 4 0 2 

342 16800420542060049214 4 5
2 4 6 8 1 
2 4 8 6 1 
4 2 6 8 1 
4 2 8 6 1 

357 9747371646281024292 4 5
6 8 5 2 0 
6 8 2 5 0 
8 6 5 2 0 
8 6 2 5 0 

358 10962194924205928956 4 5
2 5 6 8 1 
2 5 8 6 1 
5 2 6 8 1 
5 2 8 6 1 

398 9747371646281024292 4 5
2 7 3 1 8 
2 7 1 3 8 
7 2 3 1 8 
7 2 1 3 8 

146 5375812762146778914 6 3
1 4 7 
1 7 4 
4 1 7 
4 7 1 
7 4 1 
7 1 4 

403 10745138784217658464 2 5
4 1 8 7 0 
4 7 0 1 8 

426 13742628938589920730 4 5
5 7 1 3 8 
5 7 3 1 8 
7 5 3 1 8 
7 5 1 3 8 

453 9435610992038165386 4 5
6 8 7 2 0 
6 8 2 7 0 
8 6 2 7 0 
8 6 7 2 0 

454 9435610992038165386 4 5
2 7 6 8 1 
2 7 8 6 1 
7 2 6 8 1 
7 2 8 6 1 

