A1[0,0,0,0,0,0,0,0,0]*(-2*a0-a7-a4+d-a5-a2)
A1[-1,0,1,0,0,0,0,0,0]*(-a2)
A1[-1,0,0,0,0,0,0,1,0]*(-a7)
A1[-1,0,0,0,1,0,0,0,0]*(-a4)
A1[-1,0,0,0,0,1,0,0,0]*(-a5)
A1[0,0,0,0,1,0,0,0,-1]*(a4)

A1[0,0,0,0,0,0,0,0,0]*(-a6-a3-a4-2*a1+d-a8)
A1[0,-1,0,1,0,0,0,0,0]*(-a3)
A1[0,-1,0,0,0,0,0,0,1]*(-a8)
A1[0,0,0,1,0,0,0,0,0]*(s*a3)
A1[0,-1,0,0,1,0,0,0,0]*(-a4)
A1[0,0,-1,0,1,0,0,0,0]*(a4)
A1[0,-1,0,0,0,0,1,0,0]*(-a6)

A1[0,0,0,0,0,0,0,0,0]*(a0-a2)
A1[1,0,-1,0,0,0,0,0,0]*(-a0)
A1[-1,0,1,0,0,0,0,0,0]*(a2)
A1[0,0,0,0,0,0,0,1,0]*(a7*t)
A1[-1,0,0,0,1,0,0,0,0]*(a4)
A1[0,-1,0,0,1,0,0,0,0]*(a4)
A1[0,0,-1,0,1,0,0,0,0]*(-a4)
A1[0,0,0,0,1,0,0,0,-1]*(-a4)
A1[-1,0,0,0,0,1,0,0,0]*(a5)
A1[0,0,-1,0,0,1,0,0,0]*(-a5)
A1[0,0,0,0,0,1,0,0,0]*(s*a5)
A1[-1,0,0,0,0,0,0,1,0]*(a7)
A1[0,0,-1,0,0,0,0,1,0]*(-a7)

A1[0,0,0,0,0,0,0,0,0]*(a1-a8)
A1[0,1,0,0,0,0,0,0,-1]*(-a1)
A1[0,-1,0,1,0,0,0,0,0]*(a3)
A1[0,0,0,1,0,0,0,0,-1]*(-a3)
A1[0,0,0,1,0,0,0,0,0]*(-s*a3)
A1[-1,0,0,0,1,0,0,0,0]*(a4)
A1[0,-1,0,0,1,0,0,0,0]*(a4)
A1[0,0,-1,0,1,0,0,0,0]*(-a4)
A1[0,0,0,0,1,0,0,0,-1]*(-a4)
A1[0,-1,0,0,0,0,1,0,0]*(a6)
A1[0,0,0,0,0,0,1,0,-1]*(-a6)
A1[0,0,0,0,0,0,1,0,0]*(a6*t)
A1[0,-1,0,0,0,0,0,0,1]*(a8)

A1[0,0,0,0,0,0,0,0,0]*(a0-a7)
A1[1,0,0,0,0,0,0,-1,0]*(-a0)
A1[-1,0,1,0,0,0,0,0,0]*(a2)
A1[0,0,1,0,0,0,0,-1,0]*(-a2)
A1[0,0,1,0,0,0,0,0,0]*(t*a2)
A1[-1,0,0,0,1,0,0,0,0]*(a4)
A1[0,-1,0,0,1,0,0,0,0]*(a4)
A1[0,0,0,0,1,0,-1,0,0]*(-a4)
A1[0,0,0,0,1,0,0,-1,0]*(-a4)
A1[0,0,0,0,1,0,0,0,0]*(a4*t)
A1[-1,0,0,0,0,1,0,0,0]*(a5)
A1[0,0,0,0,0,1,0,-1,0]*(-a5)
A1[0,0,0,0,0,1,0,0,0]*(t*a5+s*a5)
A1[-1,0,0,0,0,0,0,1,0]*(a7)

A1[0,0,0,0,0,0,0,0,0]*(-a6+a1)
A1[0,1,0,0,0,0,-1,0,0]*(-a1)
A1[0,-1,0,1,0,0,0,0,0]*(a3)
A1[0,0,0,1,0,0,-1,0,0]*(-a3)
A1[0,0,0,1,0,0,0,0,0]*(-s*a3)
A1[-1,0,0,0,1,0,0,0,0]*(a4)
A1[0,-1,0,0,1,0,0,0,0]*(a4)
A1[0,0,0,0,1,0,-1,0,0]*(-a4)
A1[0,0,0,0,1,0,0,-1,0]*(-a4)
A1[0,0,0,0,1,0,0,0,0]*(a4*t)
A1[0,-1,0,0,0,0,1,0,0]*(a6)
A1[0,0,0,0,0,0,0,0,1]*(t*a8)
A1[0,-1,0,0,0,0,0,0,1]*(a8)
A1[0,0,0,0,0,0,-1,0,1]*(-a8)

A1[0,1,-1,0,0,0,0,0,0]*(a1)
A1[0,1,0,0,-1,0,0,0,0]*(-a1)
A1[0,1,0,0,0,0,0,0,-1]*(a1)
A1[0,0,0,1,-1,0,0,0,0]*(-a3)
A1[0,0,0,1,0,-1,0,0,0]*(a3)
A1[0,0,0,1,0,0,0,0,-1]*(a3)
A1[-1,0,0,0,1,0,0,0,0]*(-a4)
A1[0,0,0,0,0,0,0,0,0]*(-a4+a8)
A1[0,0,0,0,1,0,0,0,-1]*(a4)
A1[-1,0,0,0,0,0,1,0,0]*(a6)
A1[0,0,-1,0,0,0,1,0,0]*(a6)
A1[0,0,0,0,-1,0,1,0,0]*(-a6)
A1[0,0,0,0,0,0,1,-1,0]*(-a6)
A1[0,0,0,0,0,0,1,0,-1]*(a6)
A1[-1,0,0,0,0,0,0,0,1]*(a8)
A1[0,0,0,0,-1,0,0,0,1]*(-a8)

A1[0,1,0,-1,0,0,0,0,0]*(-a1)
A1[0,1,0,0,0,0,-1,0,0]*(a1)
A1[0,1,0,0,0,0,0,0,0]*(s*a1)
A1[0,0,0,0,0,0,0,0,0]*(a6-a3)
A1[0,0,0,1,0,0,-1,0,0]*(a3)
A1[-1,0,0,0,1,0,0,0,0]*(-a4)
A1[0,0,-1,0,1,0,0,0,0]*(-a4)
A1[0,0,0,-1,1,0,0,0,0]*(-a4)
A1[0,0,0,0,1,-1,0,0,0]*(a4)
A1[0,0,0,0,1,0,-1,0,0]*(a4)
A1[0,0,0,0,1,0,0,-1,0]*(a4)
A1[0,0,0,0,1,0,0,0,0]*(-a4*t)
A1[0,0,0,-1,0,0,1,0,0]*(-a6)
A1[0,0,0,0,0,0,0,0,1]*(-t*a8)
A1[0,0,0,-1,0,0,0,0,1]*(-a8)
A1[0,0,0,0,0,0,-1,0,1]*(a8)

A1[1,0,-1,0,0,0,0,0,0]*(a0)
A1[1,0,0,0,-1,0,0,0,0]*(-a0)
A1[1,0,0,0,0,0,0,0,-1]*(a0)
A1[0,-1,1,0,0,0,0,0,0]*(a2)
A1[0,0,0,0,0,0,0,0,0]*(-a4+a2)
A1[0,0,1,0,-1,0,0,0,0]*(-a2)
A1[0,-1,0,0,1,0,0,0,0]*(-a4)
A1[0,0,-1,0,1,0,0,0,0]*(a4)
A1[0,0,0,0,0,0,0,1,-1]*(a7)
A1[0,0,-1,0,0,1,0,0,0]*(a5)
A1[0,0,0,-1,0,1,0,0,0]*(a5)
A1[0,0,0,0,-1,1,0,0,0]*(-a5)
A1[0,0,0,0,0,1,0,0,0]*(-s*a5)
A1[0,-1,0,0,0,0,0,1,0]*(a7)
A1[0,0,-1,0,0,0,0,1,0]*(a7)
A1[0,0,0,0,-1,0,0,1,0]*(-a7)
A1[0,0,0,0,0,0,-1,1,0]*(-a7)

A1[0,0,0,0,0,0,0,0,0]*(-a0+a7+a5-a2)
A1[1,0,-1,0,0,0,0,0,0]*(-a0)
A1[1,0,0,0,0,-1,0,0,0]*(a0)
A1[1,0,0,0,0,0,0,-1,0]*(a0)
A1[-1,0,1,0,0,0,0,0,0]*(-a2)
A1[0,0,0,0,0,0,0,1,0]*(-s*a7)
A1[0,0,1,0,0,-1,0,0,0]*(a2)
A1[0,0,1,0,0,0,0,-1,0]*(a2)
A1[0,0,1,0,0,0,0,0,0]*(-t*a2-s*a2)
A1[-1,0,0,0,1,0,0,0,0]*(-a4)
A1[0,0,-1,0,1,0,0,0,0]*(-a4)
A1[0,0,0,-1,1,0,0,0,0]*(-a4)
A1[0,0,0,0,1,-1,0,0,0]*(a4)
A1[0,0,0,0,1,0,-1,0,0]*(a4)
A1[0,0,0,0,1,0,0,-1,0]*(a4)
A1[0,0,0,0,1,0,0,0,0]*(-a4*t)
A1[-1,0,0,0,0,1,0,0,0]*(-a5)
A1[0,0,-1,0,0,1,0,0,0]*(-a5)
A1[0,0,0,0,0,-1,0,1,0]*(a7)
A1[0,0,0,0,0,1,0,-1,0]*(a5)
A1[0,0,0,0,0,1,0,0,0]*(-t*a5)
A1[-1,0,0,0,0,0,0,1,0]*(-a7)
A1[0,0,-1,0,0,0,0,1,0]*(-a7)

