A1[0,0,-1,0,1,0,0,0,0]*(-a4*t)
A1[0,0,0,1,0,0,-1,0,0]*(-s*a3)
A1[-1,0,1,0,0,0,0,0,0]*(t*a2)
A1[-1,0,0,0,0,1,0,0,0]*(t*a5)
A1[0,0,0,0,0,1,0,-1,0]*(s*a5)
A1[0,0,-1,0,0,1,0,0,0]*(-t*a5-s*a5)
A1[0,-1,0,0,0,0,1,0,0]*(-a6*t)
A1[0,0,0,0,0,0,0,0,0]*(a7*t-t*a8-t*a2+a6*t)
A1[-1,0,0,0,0,0,0,1,0]*(-a7*t)
A1[0,0,0,0,1,0,0,0,-1]*(-a4*t)
A1[0,0,0,1,0,0,0,0,-1]*(s*a3)
A1[0,-1,0,0,1,0,0,0,0]*(a4*t)
A1[-1,0,0,0,1,0,0,0,0]*(a4*t)
A1[0,-1,0,0,0,0,0,0,1]*(t*a8)

A1[0,0,0,0,0,0,0,0,0]*(-a7*t+t*a8+t*a2+s*a8-s*a3-a6*t+s*a2-s*a5)
A1[0,0,0,1,0,0,-1,0,0]*(s*a3)
A1[0,-1,0,1,0,0,0,0,0]*(-s*a3)
A1[0,0,0,1,0,0,0,0,-1]*(s*a3)
A1[0,0,0,1,0,0,0,0,0]*(s^2*a3)
A1[-1,0,0,0,0,1,0,0,0]*(-t*a5+s*a5)
A1[0,0,-1,0,0,1,0,0,0]*(t*a5+s*a5)
A1[0,-1,0,0,0,0,0,0,1]*(-t*a8-s*a8)
A1[0,0,0,0,0,1,0,-1,0]*(-s*a5)
A1[-1,0,0,0,0,0,0,1,0]*(a7*t-s*a7)
A1[-1,0,0,0,1,0,0,0,0]*(-s*a4-a4*t)
A1[-1,0,1,0,0,0,0,0,0]*(-t*a2-s*a2)
A1[0,-1,0,0,1,0,0,0,0]*(-s*a4-a4*t)
A1[0,0,0,-1,0,0,1,0,0]*(a6*t)
A1[0,0,-1,0,1,0,0,0,0]*(s*a4+a4*t)
A1[0,-1,0,0,0,0,1,0,0]*(-s*a6)
A1[0,0,0,0,0,0,1,0,-1]*(s*a6)
A1[0,0,0,0,0,0,1,0,0]*(-s*a6*t)
A1[0,0,-1,0,0,0,0,1,0]*(a7*t+s*a7)
A1[0,0,0,0,1,0,0,0,-1]*(s*a4+a4*t)
A1[0,0,0,0,0,-1,0,1,0]*(-a7*t)

A1[0,-1,0,1,0,0,0,0,0]*(s*a3)
A1[0,0,0,1,0,0,-1,0,0]*(-2*s*a3)
A1[0,0,0,1,0,0,0,0,0]*(-s^2*a3)
A1[-1,0,0,0,0,1,0,0,0]*(-s*a5)
A1[0,0,0,0,0,1,0,-1,0]*(s*a5)
A1[0,0,0,0,0,0,0,0,1]*(s*t*a8)
A1[0,-1,0,0,0,0,1,0,0]*(s*a6)
A1[0,0,0,0,0,0,0,0,0]*(-s*a7-s*a6-t*a2+t*a5+s*a3+s*a5)
A1[-1,0,0,0,0,0,0,1,0]*(s*a7)
A1[0,-1,0,0,0,0,0,0,1]*(t*a8+s*a8)
A1[0,0,0,-1,0,0,0,0,1]*(-t*a8)
A1[0,0,-1,0,0,1,0,0,0]*(-t*a5-s*a5)
A1[0,0,0,0,0,0,-1,0,1]*(-s*a8)
A1[0,0,0,0,1,-1,0,0,0]*(a4*t)
A1[0,0,0,0,1,0,0,0,0]*(s*a4*t)
A1[0,0,0,-1,1,0,0,0,0]*(-a4*t)
A1[0,0,0,0,1,0,0,-1,0]*(-s*a4)
A1[-1,0,1,0,0,0,0,0,0]*(s*a2)
A1[0,0,1,0,0,0,0,-1,0]*(-s*a2)
A1[0,-1,0,0,1,0,0,0,0]*(s*a4+a4*t)
A1[0,0,-1,0,1,0,0,0,0]*(-a4*t)
A1[0,0,0,0,1,0,-1,0,0]*(-s*a4)
A1[0,0,1,0,0,-1,0,0,0]*(t*a2)
A1[-1,0,0,0,1,0,0,0,0]*(s*a4)

