D54[0, 0, 0, 1, 1, 1, 0]
D54[0, 1, 0, 1, 0, 1, 0]
D54[0, 1, 0, 1, 1, 1, -1]
D54[0, 1, 0, 1, 1, 1, 0]
D54[1, 0, -1, 1, 1, 1, 0]
D54[1, 0, 0, 0, 1, 1, 0]
D54[1, 0, 0, 1, 1, 1, 0]
D54[1, 1, -1, 1, 0, 1, 0]
D54[1, 1, -1, 1, 1, 1, -1]
D54[1, 1, -1, 1, 1, 1, 0]
D54[1, 1, 0, 0, 0, 1, 0]
D54[1, 1, 0, 0, 1, 1, -1]
D54[1, 1, 0, 0, 1, 1, 0]
D54[1, 1, 0, 1, 0, 1, 0]
D54[1, 1, 0, 1, 1, 0, 0]
D54[1, 1, 0, 1, 1, 1, -1]
D54[1, 1, 0, 1, 1, 1, 0]
D54[-1, 1, 1, 1, 1, 1, 0]
D54[0, 0, 1, 1, 1, 1, 0]
D54[0, 1, 1, 0, 1, 1, 0]
D54[0, 1, 1, 1, 0, 1, 0]
D54[0, 1, 1, 1, 1, 0, 0]
D54[0, 1, 1, 1, 1, 1, 0]
D54[1, 0, 1, 0, 1, 1, 0]
D54[1, 0, 1, 1, 1, 1, 0]
D54[1, 1, 1, -1, 1, 1, 0]
D54[1, 1, 1, 0, 0, 1, 0]
D54[1, 1, 1, 0, 1, 0, 0]
D54[1, 1, 1, 0, 1, 1, -1]
D54[1, 1, 1, 0, 1, 1, 0]
D54[1, 1, 1, 1, 0, 1, 0]
D54[1, 1, 1, 1, 1, 0, 0]
D54[1, 1, 1, 1, 1, 1, -1]
D54[1, 1, 1, 1, 1, 1, 0]
D54[-1, 0, 1, 1, 1, 1, 0]
D54[-1, 1, 1, 0, 1, 1, 0]
D54[-1, 1, 1, 1, 0, 1, 0]
D54[-1, 1, 1, 1, 1, 0, 0]
D54[-1, 1, 1, 1, 1, 1, 0]
D54[0, 0, 0, 1, 1, 1, 0]
D54[0, 0, 1, 0, 1, 1, 0]
D54[0, 0, 1, 1, 1, 1, 0]
D54[0, 1, 0, 0, 1, 1, 0]
D54[0, 1, 0, 1, 0, 1, 0]
D54[0, 1, 0, 1, 1, 0, 0]
D54[0, 1, 0, 1, 1, 1, -1]
D54[0, 1, 0, 1, 1, 1, 0]
D54[0, 1, 1, -1, 1, 1, 0]
D54[0, 1, 1, 0, 1, 0, 0]
D54[0, 1, 1, 0, 1, 1, -1]
D54[0, 1, 1, 0, 1, 1, 0]
D54[0, 1, 1, 1, 0, 1, 0]
D54[0, 1, 1, 1, 1, 0, 0]
D54[0, 1, 1, 1, 1, 1, -1]
D54[0, 1, 1, 1, 1, 1, 0]
D54[1, 0, -1, 1, 1, 1, 0]
D54[1, 0, 0, 0, 1, 1, 0]
D54[1, 0, 0, 1, 1, 1, 0]
D54[1, 0, 1, -1, 1, 1, 0]
D54[1, 0, 1, 0, 1, 1, 0]
D54[1, 0, 1, 1, 1, 1, 0]
D54[1, 1, -1, 0, 1, 1, 0]
D54[1, 1, -1, 1, 0, 1, 0]
D54[1, 1, -1, 1, 1, 0, 0]
D54[1, 1, -1, 1, 1, 1, -1]
D54[1, 1, -1, 1, 1, 1, 0]
D54[1, 1, 0, -1, 1, 1, 0]
D54[1, 1, 0, 0, 1, 0, 0]
D54[1, 1, 0, 0, 1, 1, -1]
D54[1, 1, 0, 0, 1, 1, 0]
D54[1, 1, 0, 1, 0, 1, 0]
D54[1, 1, 0, 1, 1, 0, 0]
D54[1, 1, 0, 1, 1, 1, -1]
D54[1, 1, 0, 1, 1, 1, 0]
D54[1, 1, 1, -2, 1, 1, 0]
D54[1, 1, 1, -1, 0, 1, 0]
D54[1, 1, 1, -1, 1, 0, 0]
D54[1, 1, 1, -1, 1, 1, -1]
D54[1, 1, 1, -1, 1, 1, 0]
D54[1, 1, 1, 0, 0, 1, 0]
D54[1, 1, 1, 0, 1, 0, 0]
D54[1, 1, 1, 0, 1, 1, -1]
D54[1, 1, 1, 0, 1, 1, 0]
D54[1, 1, 1, 1, 0, 1, 0]
D54[1, 1, 1, 1, 1, 0, 0]
D54[1, 1, 1, 1, 1, 1, -1]
D54[1, 1, 1, 1, 1, 1, 0]
D54[-1, 0, 1, 1, 1, 1, 0]
D54[0, 0, 1, 0, 1, 1, 0]
D54[0, 1, 1, 0, 0, 1, 0]
D54[0, 1, 1, 1, 1, 1, -1]
D54[1, 0, 1, -1, 1, 1, 0]
D54[1, 1, 1, -1, 1, 1, -1]
D54[0, 1, 1, 0, 0, 1, 0]
D54[1, 1, 0, 0, 0, 1, 0]
D54[-1, 1, 1, 1, 0, 1, 0]
D54[0, -1, 1, 1, 1, 1, 0]
D54[0, 0, 1, 1, 0, 1, 0]
D54[0, 0, 1, 1, 1, 0, 0]
D54[0, 0, 1, 1, 1, 1, -1]
D54[0, 1, 1, 0, 1, 1, -1]
D54[0, 1, 1, 1, 0, 0, 0]
D54[0, 1, 1, 1, 0, 1, -1]
D54[0, 1, 1, 1, 1, 0, -1]
D54[1, -1, 0, 1, 1, 1, 0]
D54[1, -1, 1, 0, 1, 1, 0]
D54[1, -1, 1, 1, 1, 1, 0]
D54[1, 0, 0, 1, 0, 1, 0]
D54[1, 0, 0, 1, 1, 0, 0]
D54[1, 0, 0, 1, 1, 1, -1]
D54[1, 0, 1, 0, 0, 1, 0]
D54[1, 0, 1, 0, 1, 0, 0]
D54[1, 0, 1, 0, 1, 1, -1]
D54[1, 0, 1, 1, 0, 1, 0]
D54[1, 0, 1, 1, 1, 0, 0]
D54[1, 0, 1, 1, 1, 1, -1]
D54[1, 1, 0, 1, -1, 1, 0]
D54[1, 1, 0, 1, 0, 0, 0]
D54[1, 1, 0, 1, 0, 1, -1]
D54[1, 1, 0, 1, 1, 0, -1]
D54[1, 1, 0, 1, 1, 1, -2]
D54[1, 1, 1, -1, 0, 1, 0]
D54[1, 1, 1, 0, -1, 1, 0]
D54[1, 1, 1, 0, 0, 0, 0]
D54[1, 1, 1, 0, 0, 1, -1]
D54[1, 1, 1, 0, 1, 0, -1]
D54[1, 1, 1, 0, 1, 1, -2]
D54[1, 1, 1, 1, -1, 1, 0]
D54[1, 1, 1, 1, 0, 0, 0]
D54[1, 1, 1, 1, 0, 1, -1]
D54[1, 1, 1, 1, 1, -1, 0]
D54[1, 1, 1, 1, 1, 0, -1]
D54[1, 1, 1, 1, 1, 1, -2]
D54[0, -1, 1, 1, 1, 1, 0]
D54[0, 0, 1, 1, 0, 1, 0]
D54[0, 0, 1, 1, 1, 0, 0]
D54[0, 0, 1, 1, 1, 1, -1]
D54[0, 1, 1, 1, 0, 0, 0]
D54[0, 1, 1, 1, 0, 1, -1]
D54[0, 1, 1, 1, 1, 0, -1]
D54[1, -1, 0, 1, 1, 1, 0]
D54[1, -1, 1, 0, 1, 1, 0]
D54[1, -1, 1, 1, 1, 1, 0]
D54[1, 0, 0, 1, 0, 1, 0]
D54[1, 0, 0, 1, 1, 0, 0]
D54[1, 0, 0, 1, 1, 1, -1]
D54[1, 0, 1, 0, 0, 1, 0]
D54[1, 0, 1, 0, 1, 0, 0]
D54[1, 0, 1, 0, 1, 1, -1]
D54[1, 0, 1, 1, 0, 1, 0]
D54[1, 0, 1, 1, 1, 0, 0]
D54[1, 0, 1, 1, 1, 1, -1]
D54[1, 1, 0, 1, -1, 1, 0]
D54[1, 1, 0, 1, 0, 0, 0]
D54[1, 1, 0, 1, 0, 1, -1]
D54[1, 1, 0, 1, 1, 0, -1]
D54[1, 1, 0, 1, 1, 1, -2]
D54[1, 1, 1, 0, -1, 1, 0]
D54[1, 1, 1, 0, 0, 0, 0]
D54[1, 1, 1, 0, 0, 1, -1]
D54[1, 1, 1, 0, 1, 0, -1]
D54[1, 1, 1, 0, 1, 1, -2]
D54[1, 1, 1, 1, -1, 1, 0]
D54[1, 1, 1, 1, 0, 0, 0]
D54[1, 1, 1, 1, 0, 1, -1]
D54[1, 1, 1, 1, 1, -1, 0]
D54[1, 1, 1, 1, 1, 0, -1]
D54[1, 1, 1, 1, 1, 1, -2]