0
10 2
6 4
1 -1 1 0 s+m2^2-m1^2 
0 0 1 0 0 
0 -1 2 0 2*s+2*m2^2-2*m1^2 
0 0 2 -1 2*m2^2 

1
10 3
6 12
0 0 0 1 0 
0 0 1 0 0 
1 0 0 0 0 
1 0 0 0 0 

0
10 4
2 4
1 0 0 0 0 
0 1 0 0 -m2^2 
0 0 1 0 0 
0 1 1 -1 -s+m1^2 

0
10 5
2 5
1 0 0 0 0 
0 1 0 0 -m2^2 
0 0 1 0 0 
0 1 1 -1 -s+m1^2 

0
10 6
6 6
-1 1 1 0 -s+m2^2+m1^2 
0 0 1 0 0 
0 1 0 0 0 
0 0 0 1 0 

1
10 7
6 14
0 0 0 1 0 
0 0 1 0 0 
0 1 0 0 0 
1 0 0 0 0 

0
10 9
1 9
1 0 0 0 0 
0 1 0 0 -m2^2 
0 0 1 0 -m1^2 
0 0 0 1 0 

0
10 10
6 12
-1 1 1 0 -s+m2^2+m1^2 
0 0 1 0 0 
0 1 0 0 0 
0 0 0 1 0 

1
10 11
9 13
1 0 0 0 0 
0 0 1 0 0 
0 1 0 0 0 
0 0 0 1 0 

1
10 12
2 5
0 1 0 0 0 
0 1 0 0 0 
0 0 1 0 0 
1 0 0 0 0 

0
10 13
4 13
1 0 0 0 0 
0 1 0 0 -m2^2 
0 0 1 0 0 
0 0 0 1 0 

0
10 14
6 14
-1 1 1 0 -s+m2^2+m1^2 
0 0 1 0 0 
0 1 0 0 0 
0 0 0 1 0 

1
10 15
9 15
1 0 0 0 0 
0 0 1 0 0 
0 1 0 0 0 
0 0 0 1 0 

