D44[0, 0, 0, 1, 1, 1, 0]
D44[0, 1, 0, 1, 0, 1, 0]
D44[0, 1, 0, 1, 1, 1, -1]
D44[0, 1, 0, 1, 1, 1, 0]
D44[1, 0, -1, 1, 1, 1, 0]
D44[1, 0, 0, 0, 1, 1, 0]
D44[1, 0, 0, 1, 1, 1, 0]
D44[1, 1, -1, 1, 0, 1, 0]
D44[1, 1, -1, 1, 1, 1, -1]
D44[1, 1, -1, 1, 1, 1, 0]
D44[1, 1, 0, 0, 0, 1, 0]
D44[1, 1, 0, 0, 1, 1, -1]
D44[1, 1, 0, 0, 1, 1, 0]
D44[1, 1, 0, 1, 0, 1, 0]
D44[1, 1, 0, 1, 1, 0, 0]
D44[1, 1, 0, 1, 1, 1, -1]
D44[1, 1, 0, 1, 1, 1, 0]
D44[-1, 0, 1, 1, 1, 1, 0]
D44[-1, 1, 1, 1, 1, 1, 0]
D44[0, 0, 1, 0, 1, 1, 0]
D44[0, 0, 1, 1, 1, 1, 0]
D44[0, 1, 1, 0, 0, 1, 0]
D44[0, 1, 1, 0, 1, 1, 0]
D44[0, 1, 1, 1, 0, 1, 0]
D44[0, 1, 1, 1, 1, 0, 0]
D44[0, 1, 1, 1, 1, 1, -1]
D44[0, 1, 1, 1, 1, 1, 0]
D44[1, 0, 1, -1, 1, 1, 0]
D44[1, 0, 1, 0, 1, 1, 0]
D44[1, 0, 1, 1, 1, 1, 0]
D44[1, 1, 1, -1, 1, 1, -1]
D44[1, 1, 1, -1, 1, 1, 0]
D44[1, 1, 1, 0, 0, 1, 0]
D44[1, 1, 1, 0, 1, 0, 0]
D44[1, 1, 1, 0, 1, 1, -1]
D44[1, 1, 1, 0, 1, 1, 0]
D44[1, 1, 1, 1, 0, 1, 0]
D44[1, 1, 1, 1, 1, 0, 0]
D44[1, 1, 1, 1, 1, 1, -1]
D44[1, 1, 1, 1, 1, 1, 0]
D44[-1, 1, 1, 0, 1, 1, 0]
D44[-1, 1, 1, 1, 0, 1, 0]
D44[-1, 1, 1, 1, 1, 0, 0]
D44[0, -1, 1, 1, 1, 1, 0]
D44[0, 0, 1, 1, 0, 1, 0]
D44[0, 0, 1, 1, 1, 0, 0]
D44[0, 0, 1, 1, 1, 1, -1]
D44[0, 1, 0, 0, 1, 1, 0]
D44[0, 1, 0, 1, 1, 0, 0]
D44[0, 1, 1, -1, 1, 1, 0]
D44[0, 1, 1, 0, 1, 0, 0]
D44[0, 1, 1, 0, 1, 1, -1]
D44[0, 1, 1, 1, 0, 0, 0]
D44[0, 1, 1, 1, 0, 1, -1]
D44[0, 1, 1, 1, 1, 0, -1]
D44[1, -1, 0, 1, 1, 1, 0]
D44[1, -1, 1, 0, 1, 1, 0]
D44[1, -1, 1, 1, 1, 1, 0]
D44[1, 0, 0, 1, 0, 1, 0]
D44[1, 0, 0, 1, 1, 0, 0]
D44[1, 0, 0, 1, 1, 1, -1]
D44[1, 0, 1, 0, 0, 1, 0]
D44[1, 0, 1, 0, 1, 0, 0]
D44[1, 0, 1, 0, 1, 1, -1]
D44[1, 0, 1, 1, 0, 1, 0]
D44[1, 0, 1, 1, 1, 0, 0]
D44[1, 0, 1, 1, 1, 1, -1]
D44[1, 1, -1, 0, 1, 1, 0]
D44[1, 1, -1, 1, 1, 0, 0]
D44[1, 1, 0, -1, 1, 1, 0]
D44[1, 1, 0, 0, 1, 0, 0]
D44[1, 1, 0, 1, -1, 1, 0]
D44[1, 1, 0, 1, 0, 0, 0]
D44[1, 1, 0, 1, 0, 1, -1]
D44[1, 1, 0, 1, 1, 0, -1]
D44[1, 1, 0, 1, 1, 1, -2]
D44[1, 1, 1, -2, 1, 1, 0]
D44[1, 1, 1, -1, 0, 1, 0]
D44[1, 1, 1, -1, 1, 0, 0]
D44[1, 1, 1, 0, -1, 1, 0]
D44[1, 1, 1, 0, 0, 0, 0]
D44[1, 1, 1, 0, 0, 1, -1]
D44[1, 1, 1, 0, 1, 0, -1]
D44[1, 1, 1, 0, 1, 1, -2]
D44[1, 1, 1, 1, -1, 1, 0]
D44[1, 1, 1, 1, 0, 0, 0]
D44[1, 1, 1, 1, 0, 1, -1]
D44[1, 1, 1, 1, 1, -1, 0]
D44[1, 1, 1, 1, 1, 0, -1]
D44[1, 1, 1, 1, 1, 1, -2]
D44[-1, 0, 1, 2, 0, 1, 0]
D44[-1, 0, 1, 2, 1, 0, 0]
D44[-1, 0, 1, 2, 1, 1, 0]
D44[0, 0, 0, 2, 0, 1, 0]
D44[0, 0, 0, 2, 1, 0, 0]
D44[0, 0, 0, 2, 1, 1, 0]
D44[0, 0, 1, 2, 0, 1, 0]
D44[0, 0, 1, 2, 1, 0, 0]
D44[0, 0, 1, 2, 1, 1, 0]
D44[1, 0, -1, 2, 0, 1, 0]
D44[1, 0, -1, 2, 1, 0, 0]
D44[1, 0, -1, 2, 1, 1, 0]
D44[1, 0, 0, 2, 0, 1, 0]
D44[1, 0, 0, 2, 1, 0, 0]
D44[1, 0, 0, 2, 1, 1, 0]
D44[1, 0, 1, 2, 0, 1, 0]
D44[1, 0, 1, 2, 1, 0, 0]
D44[1, 0, 1, 2, 1, 1, 0]