C41[-2, 1, 1, 1, 1, 1, 0]
C41[-1, 0, 1, 1, 1, 1, 0]
C41[-1, 1, 0, 1, 1, 1, 0]
C41[-1, 1, 1, 0, 1, 1, 0]
C41[-1, 1, 1, 1, 0, 1, 0]
C41[-1, 1, 1, 1, 1, 0, 0]
C41[-1, 1, 1, 1, 1, 1, -1]
C41[-1, 1, 1, 1, 1, 1, 0]
C41[0, 0, 0, 1, 1, 1, 0]
C41[0, 0, 1, 0, 1, 1, 0]
C41[0, 0, 1, 1, 0, 1, 0]
C41[0, 0, 1, 1, 1, 0, 0]
C41[0, 0, 1, 1, 1, 1, -1]
C41[0, 0, 1, 1, 1, 1, 0]
C41[0, 1, -1, 1, 1, 1, 0]
C41[0, 1, 0, 0, 1, 1, 0]
C41[0, 1, 0, 1, 0, 1, 0]
C41[0, 1, 0, 1, 1, 0, 0]
C41[0, 1, 0, 1, 1, 1, -1]
C41[0, 1, 0, 1, 1, 1, 0]
C41[0, 1, 1, -1, 1, 1, 0]
C41[0, 1, 1, 0, 0, 1, 0]
C41[0, 1, 1, 0, 1, 0, 0]
C41[0, 1, 1, 0, 1, 1, -1]
C41[0, 1, 1, 0, 1, 1, 0]
C41[0, 1, 1, 1, -1, 1, 0]
C41[0, 1, 1, 1, 0, 0, 0]
C41[0, 1, 1, 1, 0, 1, -1]
C41[0, 1, 1, 1, 0, 1, 0]
C41[0, 1, 1, 1, 1, -1, 0]
C41[0, 1, 1, 1, 1, 0, -1]
C41[0, 1, 1, 1, 1, 0, 0]
C41[0, 1, 1, 1, 1, 1, -2]
C41[0, 1, 1, 1, 1, 1, -1]
C41[0, 1, 1, 1, 1, 1, 0]
C41[1, -1, 0, 1, 1, 1, 0]
C41[1, -1, 1, 1, 1, 1, -1]
C41[1, -1, 1, 1, 1, 1, 0]
C41[1, 0, -1, 1, 1, 1, 0]
C41[1, 0, 0, 0, 1, 1, 0]
C41[1, 0, 0, 1, 0, 1, 0]
C41[1, 0, 0, 1, 1, 0, 0]
C41[1, 0, 0, 1, 1, 1, -1]
C41[1, 0, 0, 1, 1, 1, 0]
C41[1, 0, 1, 0, 1, 1, -1]
C41[1, 0, 1, 0, 1, 1, 0]
C41[1, 0, 1, 1, 0, 1, -1]
C41[1, 0, 1, 1, 0, 1, 0]
C41[1, 0, 1, 1, 1, 0, -1]
C41[1, 0, 1, 1, 1, 0, 0]
C41[1, 0, 1, 1, 1, 1, -2]
C41[1, 0, 1, 1, 1, 1, -1]
C41[1, 0, 1, 1, 1, 1, 0]
C41[1, 1, -2, 1, 1, 1, 0]
C41[1, 1, -1, 0, 1, 1, 0]
C41[1, 1, -1, 1, 0, 1, 0]
C41[1, 1, -1, 1, 1, 0, 0]
C41[1, 1, -1, 1, 1, 1, -1]
C41[1, 1, -1, 1, 1, 1, 0]
C41[1, 1, 0, -1, 1, 1, 0]
C41[1, 1, 0, 0, 0, 1, 0]
C41[1, 1, 0, 0, 1, 0, 0]
C41[1, 1, 0, 0, 1, 1, -1]
C41[1, 1, 0, 0, 1, 1, 0]
C41[1, 1, 0, 1, -1, 1, 0]
C41[1, 1, 0, 1, 0, 0, 0]
C41[1, 1, 0, 1, 0, 1, -1]
C41[1, 1, 0, 1, 0, 1, 0]
C41[1, 1, 0, 1, 1, 0, -1]
C41[1, 1, 0, 1, 1, 0, 0]
C41[1, 1, 0, 1, 1, 1, -2]
C41[1, 1, 0, 1, 1, 1, -1]
C41[1, 1, 0, 1, 1, 1, 0]
C41[1, 1, 1, -1, 1, 1, -1]
C41[1, 1, 1, -1, 1, 1, 0]
C41[1, 1, 1, 0, 0, 1, -1]
C41[1, 1, 1, 0, 0, 1, 0]
C41[1, 1, 1, 0, 1, 0, -1]
C41[1, 1, 1, 0, 1, 0, 0]
C41[1, 1, 1, 0, 1, 1, -2]
C41[1, 1, 1, 0, 1, 1, -1]
C41[1, 1, 1, 0, 1, 1, 0]
C41[1, 1, 1, 1, -1, 1, -1]
C41[1, 1, 1, 1, -1, 1, 0]
C41[1, 1, 1, 1, 0, 0, -1]
C41[1, 1, 1, 1, 0, 0, 0]
C41[1, 1, 1, 1, 0, 1, -2]
C41[1, 1, 1, 1, 0, 1, -1]
C41[1, 1, 1, 1, 0, 1, 0]
C41[1, 1, 1, 1, 1, -1, -1]
C41[1, 1, 1, 1, 1, -1, 0]
C41[1, 1, 1, 1, 1, 0, -2]
C41[1, 1, 1, 1, 1, 0, -1]
C41[1, 1, 1, 1, 1, 0, 0]
C41[1, 1, 1, 1, 1, 1, -3]
C41[1, 1, 1, 1, 1, 1, -2]
C41[1, 1, 1, 1, 1, 1, -1]
C41[1, 1, 1, 1, 1, 1, 0]