0
9 2
2 4
1 -1 1 0 s+m1^2 
0 0 1 0 0 
0 -1 2 0 2*s+m1^2 
0 0 2 -1 2*m1^2 

1
9 3
2 5
1 0 0 0 0 
0 0 1 0 0 
0 1 0 0 0 
0 1 0 0 0 

0
9 4
2 4
1 0 0 0 0 
0 1 0 0 -m1^2 
0 0 1 0 0 
0 1 1 -1 -s+m1^2 

0
9 5
2 5
1 0 0 0 0 
0 1 0 0 -m1^2 
0 0 1 0 0 
0 1 1 -1 -s+m1^2 

0
9 6
8 6
1 0 0 0 0 
0 1 0 0 0 
0 0 1 0 0 
0 1 1 -1 -s+2*m1^2 

0
9 7
8 7
1 0 0 0 0 
0 1 0 0 0 
0 0 1 0 0 
0 1 1 -1 -s+2*m1^2 

0
9 9
1 9
1 0 0 0 0 
0 1 0 0 -m1^2 
0 0 1 0 -m1^2 
0 0 0 1 0 

1
9 10
2 5
0 1 0 0 0 
0 0 1 0 0 
0 1 0 0 0 
1 0 0 0 0 

1
9 11
4 13
1 0 0 0 0 
0 0 1 0 0 
0 1 0 0 0 
0 0 0 1 0 

1
9 12
2 5
0 1 0 0 0 
0 1 0 0 0 
0 0 1 0 0 
1 0 0 0 0 

0
9 13
4 13
1 0 0 0 0 
0 1 0 0 -m1^2 
0 0 1 0 0 
0 0 0 1 0 

1
9 14
8 7
0 0 0 1 0 
0 1 0 0 0 
0 0 1 0 0 
1 0 0 0 0 

