0
21 6
11 3
2 0 -1 0 0 0 0 0 0 2*m1^2 
0 1 0 0 0 0 0 0 0 0 
1 0 0 0 0 0 0 0 0 0 
0 0 0 1 0 0 0 0 0 0 
1 -1 -1 0 1 0 0 0 1 -2*m2^2+m1^2 
1 0 -1 0 0 1 0 0 0 s 
0 0 0 0 0 0 1 0 0 0 
1 0 -1 0 0 0 0 1 0 m1^2+t 
0 0 0 0 0 0 0 0 1 0 

0
21 7
11 7
0 0 1 0 0 0 0 0 0 0 
0 1 0 0 0 0 0 0 0 0 
1 0 0 0 0 0 0 0 0 0 
0 0 0 1 0 0 0 0 0 0 
1 3 1 0 -1 0 0 0 -1 2*m2^2+m1^2 
1 0 1 0 0 -1 0 0 0 s 
0 0 0 0 0 0 1 0 0 0 
1 0 1 0 0 0 0 -1 0 m1^2+t 
0 0 0 0 0 0 0 0 1 0 

0
21 12
11 3
2 0 -1 0 0 0 0 0 0 2*m1^2 
0 2 0 -1 0 0 0 0 0 2*s 
1 0 0 0 0 0 0 0 0 0 
0 1 0 0 0 0 0 0 0 0 
1 0 -2 -1 1 1 0 0 1 2*s-2*m2^2+m1^2 
1 0 -1 0 0 1 0 0 0 s 
0 1 0 -1 0 0 1 0 0 3*s 
1 0 -1 0 0 0 0 1 0 m1^2+t 
0 1 0 -1 0 0 0 0 1 3*s 

0
21 13
11 7
0 0 1 0 0 0 0 0 0 0 
0 2 0 -1 0 0 0 0 0 2*s 
1 0 0 0 0 0 0 0 0 0 
0 1 0 0 0 0 0 0 0 0 
1 4 2 -1 -1 -1 0 0 -1 2*s+2*m2^2+m1^2 
1 0 1 0 0 -1 0 0 0 s 
0 1 0 -1 0 0 1 0 0 3*s 
1 0 1 0 0 0 0 -1 0 m1^2+t 
0 1 0 -1 0 0 0 0 1 3*s 

0
21 14
11 11
2 0 -1 0 0 0 0 0 0 2*m1^2 
0 1 0 0 0 0 0 0 0 0 
1 0 0 0 0 0 0 0 0 0 
0 0 0 1 0 0 0 0 0 0 
1 -1 -1 0 1 0 0 0 1 -2*m2^2+m1^2 
1 0 -1 0 0 1 0 0 0 s 
0 0 0 0 0 0 1 0 0 0 
1 0 -1 0 0 0 0 1 0 m1^2+t 
0 0 0 0 0 0 0 0 1 0 

0
21 15
11 15
0 0 1 0 0 0 0 0 0 0 
0 1 0 0 0 0 0 0 0 0 
1 0 0 0 0 0 0 0 0 0 
0 0 0 1 0 0 0 0 0 0 
1 3 1 0 -1 0 0 0 -1 2*m2^2+m1^2 
1 0 1 0 0 -1 0 0 0 s 
0 0 0 0 0 0 1 0 0 0 
1 0 1 0 0 0 0 -1 0 m1^2+t 
0 0 0 0 0 0 0 0 1 0 

0
21 18
15 18
1 0 0 0 0 0 0 0 0 0 
0 1 0 0 0 0 0 0 0 0 
0 0 1 0 0 0 0 0 0 -m1^2 
0 0 0 1 0 0 0 0 0 0 
0 0 0 0 1 0 0 0 0 0 
0 0 0 0 0 1 0 0 0 0 
0 0 0 0 0 0 1 0 0 0 
0 0 0 0 0 0 0 1 0 0 
0 0 0 0 0 0 0 0 1 0 

0
21 19
15 19
1 0 0 0 0 0 0 0 0 0 
0 1 0 0 0 0 0 0 0 0 
0 0 1 0 0 0 0 0 0 -m1^2 
0 0 0 1 0 0 0 0 0 0 
0 0 0 0 1 0 0 0 0 0 
0 0 0 0 0 1 0 0 0 0 
0 0 0 0 0 0 1 0 0 0 
0 0 0 0 0 0 0 1 0 0 
0 0 0 0 0 0 0 0 1 0 

0
21 20
11 3
2 0 -1 0 0 0 0 0 0 2*m1^2 
1 3 1 0 -1 0 0 0 -1 2*m2^2+m1^2 
1 0 0 0 0 0 0 0 0 0 
1 2 0 1 -1 1 0 0 -1 2*m2^2+m1^2 
0 1 0 0 0 0 0 0 0 0 
1 0 -1 0 0 1 0 0 0 s 
0 2 1 0 -1 0 1 1 -1 2*m2^2 
1 0 -1 0 0 0 0 1 0 m1^2+t 
0 2 2 0 -1 0 0 0 0 2*m2^2 

0
21 21
11 7
0 0 1 0 0 0 0 0 0 0 
1 -1 -1 0 1 0 0 0 1 -2*m2^2+m1^2 
1 0 0 0 0 0 0 0 0 0 
1 -2 0 1 1 -1 0 0 1 -2*m2^2+m1^2 
0 1 0 0 0 0 0 0 0 0 
1 0 1 0 0 -1 0 0 0 s 
2 -2 -1 0 1 0 1 -1 1 -2*m2^2+2*m1^2 
1 0 1 0 0 0 0 -1 0 m1^2+t 
2 -2 -2 0 1 0 0 0 2 -2*m2^2+2*m1^2 

0
21 22
15 56
1 0 -1 0 0 1 0 0 0 s+m1^2 
0 0 0 1 0 0 0 0 0 0 
0 0 0 0 0 1 0 0 0 0 
0 -1 0 2 0 0 0 0 0 2*s 
0 0 0 0 1 0 0 0 0 0 
0 0 -1 0 0 2 0 0 0 2*s+m1^2 
0 -1 0 1 0 0 1 0 0 -s 
0 0 -1 0 0 1 0 1 0 m1^2 
0 -1 0 1 0 0 0 0 1 -s 

1
21 23
15 57
1 0 0 0 0 0 0 0 0 0 
0 0 0 1 0 0 0 0 0 0 
0 0 0 0 0 1 0 0 0 0 
0 1 0 0 0 0 0 0 0 0 
0 0 0 0 1 0 0 0 0 0 
0 1 0 0 0 0 0 0 0 0 
0 1 0 0 0 0 0 0 0 0 
0 1 0 0 0 0 0 0 0 0 
0 1 0 0 0 0 0 0 0 0 

0
21 24
15 18
1 0 1 0 0 -1 0 0 0 s-m1^2 
0 2 0 -1 0 0 0 0 0 2*s 
0 0 2 0 0 -1 0 0 0 2*s-2*m1^2 
0 1 0 0 0 0 0 0 0 0 
0 0 0 0 1 0 0 0 0 0 
0 0 1 0 0 0 0 0 0 -m1^2 
0 1 0 -1 0 0 1 0 0 3*s 
0 0 1 0 0 -1 0 1 0 2*s-m1^2 
0 1 0 -1 0 0 0 0 1 3*s 

1
21 25
15 19
1 0 0 0 0 0 0 0 0 0 
0 0 1 0 0 0 0 0 0 0 
0 0 1 0 0 0 0 0 0 0 
0 1 0 0 0 0 0 0 0 0 
0 0 0 0 1 0 0 0 0 0 
0 0 1 0 0 0 0 0 0 0 
0 0 1 0 0 0 0 0 0 0 
0 0 1 0 0 0 0 0 0 0 
0 0 1 0 0 0 0 0 0 0 

0
21 26
15 26
1 0 0 0 0 0 0 0 0 0 
0 1 0 0 0 0 0 0 0 0 
0 0 1 0 0 0 0 0 0 -m1^2 
0 0 0 1 0 0 0 0 0 0 
0 0 0 0 1 0 0 0 0 0 
0 0 0 0 0 1 0 0 0 0 
0 0 0 0 0 0 1 0 0 0 
0 0 0 0 0 0 0 1 0 0 
0 0 0 0 0 0 0 0 1 0 

0
21 27
15 27
1 0 0 0 0 0 0 0 0 0 
0 1 0 0 0 0 0 0 0 0 
0 0 1 0 0 0 0 0 0 -m1^2 
0 0 0 1 0 0 0 0 0 0 
0 0 0 0 1 0 0 0 0 0 
0 0 0 0 0 1 0 0 0 0 
0 0 0 0 0 0 1 0 0 0 
0 0 0 0 0 0 0 1 0 0 
0 0 0 0 0 0 0 0 1 0 

0
21 28
15 50
-1 0 1 0 0 1 0 0 0 -s+m1^2 
0 0 0 1 0 0 0 0 0 0 
0 0 0 0 0 1 0 0 0 0 
0 1 0 0 0 0 0 0 0 0 
0 0 0 0 1 0 0 0 0 0 
0 0 1 0 0 0 0 0 0 -m1^2 
0 1 0 1 0 0 -1 0 0 s+2*m2^2 
0 0 1 0 0 1 0 -1 0 m1^2+2*t 
0 1 0 1 0 0 0 0 -1 s+2*m2^2 

1
21 29
15 51
1 0 0 0 0 0 0 0 0 0 
0 0 1 0 0 0 0 0 0 0 
0 0 0 0 0 1 0 0 0 0 
0 1 0 0 0 0 0 0 0 0 
0 0 0 0 1 0 0 0 0 0 
0 0 1 0 0 0 0 0 0 0 
0 0 1 0 0 0 0 0 0 0 
0 0 1 0 0 0 0 0 0 0 
0 0 1 0 0 0 0 0 0 0 

0
21 30
15 58
-1 0 1 0 0 1 0 0 0 -s+m1^2 
0 0 0 1 0 0 0 0 0 0 
0 0 0 0 0 1 0 0 0 0 
0 1 0 0 0 0 0 0 0 0 
0 0 0 0 1 0 0 0 0 0 
0 0 1 0 0 0 0 0 0 -m1^2 
0 1 0 1 0 0 -1 0 0 s+2*m2^2 
0 0 1 0 0 1 0 -1 0 m1^2+2*t 
0 1 0 1 0 0 0 0 -1 s+2*m2^2 

1
21 31
15 59
1 0 0 0 0 0 0 0 0 0 
0 0 0 1 0 0 0 0 0 0 
0 0 0 0 0 1 0 0 0 0 
0 1 0 0 0 0 0 0 0 0 
0 0 0 0 1 0 0 0 0 0 
0 0 1 0 0 0 0 0 0 0 
0 0 1 0 0 0 0 0 0 0 
0 0 1 0 0 0 0 0 0 0 
0 0 1 0 0 0 0 0 0 0 

0
21 34
11 3
2 0 0 0 0 -1 0 0 0 2*m1^2 
0 1 0 0 0 0 0 0 0 0 
1 0 1 0 0 -1 0 0 0 s 
0 0 0 1 0 0 0 0 0 0 
1 -2 0 1 1 -1 0 0 1 -2*m2^2+m1^2 
1 0 0 0 0 0 0 0 0 0 
0 0 0 0 0 0 1 0 0 0 
1 0 0 0 0 -1 0 1 0 s+m1^2+t 
0 0 0 0 0 0 0 0 1 0 

1
21 35
11 7
0 0 1 0 0 0 0 0 0 0 
0 1 0 0 0 0 0 0 0 0 
0 0 0 1 0 0 0 0 0 0 
0 0 0 1 0 0 0 0 0 0 
0 0 0 1 0 0 0 0 0 0 
1 0 0 0 0 0 0 0 0 0 
0 0 0 1 0 0 0 0 0 0 
0 0 0 1 0 0 0 0 0 0 
0 0 0 1 0 0 0 0 0 0 

0
21 38
12 11
0 2 0 0 0 0 0 0 -1 2*m1^2 
1 0 0 0 0 0 0 0 0 0 
0 1 0 0 0 0 0 0 0 0 
1 0 1 0 0 -1 0 0 0 s 
1 3 1 0 -1 0 0 0 -1 3*m1^2 
0 0 0 1 0 0 0 0 0 0 
2 0 0 0 0 0 0 -1 0 2*m2^2 
0 1 0 0 0 0 1 0 -1 m1^2+t 
2 0 -1 0 0 0 0 0 0 2*m2^2 

0
21 39
18 53
1 0 0 0 0 0 0 0 0 0 
0 0 0 0 1 0 0 0 0 0 
0 0 1 0 0 0 0 0 0 0 
0 -1 1 1 1 -1 0 0 0 s 
0 -1 2 0 2 0 0 0 0 m2^2+m1^2 
0 0 0 0 0 1 0 0 0 0 
1 -1 0 0 1 0 1 -1 0 m2^2-m1^2+t 
0 0 0 0 0 0 0 1 0 0 
1 -1 -1 0 1 0 0 0 1 m2^2-2*m1^2 

0
21 40
11 3
2 0 0 0 0 -1 0 0 0 2*m1^2 
0 2 0 -1 0 0 0 0 0 2*s 
1 0 1 0 0 -1 0 0 0 s 
0 1 0 0 0 0 0 0 0 0 
1 -1 -1 0 1 0 0 0 1 -2*m2^2+m1^2 
1 0 0 0 0 0 0 0 0 0 
0 1 0 -1 0 0 1 0 0 3*s 
1 0 0 0 0 -1 0 1 0 s+m1^2+t 
0 1 0 -1 0 0 0 0 1 3*s 

1
21 41
11 7
0 0 1 0 0 0 0 0 0 0 
0 0 0 1 0 0 0 0 0 0 
0 0 0 1 0 0 0 0 0 0 
0 1 0 0 0 0 0 0 0 0 
0 0 0 1 0 0 0 0 0 0 
1 0 0 0 0 0 0 0 0 0 
0 0 0 1 0 0 0 0 0 0 
0 0 0 1 0 0 0 0 0 0 
0 0 0 1 0 0 0 0 0 0 

0
21 42
11 11
2 0 0 0 0 -1 0 0 0 2*m1^2 
0 0 0 1 0 0 0 0 0 0 
1 0 1 0 0 -1 0 0 0 s 
0 1 0 0 0 0 0 0 0 0 
1 3 1 0 -1 0 0 0 -1 2*m2^2+m1^2 
1 0 0 0 0 0 0 0 0 0 
0 1 0 1 0 0 -1 0 0 s+2*m2^2 
1 0 0 0 0 -1 0 1 0 s+m1^2+t 
0 1 0 1 0 0 0 0 -1 s+2*m2^2 

1
21 43
11 15
0 0 1 0 0 0 0 0 0 0 
0 1 0 0 0 0 0 0 0 0 
0 0 0 0 1 0 0 0 0 0 
0 0 0 1 0 0 0 0 0 0 
0 0 0 0 1 0 0 0 0 0 
1 0 0 0 0 0 0 0 0 0 
0 0 0 0 1 0 0 0 0 0 
0 0 0 0 1 0 0 0 0 0 
0 0 0 0 1 0 0 0 0 0 

0
21 44
12 11
0 2 0 0 0 0 0 0 -1 2*m1^2 
1 0 -1 0 0 1 0 0 0 s 
0 1 0 0 0 0 0 0 0 0 
1 0 0 0 0 0 0 0 0 0 
1 2 0 1 -1 1 0 0 -1 3*m1^2 
0 0 0 1 0 0 0 0 0 0 
2 0 -1 0 0 1 0 -1 0 2*s+2*m2^2 
0 1 0 0 0 0 1 0 -1 m1^2+t 
2 0 -2 0 0 1 0 0 0 2*s+2*m2^2 

0
21 45
18 53
1 0 0 0 0 0 0 0 0 0 
0 1 -1 -1 1 1 0 0 0 s 
0 0 1 0 0 0 0 0 0 0 
0 0 0 0 1 0 0 0 0 0 
0 0 0 -1 2 2 0 0 0 m2^2+m1^2 
0 0 0 0 0 1 0 0 0 0 
1 0 -1 -1 1 1 1 -1 0 2*s+m2^2-m1^2+t 
0 0 0 0 0 0 0 1 0 0 
1 0 -2 -1 1 1 0 0 1 2*s+m2^2-2*m1^2 

0
21 46
20 46
0 -1 0 1 0 0 0 0 1 -s 
0 0 1 0 0 0 0 0 0 0 
0 0 0 1 0 0 0 0 0 0 
0 0 0 0 0 1 0 0 0 0 
0 1 1 1 -1 1 0 0 0 -s+m2^2+m1^2 
0 1 0 0 0 0 0 0 0 0 
-1 0 1 0 0 0 0 1 0 m2^2-t 
0 0 0 1 0 0 -1 0 1 m1^2+t 
-1 0 2 0 0 0 0 0 0 2*m2^2 

0
21 48
11 3
2 0 0 0 0 -1 0 0 0 2*m1^2 
1 4 2 -1 -1 -1 0 0 -1 2*s+2*m2^2+m1^2 
1 0 1 0 0 -1 0 0 0 s 
1 3 1 0 -1 0 0 0 -1 2*m2^2+m1^2 
0 1 0 0 0 0 0 0 0 0 
1 0 0 0 0 0 0 0 0 0 
0 3 2 -1 -1 -1 1 1 -1 3*s+2*m2^2 
1 0 0 0 0 -1 0 1 0 s+m1^2+t 
0 3 3 -1 -1 -1 0 0 0 3*s+2*m2^2 

1
21 49
11 7
0 0 1 0 0 0 0 0 0 0 
0 0 0 1 0 0 0 0 0 0 
0 0 0 1 0 0 0 0 0 0 
0 0 0 1 0 0 0 0 0 0 
0 1 0 0 0 0 0 0 0 0 
1 0 0 0 0 0 0 0 0 0 
0 0 0 1 0 0 0 0 0 0 
0 0 0 1 0 0 0 0 0 0 
0 0 0 1 0 0 0 0 0 0 

0
21 50
15 50
1 0 0 0 0 0 0 0 0 0 
0 1 0 0 0 0 0 0 0 0 
0 0 1 0 0 0 0 0 0 -m1^2 
0 0 0 1 0 0 0 0 0 0 
0 0 0 0 1 0 0 0 0 0 
0 0 0 0 0 1 0 0 0 0 
0 0 0 0 0 0 1 0 0 0 
0 0 0 0 0 0 0 1 0 0 
0 0 0 0 0 0 0 0 1 0 

0
21 51
15 51
1 0 0 0 0 0 0 0 0 0 
0 1 0 0 0 0 0 0 0 0 
0 0 1 0 0 0 0 0 0 -m1^2 
0 0 0 1 0 0 0 0 0 0 
0 0 0 0 1 0 0 0 0 0 
0 0 0 0 0 1 0 0 0 0 
0 0 0 0 0 0 1 0 0 0 
0 0 0 0 0 0 0 1 0 0 
0 0 0 0 0 0 0 0 1 0 

0
21 52
12 11
0 2 0 0 0 0 0 0 -1 2*m1^2 
1 -1 -1 0 1 0 0 0 1 -m1^2 
0 1 0 0 0 0 0 0 0 0 
1 -2 0 1 1 -1 0 0 1 -m1^2 
1 0 0 0 0 0 0 0 0 0 
0 0 0 1 0 0 0 0 0 0 
2 -2 -1 0 1 0 1 -1 1 2*m2^2-2*m1^2 
0 1 0 0 0 0 1 0 -1 m1^2+t 
2 -2 -2 0 1 0 0 0 2 2*m2^2-2*m1^2 

0
21 53
18 53
1 0 0 0 0 0 0 0 0 0 
0 1 0 0 0 0 0 0 0 -m2^2+m1^2 
0 0 1 0 0 0 0 0 0 0 
0 0 0 1 0 0 0 0 0 -m2^2+m1^2 
0 0 0 0 1 0 0 0 0 0 
0 0 0 0 0 1 0 0 0 0 
0 0 0 0 0 0 1 0 0 0 
0 0 0 0 0 0 0 1 0 0 
0 0 0 0 0 0 0 0 1 0 

0
21 56
15 56
1 0 0 0 0 0 0 0 0 0 
0 1 0 0 0 0 0 0 0 0 
0 0 1 0 0 0 0 0 0 -m1^2 
0 0 0 1 0 0 0 0 0 0 
0 0 0 0 1 0 0 0 0 0 
0 0 0 0 0 1 0 0 0 0 
0 0 0 0 0 0 1 0 0 0 
0 0 0 0 0 0 0 1 0 0 
0 0 0 0 0 0 0 0 1 0 

0
21 57
15 57
1 0 0 0 0 0 0 0 0 0 
0 1 0 0 0 0 0 0 0 0 
0 0 1 0 0 0 0 0 0 -m1^2 
0 0 0 1 0 0 0 0 0 0 
0 0 0 0 1 0 0 0 0 0 
0 0 0 0 0 1 0 0 0 0 
0 0 0 0 0 0 1 0 0 0 
0 0 0 0 0 0 0 1 0 0 
0 0 0 0 0 0 0 0 1 0 

0
21 58
15 58
1 0 0 0 0 0 0 0 0 0 
0 1 0 0 0 0 0 0 0 0 
0 0 1 0 0 0 0 0 0 -m1^2 
0 0 0 1 0 0 0 0 0 0 
0 0 0 0 1 0 0 0 0 0 
0 0 0 0 0 1 0 0 0 0 
0 0 0 0 0 0 1 0 0 0 
0 0 0 0 0 0 0 1 0 0 
0 0 0 0 0 0 0 0 1 0 

0
21 59
15 59
1 0 0 0 0 0 0 0 0 0 
0 1 0 0 0 0 0 0 0 0 
0 0 1 0 0 0 0 0 0 -m1^2 
0 0 0 1 0 0 0 0 0 0 
0 0 0 0 1 0 0 0 0 0 
0 0 0 0 0 1 0 0 0 0 
0 0 0 0 0 0 1 0 0 0 
0 0 0 0 0 0 0 1 0 0 
0 0 0 0 0 0 0 0 1 0 

0
21 60
21 54
-1 0 1 0 0 1 0 0 0 -s+2*m1^2 
0 0 0 1 0 0 0 0 0 0 
0 0 0 0 0 1 0 0 0 0 
0 1 0 0 0 0 0 0 0 0 
0 0 0 0 1 0 0 0 0 0 
0 0 1 0 0 0 0 0 0 0 
0 1 0 1 0 0 -1 0 0 s+2*m2^2 
0 0 1 0 0 1 0 -1 0 2*m1^2+2*t 
0 1 0 1 0 0 0 0 -1 s+2*m2^2 

1
21 61
21 55
1 0 0 0 0 0 0 0 0 0 
0 0 0 1 0 0 0 0 0 0 
0 0 0 0 0 1 0 0 0 0 
0 1 0 0 0 0 0 0 0 0 
0 0 0 0 1 0 0 0 0 0 
0 0 1 0 0 0 0 0 0 0 
0 0 0 1 0 0 0 0 0 0 
0 0 0 1 0 0 0 0 0 0 
0 0 0 1 0 0 0 0 0 0 

