504 2310511841905871339 1 6
5 3 7 4 6 8 

500 9754797263573146218 1 6
7 2 5 8 4 6 

498 3657478678253793056 1 6
5 7 4 8 1 6 

497 3304384804356501605 1 6
5 0 7 6 8 4 

492 9254184851125698361 1 6
3 7 5 2 6 8 

490 11465804271491692409 1 6
5 3 7 6 1 8 

489 17165332320257031595 1 6
5 6 8 3 0 7 

486 903915095879001202 1 6
7 2 5 1 8 6 

485 12377261690584362381 1 6
2 5 0 7 6 8 

483 8644696553885313077 1 6
5 0 7 6 1 8 

476 542370574151467649 1 6
2 3 7 8 4 6 

474 4435541968953996718 1 6
3 7 4 8 6 1 

473 981055646519760157 1 6
3 0 7 4 8 6 

470 5340034860951013298 1 6
2 7 8 1 4 6 

469 5020206161630360617 1 6
2 0 7 8 6 4 

462 3716103519252598516 1 6
2 3 7 1 8 6 

461 10383593091956141489 1 6
2 8 6 3 0 7 

459 13310443608253145455 2 6
3 0 7 6 8 1 
3 0 7 8 6 1 

455 2786823197412310119 1 6
2 0 7 8 1 6 

444 15972626448570292623 1 6
3 7 5 2 4 8 

442 8898443230777610154 1 6
5 3 7 4 8 1 

441 2171557603587176736 1 6
5 4 8 3 0 7 

438 1615007219587935784 1 6
7 2 5 8 1 4 

437 5945038941447535794 1 6
2 5 8 4 7 0 

435 16210313666038033431 1 6
5 0 7 8 4 1 

430 8747091872583032594 1 6
2 5 3 7 1 8 

429 7508470828560622075 1 6
8 2 5 3 0 7 

427 7213435847356468486 1 6
5 1 8 3 0 7 

423 16908583516246212195 2 6
2 5 0 7 1 8 
2 5 1 8 0 7 

414 13498696867961573128 1 6
2 3 7 8 1 4 

413 3589317328988352847 1 6
2 8 4 3 0 7 

411 8226391701357625509 1 6
3 0 7 4 8 1 

407 9025833746356699492 1 6
2 7 0 8 1 4 

399 4665481655656747785 1 6
2 1 8 3 0 7 

380 3447608137074241931 1 6
3 5 2 4 6 8 

378 1937449032211186959 2 6
3 5 4 6 8 1 
5 3 4 6 8 1 

377 12311271099735060771 1 6
5 3 0 4 6 8 

374 16486936726723697688 2 6
2 5 4 8 6 1 
5 2 4 8 6 1 

373 2662937935563128285 1 6
0 2 5 6 8 4 

371 1382517657553154239 1 6
5 0 6 8 4 1 

366 15716184285505699497 1 6
3 5 2 6 1 8 

365 3492976933566591001 1 6
3 0 5 2 6 8 

363 10930937955402503286 1 6
5 3 0 6 1 8 

359 984217957787455214 1 6
0 2 5 6 1 8 

350 4120163986191914057 2 6
2 3 4 8 6 1 
3 2 4 8 6 1 

349 7225260374214386428 1 6
2 3 0 8 6 4 

347 2050714995440499463 1 6
3 0 4 8 6 1 

343 7989899064637168424 1 6
2 0 8 6 1 4 

335 10297231293413110299 1 6
2 3 0 6 1 8 

318 11910390318528301206 1 6
3 5 2 4 8 1 

317 16734745254039355483 1 6
3 0 5 2 4 8 

315 2711268959818043207 1 6
5 3 0 4 8 1 

311 18391111130993466813 1 6
0 2 5 8 1 4 

303 10134289155647425027 1 6
3 0 2 5 1 8 

287 16409432258054426021 1 6
2 3 0 8 1 4 

252 8559941319508588143 1 6
3 7 5 2 4 6 

250 16683615474398793328 1 6
5 3 7 4 6 1 

249 3742205678661716220 1 6
5 4 6 3 0 7 

246 4203141066287437323 1 6
7 2 5 1 4 6 

245 488072383215803929 1 6
2 5 6 4 0 7 

243 11829787339946742670 1 6
5 0 7 6 1 4 

238 14210303403068032930 1 6
3 7 5 2 6 1 

237 15234650127208819547 1 6
6 5 2 3 0 7 

235 16857253950981166148 1 6
5 6 1 3 0 7 

231 9192048488044635277 1 6
2 5 0 7 6 1 

222 4848749062052570337 1 6
2 3 7 1 4 6 

221 13784385559930374210 1 6
2 6 4 3 0 7 

219 3381556534821535377 1 6
3 0 7 4 6 1 

215 13258189249148290963 1 6
2 0 7 1 6 4 

207 17622543503462397025 1 6
2 1 6 3 0 7 

190 13156330567618427765 1 6
3 7 5 2 4 1 

189 5796944255043749816 1 6
4 5 2 3 0 7 

187 16945289213643283214 1 6
5 4 1 3 0 7 

183 13126956324391532413 1 6
2 5 1 4 0 7 

175 9059540213987437309 1 6
1 2 5 3 0 7 

159 18011718395370589432 1 6
2 1 4 3 0 7 

126 13615819207762598799 1 6
3 5 2 4 6 1 

125 17417076770632996435 1 6
3 0 5 2 4 6 

123 3787845593972883562 1 6
5 3 0 4 6 1 

119 13325380513386997679 1 6
0 2 5 6 1 4 

111 2146650520814350923 1 6
3 0 5 2 6 1 

95 13589431219407941460 1 6
2 3 0 6 1 4 

63 8713367495657452265 1 6
3 0 5 2 4 1 

496 3881769681272161984 1 5
5 7 4 8 6 

488 10760760023592285095 1 5
5 3 7 6 8 

484 1623824944271406827 1 5
7 2 5 8 6 

482 4500251271777165723 1 5
5 7 1 6 8 

481 12017300656333861256 1 5
5 0 7 6 8 

472 16995731017962960835 1 5
3 7 4 8 6 

468 2156363537268448012 1 5
2 7 8 4 6 

460 2986209274674810369 1 5
2 3 7 8 6 

458 15296767127831445067 2 5
3 7 6 8 1 
3 7 8 6 1 

457 8769248564891719360 2 5
6 8 3 0 7 
8 6 3 0 7 

454 11495144276201514219 1 5
2 7 8 1 6 

326 17323472317724805963 2 4
2 6 8 1 
2 8 6 1 

69 10164275991930780276 2 3
2 0 6 
2 6 0 

291 17933958609332931213 1 4
5 0 1 8 

270 11708210289532111229 2 4
2 3 1 8 
3 2 1 8 

13 15607129978838971647 1 3
2 3 0 

263 9057189885774948332 2 4
2 0 1 8 
2 0 8 1 

163 17933958609332931213 1 4
5 1 0 7 

420 16826841873225418795 2 4
7 8 2 5 
8 7 2 5 

135 9057189885774948332 2 4
2 1 0 7 
2 1 7 0 

120 2337211958534168793 2 4
3 5 4 6 
5 3 4 6 

116 15526536257939212014 2 4
2 5 4 6 
5 2 4 6 

114 13822352824316783431 1 4
5 4 6 1 

240 12177035062092104007 1 4
5 7 4 6 

113 5766586364197553977 1 4
5 0 6 4 

370 12278667815192020448 1 5
5 4 8 6 1 

108 13737459756162579983 1 4
3 6 5 2 

106 13817135076857646599 2 4
3 5 6 1 
5 3 6 1 

232 7801802725249003514 1 4
5 6 3 7 

105 4885991497759587084 1 4
5 6 3 0 

362 4340464284230705665 2 5
3 5 6 1 8 
5 3 6 1 8 

228 14300606604029421249 2 4
6 7 2 5 
7 6 2 5 

101 15758658392298015150 4 4
0 6 5 2 
0 6 2 5 
6 0 5 2 
6 0 2 5 

358 10645122254355894330 4 5
2 5 6 8 1 
2 5 8 6 1 
5 2 6 8 1 
5 2 8 6 1 

226 3943872485054300138 1 4
5 7 1 6 

99 5608074591646949395 1 4
5 0 6 1 

356 14464167780659427917 4 4
2 5 6 8 
2 5 8 6 
5 2 6 8 
5 2 8 6 

92 4402208478037319299 2 4
2 3 4 6 
3 2 4 6 

90 13822352824316783431 1 4
3 4 6 1 

216 4973887760071754056 1 4
3 7 4 6 

89 15850125325034425492 1 4
3 0 4 6 

346 12278667815192020448 1 5
3 4 8 6 1 

86 13822352824316783431 1 4
2 4 6 1 

212 4146233282177113605 1 4
2 7 4 6 

85 5766586364197553977 1 4
2 0 6 4 

342 12278667815192020448 1 5
2 4 8 6 1 

78 11938277985393784018 4 4
2 3 1 6 
2 3 6 1 
3 2 1 6 
3 2 6 1 

204 9034910473747219342 1 4
2 6 3 7 

77 17305088081069376764 1 4
2 6 3 0 

334 7391013277231882585 2 5
2 3 6 1 8 
3 2 6 1 8 

325 8009449736992031641 2 4
2 0 6 8 
2 0 8 6 

198 11451003893313735788 1 4
2 7 1 6 

71 9057189885774948332 2 4
2 0 1 6 
2 0 6 1 

328 5092426695453579787 2 3
3 6 8 
3 8 6 

60 8650740508346701888 1 4
3 4 5 2 

312 11262876109451660352 2 4
3 5 4 8 
5 3 4 8 

55 13273166223940836047 1 5
0 2 5 1 4 

58 14802218186921067153 2 4
3 5 4 1 
5 3 4 1 

184 5761002531808128562 1 4
5 4 3 7 

57 1556378451549484007 1 4
5 4 3 0 

314 279599701363684580 2 5
3 5 4 8 1 
5 3 4 8 1 

308 3314483287766118608 2 4
2 5 4 8 
5 2 4 8 

51 10708901565192686513 1 4
5 0 1 4 

54 3381494570848905187 2 4
2 5 4 1 
5 2 4 1 

180 394720636855253097 1 4
4 7 2 5 

53 9468857916045188403 2 4
4 0 2 5 
4 0 5 2 

310 17393703885142884379 2 5
2 5 4 8 1 
5 2 4 8 1 

104 5825595463009006092 2 3
3 5 6 
5 3 6 

361 15453278020592468652 1 5
5 3 0 6 8 

172 9350420116291056904 2 4
3 7 5 2 
3 7 2 5 

45 3248896229273070788 2 4
3 0 2 5 
3 0 5 2 

302 9159124208614025768 1 5
3 2 5 1 8 

88 12065358942077712882 1 3
3 4 6 

345 14858014839762092083 1 5
3 0 4 8 6 

197 11451003893313735788 1 4
2 6 0 7 

324 5092426695453579787 2 3
2 6 8 
2 8 6 

156 13869374535370230125 1 4
2 4 3 7 

29 1218949490685793804 1 4
2 4 3 0 

286 16512420347815664414 2 5
2 3 4 8 1 
3 2 4 8 1 

76 5290535264585245079 2 3
2 3 6 
3 2 6 

333 540253587462448324 1 5
2 3 0 6 8 

56 11561879368981985987 2 3
3 5 4 
5 3 4 

313 15726284066586245965 1 5
5 3 0 4 8 

306 12431043087622478675 1 4
5 4 8 1 

49 6603127031660076806 1 3
5 4 0 

52 16707046766356510569 2 3
4 2 5 
4 5 2 

309 2669745840683810915 1 5
0 2 5 8 4 

298 10732823814854354721 2 4
3 5 1 8 
5 3 1 8 

41 15607129978838971647 1 3
5 3 0 

44 343950965527558726 2 3
3 2 5 
3 5 2 

301 14139679636254362595 1 5
8 3 0 2 5 

12 3269317066256507370 2 2
2 3 
3 2 

269 16360688165734675714 1 4
2 8 3 0 

112 12065358942077712882 1 3
5 4 6 

369 14970186762639575742 1 5
5 0 6 8 4 

84 12065358942077712882 1 3
2 4 6 

341 6031863410653287770 1 5
2 0 8 6 4 

20 904471635768297653 1 2
2 4 

277 7990546425597521165 1 4
2 0 8 4 

278 12431043087622478675 1 4
2 4 8 1 

21 6603127031660076806 1 3
2 4 0 

24 904471635768297653 1 2
3 4 

281 13560592294780951921 1 4
3 0 4 8 

40 3269317066256507370 2 2
3 5 
5 3 

297 17789324004444222732 1 4
5 8 3 0 

48 904471635768297653 1 2
5 4 

305 1404033278796584123 1 4
5 0 8 4 

149 6555106855714263442 1 4
2 4 7 0 

406 12080978855820181270 1 5
2 7 8 1 4 

276 6613879992133877827 1 3
2 4 8 

22 1797018595550328365 1 3
2 4 1 

279 11129432847673719481 1 5
2 0 8 1 4 

140 739353589579979055 1 3
2 3 7 

397 9812528057748185938 1 5
2 8 3 0 7 

153 7723463846895581567 1 4
4 3 0 7 

410 13866910753657210234 1 5
3 7 4 8 1 

280 6613879992133877827 1 3
3 4 8 

23 13479208453893478066 1 4
2 0 1 4 

26 1797018595550328365 1 3
3 4 1 

283 18133739154669061973 1 5
3 0 4 8 1 

168 739353589579979055 1 3
5 3 7 

425 356901162747320135 1 5
5 8 3 0 7 

282 12431043087622478675 1 4
3 4 8 1 

25 8498430411594832650 1 3
4 3 0 

28 7152563281906153319 2 3
2 3 4 
3 2 4 

285 16214404283108242232 1 5
2 3 0 8 4 

148 3631591297408611566 1 3
2 4 7 

405 11764382093369979027 1 5
2 8 4 7 0 

284 17133567538128183381 2 4
2 3 4 8 
3 2 4 8 

27 10548442483413184014 1 4
3 0 4 1 

30 6556292283035118488 2 4
2 3 4 1 
3 2 4 1 

152 208218046692604545 1 3
4 3 7 

409 7904354149671321806 1 5
4 8 3 0 7 

134 10164275991930780276 2 3
2 1 7 
2 7 1 

391 17839701758884172659 8 5
2 1 8 7 0 
2 1 8 0 7 
2 0 7 1 8 
2 0 7 8 1 
2 7 0 1 8 
2 7 0 8 1 
2 8 1 7 0 
2 8 1 0 7 

261 10164275991930780276 2 3
2 0 8 
2 8 0 

7 10164275991930780276 2 3
2 1 0 
2 0 1 

388 10164275991930780276 2 3
2 7 8 
2 8 7 

176 8135409022531062848 1 3
5 4 7 

433 12253512242919346585 1 5
5 8 4 0 7 

196 1539427695804888906 2 3
2 6 7 
2 7 6 

453 8865448982575401227 1 5
2 8 6 0 7 

97 10164275991930780276 2 3
5 0 6 
5 6 0 

354 17323472317724805963 2 4
5 6 8 1 
5 8 6 1 

224 3978888616538094475 2 3
5 6 7 
5 7 6 

141 10128430540862951806 1 4
2 3 0 7 

398 1304167771752026840 1 5
2 3 7 1 8 

14 5290535264585245079 2 3
2 3 1 
3 2 1 

271 14289540191877362794 1 5
2 3 0 1 8 

268 15108594179794765655 2 3
2 3 8 
3 2 8 

169 10128430540862951806 1 4
5 3 0 7 

426 12359754287957182471 1 5
5 3 7 1 8 

42 5290535264585245079 2 3
3 5 1 
5 3 1 

299 12708630005119777122 1 5
5 3 0 1 8 

296 4006049083336747645 2 3
3 5 8 
5 3 8 

39 7355917366058211768 2 4
0 1 2 5 
1 0 2 5 

177 9494705393861303196 1 4
5 4 7 0 

434 9733962773052741949 1 5
5 7 4 8 1 

50 1797018595550328365 1 3
5 4 1 

307 12496481989378435173 1 5
5 0 8 4 1 

304 6613879992133877827 1 3
5 4 8 

47 6677349930501256197 1 5
1 3 0 2 5 

225 4066421220859739499 1 4
5 6 0 7 

352 5092426695453579787 2 3
5 6 8 
5 8 6 

162 4862287014237182408 2 3
5 1 7 
5 7 1 

419 5109087282874033155 2 5
5 1 8 0 7 
5 0 7 1 8 

35 16737033826175458602 2 3
5 1 0 
5 0 1 

289 4862287014237182408 2 3
5 0 8 
5 8 0 

416 395479326250912658 2 3
5 7 8 
5 8 7 

142 606841724649639955 1 4
2 1 3 7 

15 17305088081069376764 1 4
2 1 3 0 

150 7386778514688408857 1 4
2 7 1 4 

154 12678689221273825478 1 4
3 7 4 1 

293 14507415810595915269 2 4
0 8 2 5 
8 0 2 5 

166 14507415810595915269 2 4
1 7 2 5 
7 1 2 5 

170 815346558388361160 1 4
5 1 3 7 

43 4330982252838276884 1 4
5 1 3 0 

300 15470860782357337078 1 4
3 8 2 5 

46 16752068287735235686 2 4
3 1 2 5 
3 1 5 2 

178 4053281144680065357 1 4
5 7 1 4 

329 5990956466147847064 2 4
3 0 6 8 
3 0 8 6 

330 17323472317724805963 2 4
3 6 8 1 
3 8 6 1 

332 4873870267545943919 2 4
2 3 6 8 
3 2 6 8 

340 4361901191112938930 1 4
2 4 8 6 

344 4361901191112938930 1 4
3 4 8 6 

87 13347211423905799744 1 5
2 0 6 1 4 

353 12514249871915232181 1 4
5 0 6 8 

360 8148524933520031415 2 4
3 5 6 8 
5 3 6 8 

103 9501625511734536081 1 5
0 2 5 6 1 

368 4361901191112938930 1 4
5 4 8 6 

389 9057189885774948332 2 4
2 8 7 0 
2 8 0 7 

390 9057189885774948332 2 4
2 7 1 8 
2 7 8 1 

396 3550365937797438145 1 4
2 8 3 7 

404 4850224253707025610 1 4
2 7 8 4 

408 14408685326862100496 1 4
3 7 4 8 

151 11128096547910638166 1 5
2 1 4 7 0 

417 203793885696770947 1 4
5 8 0 7 

418 203793885696770947 1 4
5 7 1 8 

424 11347783566822554349 1 4
5 8 3 7 

167 17473149303488324237 1 5
1 2 5 0 7 

432 13040644654245456524 1 4
5 7 4 8 

452 1649557584320590810 1 4
2 7 8 6 

456 5770317915658007680 2 4
3 7 6 8 
3 7 8 6 

199 14213634022678068602 2 5
2 1 6 0 7 
2 0 7 1 6 

480 8533996443200760723 1 4
5 7 6 8 

31 15088206159599928370 1 5
2 3 0 1 4 

59 304799349921353313 1 5
5 3 0 4 1 

316 3311362963209964170 1 5
3 5 2 4 8 

61 15224131460546275971 1 5
4 3 0 5 2 

62 13768545359411280661 1 5
3 5 2 4 1 

79 1931206807659864700 2 5
2 3 0 1 6 
2 3 0 6 1 

91 17061930283573292652 1 5
3 0 4 6 1 

348 5280977664331424296 2 5
2 3 4 8 6 
3 2 4 8 6 

93 5878916028516719067 1 5
2 3 0 6 4 

94 10059176489879767214 2 5
2 3 4 6 1 
3 2 4 6 1 

107 17038344085568284821 1 5
5 3 0 6 1 

364 12063107272060443810 1 5
3 5 2 6 8 

109 15114777393347528644 1 5
6 3 0 5 2 

110 3276052240412842646 1 5
3 5 2 6 1 

115 1988045514315034536 1 5
5 0 6 1 4 

372 15935635745246060968 2 5
2 5 4 8 6 
5 2 4 8 6 

117 10338675555801720725 2 5
0 2 5 6 4 
0 5 2 6 4 

118 14086887050980832654 2 5
2 5 4 6 1 
5 2 4 6 1 

121 11229383766389062105 1 5
5 3 0 4 6 

122 5636595634472383695 2 5
3 5 4 6 1 
5 3 4 6 1 

124 6108105494304194473 1 5
3 5 2 4 6 

143 17510081447978135433 1 5
2 1 3 0 7 

155 1480850267913455936 1 5
4 1 3 0 7 

412 8789210811558828784 1 5
2 3 7 8 4 

157 953685417350566592 1 5
2 4 3 0 7 

158 3528981157740110637 1 5
2 3 7 1 4 

171 7386006354138448944 1 5
5 1 3 0 7 

428 10220032879670664825 1 5
8 3 7 2 5 

173 3565661649230302789 2 5
2 5 3 0 7 
5 2 3 0 7 

174 1566872962244802852 1 5
1 3 7 2 5 

179 13836874644570386349 1 5
5 1 4 0 7 

436 17238849328421737861 1 5
7 2 5 8 4 

181 7137432275306126484 1 5
4 2 5 7 0 

182 3906520938755802559 1 5
7 2 5 1 4 

185 11694337827074878376 1 5
5 4 3 0 7 

186 6395520401503073521 1 5
5 3 7 4 1 

188 3048745207623734278 1 5
4 3 7 5 2 

205 4161978058442383559 1 5
2 6 3 0 7 

206 15202078823623639045 1 5
2 3 7 1 6 

213 8729688220776096077 1 5
2 6 4 0 7 

214 9182150614256507379 1 5
2 7 1 4 6 

217 6252001353847711130 1 5
4 6 3 0 7 

218 13085876072018693405 1 5
3 7 4 6 1 

220 3582408678254620214 1 5
2 3 7 4 6 

227 9388765554071905615 1 5
5 0 7 6 1 

229 17377008511772171903 1 5
6 2 5 0 7 

230 11895134533608700679 1 5
7 2 5 1 6 

233 5597641734198668868 1 5
5 6 3 0 7 

234 7455480606339245969 1 5
5 3 7 6 1 

236 4596807424976984487 1 5
6 3 7 5 2 

241 5092764090818145437 1 5
5 6 4 0 7 

242 745257129789998944 1 5
5 7 1 4 6 

244 13997721787951904221 1 5
7 2 5 4 6 

248 11659773079163555381 1 5
5 3 7 4 6 

295 17473149303488324237 1 5
0 2 5 1 8 

327 89590314222782849 2 5
2 0 6 8 1 
2 0 8 6 1 

331 10439551748511137042 2 5
3 0 6 8 1 
3 0 8 6 1 

355 5596381049823081705 1 5
5 0 6 1 8 

357 17655243973798657437 1 5
0 2 5 6 8 

376 1237487711857579020 2 5
3 5 4 6 8 
5 3 4 6 8 

421 8474577653800601080 1 5
8 2 5 0 7 

422 8474577653800601080 1 5
7 2 5 1 8 

440 14892159819856356223 1 5
5 3 7 4 8 

