504 12531898846543690663 1 6
5 3 7 6 8 4 

500 16520184064126413349 1 6
7 2 5 4 8 6 

498 8375026686871302015 2 6
5 7 8 1 6 4 
7 5 8 1 6 4 

497 4710516476082388337 1 6
5 7 0 8 6 4 

492 8878919170751044186 1 6
5 2 6 8 3 7 

490 7923648073291838691 1 6
5 3 7 6 8 1 

489 14170141751352449441 1 6
5 6 8 3 7 0 

486 13305651728609853315 1 6
7 5 2 8 6 1 

485 9472824768358974443 1 6
7 0 5 2 8 6 

483 7498045528741123178 1 6
5 7 0 8 1 6 

476 555855950627932640 1 6
2 7 3 4 6 8 

474 8030618060169188868 1 6
3 7 6 4 1 8 

473 8619811092987577386 1 6
6 4 8 3 7 0 

470 7392281609729368925 2 6
2 7 4 6 1 8 
7 2 4 6 1 8 

469 12752961120075644959 1 6
2 7 0 4 6 8 

462 4487408407812696395 1 6
2 7 3 6 1 8 

461 16009474540373704868 1 6
2 6 8 7 3 0 

459 5562873629322526533 2 6
3 7 0 1 6 8 
3 7 0 1 8 6 

455 5077565219677706890 1 6
2 7 0 6 1 8 

444 12741748425333813704 1 6
7 3 2 5 4 8 

442 11001816187323901400 1 6
5 7 3 8 1 4 

441 12763126562425557243 1 6
5 8 4 7 0 3 

438 14753938455112998532 1 6
7 2 5 4 8 1 

437 12534949195612759343 1 6
7 0 2 5 4 8 

435 13499993619938684238 1 6
5 7 0 8 1 4 

430 2176130381110293630 1 6
5 2 7 3 8 1 

429 6428405124709837913 1 6
8 5 2 7 0 3 

427 16391808103369231887 1 6
5 8 1 7 0 3 

423 361316847599302301 1 6
5 2 7 0 8 1 

414 11805377443764151554 1 6
2 7 3 4 1 8 

413 435135339715253013 1 6
2 4 8 7 3 0 

411 10310476027334752315 2 6
3 7 0 1 4 8 
3 7 0 1 8 4 

407 4001400207136644687 1 6
2 7 0 4 1 8 

399 13152072695653278731 1 6
2 1 8 3 7 0 

380 3809118912744967176 1 6
3 5 2 6 4 8 

378 18190059417991905519 1 6
3 5 6 4 1 8 

377 14232458226502536087 1 6
5 3 0 6 4 8 

374 458659121932400484 2 6
2 5 6 4 1 8 
5 2 6 4 1 8 

373 9514027814631020645 1 6
0 5 2 6 4 8 

371 5160763346632436972 2 6
0 5 6 4 8 1 
5 0 6 4 8 1 

366 10619601675215376459 1 6
3 5 2 6 1 8 

365 9908255414299166576 1 6
5 2 3 0 6 8 

363 7257099637386799075 1 6
5 3 0 6 8 1 

359 2551037662905827441 1 6
0 5 2 8 1 6 

350 12754328373348497330 1 6
3 2 4 6 1 8 

349 16009095409389099195 1 6
2 3 0 4 6 8 

347 17375962315322213272 1 6
3 0 6 4 1 8 

343 17464875772070830863 2 6
0 2 6 4 1 8 
2 0 6 4 1 8 

335 5017742100802885417 1 6
2 3 0 1 6 8 

318 3871923078340194800 1 6
3 2 5 4 1 8 

317 10616079193239199200 1 6
5 2 8 4 0 3 

315 8005791678992425539 1 6
5 0 3 8 1 4 

311 14904186504071972155 1 6
0 5 2 8 1 4 

303 7350553624354174394 1 6
5 2 0 3 8 1 

287 6804843222826110948 1 6
2 3 0 4 1 8 

252 16833509648858194991 1 6
6 4 3 7 5 2 

250 1933633508651460709 1 6
5 3 7 6 1 4 

249 12397161127367414171 1 6
5 6 4 3 7 0 

246 9205784653146480173 1 6
7 2 5 4 6 1 

245 3833645895483775671 1 6
2 5 7 0 4 6 

243 6783070624251811899 1 6
5 7 0 1 4 6 

238 5009736532498777775 1 6
6 1 5 2 3 7 

237 17041707253775960922 1 6
6 5 2 3 7 0 

235 602952087350009987 1 6
5 6 1 3 7 0 

231 12619947448254194391 1 6
7 0 2 5 6 1 

222 8744023864732579943 1 6
2 7 3 4 6 1 

221 5337243692406529877 1 6
2 4 6 7 3 0 

219 13709163020450824963 2 6
4 6 1 3 7 0 
6 4 1 3 7 0 

215 7139401490733943716 1 6
2 7 0 4 6 1 

47 13068999903913133947 1 5
1 5 2 0 3 

31 1545337794723489992 1 5
2 3 0 4 1 

294 10489658106141333646 2 4
2 5 1 8 
5 2 1 8 

418 14286558123981776937 2 4
5 7 8 1 
7 5 8 1 

291 12464059930412848816 2 4
0 5 8 1 
5 0 8 1 

270 8986872548206470189 1 4
3 2 1 8 

394 15285250302672379215 1 4
3 7 1 8 

267 16090410299939311218 2 4
1 8 3 0 
3 0 1 8 

10 6418788559813620734 2 2
1 3 
3 1 

390 12373101254842352157 2 4
2 7 1 8 
7 2 1 8 

263 12373101254842352157 2 4
0 2 1 8 
2 0 1 8 

225 14951744524453777035 2 4
5 6 7 0 
6 5 7 0 

482 14897683960153561653 2 5
5 7 8 1 6 
7 5 8 1 6 

197 844027089328211766 2 4
2 6 7 0 
6 2 7 0 

454 13174531440664886352 2 5
2 7 6 1 8 
7 2 6 1 8 

177 7753845519296969428 2 4
4 5 7 0 
5 4 7 0 

434 8171224519038861753 2 5
5 7 8 1 4 
7 5 8 1 4 

417 18053667014335321761 2 4
5 8 7 0 
8 5 7 0 

163 292056210348022366 1 4
1 5 7 0 

420 1531688494753460651 2 4
7 8 5 2 
8 7 5 2 

149 14583455188479128777 2 4
2 4 7 0 
4 2 7 0 

406 17691022419005120623 2 5
2 7 4 1 8 
7 2 4 1 8 

135 17215132441405322372 2 4
1 2 0 7 
1 2 7 0 

120 7416917530888372826 1 4
3 5 6 4 

116 15988790971172764903 4 4
4 6 5 2 
4 6 2 5 
6 4 5 2 
6 4 2 5 

298 9819405803302494500 1 4
3 5 1 8 

44 10385040108491752029 2 3
3 2 5 
3 5 2 

301 7823900014965828753 1 5
8 5 2 0 3 

139 4141500560379761882 1 4
1 3 7 0 

396 997705951646274132 2 4
2 8 3 7 
8 2 3 7 

266 2478828171418144674 1 3
3 1 8 

148 4548604618920015696 6 3
2 4 7 
2 7 4 
4 2 7 
4 7 2 
7 4 2 
7 2 4 

405 14546297015300955654 1 5
2 4 8 7 0 

284 18296452529964541736 1 4
3 2 4 8 

27 16090410299939311218 2 4
1 4 3 0 
3 0 1 4 

30 7138715593147772866 1 4
3 2 4 1 

216 6326599826489285988 2 4
4 6 3 7 
6 4 3 7 

89 10251596220135137531 2 4
4 6 3 0 
6 4 3 0 

346 3018946530956867853 1 5
3 6 4 1 8 

224 8871971172994014321 6 3
5 6 7 
5 7 6 
6 5 7 
6 7 5 
7 6 5 
7 5 6 

481 16185987123331736508 1 5
5 8 6 7 0 

360 6743878174070956446 1 4
3 5 6 8 

103 3378961667041162821 1 5
0 5 2 1 6 

106 1142211084189764890 1 4
3 5 6 1 

176 8922397766556314475 6 3
4 5 7 
4 7 5 
5 4 7 
5 7 4 
7 5 4 
7 4 5 

433 18220737916970543493 1 5
5 8 4 7 0 

312 6761727520506102883 1 4
3 5 8 4 

55 3378961667041162821 1 5
0 5 2 1 4 

58 4202095454877244025 1 4
3 5 1 4 

196 17458855618286389883 6 3
2 6 7 
2 7 6 
6 2 7 
6 7 2 
7 6 2 
7 2 6 

453 16649560760011161762 1 5
2 6 8 7 0 

332 12435738282150441114 1 4
3 2 6 8 

75 16090410299939311218 2 4
1 6 3 0 
3 0 1 6 

78 4202095454877244025 1 4
3 2 1 6 

104 14693649636364545241 2 3
3 5 6 
3 6 5 

361 17734925638275693214 1 5
5 3 0 6 8 

172 8359357769031751149 2 4
3 7 5 2 
3 7 2 5 

45 10489658106141333646 2 4
2 5 3 0 
5 2 3 0 

302 10091336753527993614 1 5
3 1 8 5 2 

88 9273421392550274597 2 3
3 4 6 
3 6 4 

345 7698006237653724178 1 5
3 0 6 4 8 

156 13387555169111920532 2 4
2 4 7 3 
4 2 7 3 

29 1497296063552906517 2 4
2 4 3 0 
4 2 3 0 

286 17619952095651013275 1 5
3 2 4 1 8 

138 13085374055571213517 1 3
1 3 7 

395 10430464900711803740 1 5
1 8 3 7 0 

11 2478828171418144674 1 3
1 3 0 

268 18148139813498763979 2 3
3 2 8 
3 8 2 

7 2746071953399998598 2 3
1 0 2 
1 2 0 

134 2746071953399998598 2 3
1 2 7 
1 7 2 

391 5049392207734921804 2 5
2 1 8 7 0 
2 1 8 0 7 

456 11510860323394428346 2 4
3 7 6 8 
3 7 8 6 

199 10374546104038891749 1 5
2 6 1 7 0 

329 2747860844214327539 2 4
3 0 6 8 
3 0 8 6 

202 15285250302672379215 1 4
3 7 1 6 

330 6502710046879988513 2 4
3 1 6 8 
3 1 8 6 

76 2746071953399998598 2 3
3 2 6 
3 6 2 

333 11853872693685079666 1 5
2 3 0 6 8 

14 12428080146228384626 2 3
1 3 2 
3 1 2 

271 4727014911788132860 1 5
2 1 8 3 0 

280 5110358320678654673 2 3
3 4 8 
3 8 4 

23 12373101254842352157 2 4
0 2 1 4 
2 0 1 4 

26 2478828171418144674 1 3
3 1 4 

283 937944298420784844 2 5
3 0 1 4 8 
3 0 1 8 4 

212 7454709200995078142 2 4
2 7 4 6 
7 2 4 6 

85 9922415299770162436 4 4
0 2 4 6 
0 2 6 4 
2 0 4 6 
2 0 6 4 

180 12950726333696292354 2 4
4 7 2 5 
7 4 2 5 

53 17087420761432422547 4 4
0 4 2 5 
0 4 5 2 
4 0 2 5 
4 0 5 2 

310 13696520171636108613 4 5
2 5 1 4 8 
2 5 1 8 4 
5 2 1 4 8 
5 2 1 8 4 

282 6061137167754098686 2 4
3 1 4 8 
3 1 8 4 

28 3260696183029573663 2 3
3 2 4 
3 4 2 

285 4006017125713863698 1 5
2 3 0 4 8 

60 8814115331931254613 1 4
3 4 2 5 

162 16904224500720461835 2 3
1 5 7 
1 7 5 

419 17365266256537934172 1 5
5 7 0 8 1 

416 4823546214618167098 6 3
5 7 8 
5 8 7 
7 5 8 
7 8 5 
8 7 5 
8 5 7 

159 2797113184028273553 1 6
2 4 1 7 3 0 

289 8458325865589082412 6 3
0 5 8 
0 8 5 
5 0 8 
5 8 0 
8 5 0 
8 0 5 

35 3260696183029573663 2 3
1 0 5 
1 5 0 

269 6024190702974436386 2 4
2 8 3 0 
8 2 3 0 

142 10560964868599095884 1 4
1 2 3 7 

15 4202095454877244025 1 4
1 2 3 0 

74 2478828171418144674 1 3
3 1 6 

331 14233346987113141455 2 5
3 0 1 6 8 
3 0 1 8 6 

328 18329700943200597013 2 3
3 6 8 
3 8 6 

71 12373101254842352157 2 4
0 2 1 6 
2 0 1 6 

92 9856221056931648620 1 4
3 2 4 6 

38 10385040108491752029 2 3
1 2 5 
1 5 2 

295 3228184817341142461 1 5
0 5 2 8 1 

296 12867899888878176183 2 3
3 5 8 
3 8 5 

39 8814115331931254613 1 4
1 0 5 2 

42 12428080146228384626 2 3
1 3 5 
3 1 5 

299 11973045930625441159 1 5
5 0 3 8 1 

228 2106909073652966369 2 4
6 7 2 5 
7 6 2 5 

101 17087420761432422547 4 4
0 6 5 2 
0 6 2 5 
6 0 5 2 
6 0 2 5 

358 9864713166597431484 4 5
2 5 1 6 8 
2 5 1 8 6 
5 2 1 6 8 
5 2 1 8 6 

56 2746071953399998598 2 3
3 4 5 
3 5 4 

313 8210300690423901224 1 5
5 8 4 0 3 

404 5061531615972263883 2 4
2 7 4 8 
7 2 4 8 

277 16408781857335586796 4 4
0 2 4 8 
0 2 8 4 
2 0 4 8 
2 0 8 4 

150 4441603852550006635 2 4
2 7 4 1 
7 2 4 1 

408 4292874461679247018 2 4
3 7 4 8 
3 7 8 4 

151 7161788579279911340 1 5
2 4 1 7 0 

281 3817343346000117952 2 4
3 0 4 8 
3 0 8 4 

154 15285250302672379215 1 4
3 7 1 4 

293 8135786519864441783 2 4
0 8 5 2 
8 0 5 2 

166 16056602819574877166 1 4
1 7 5 2 

424 12426459069727615522 2 4
5 8 7 3 
8 5 7 3 

167 16153103293596631351 1 5
1 5 2 7 0 

297 14005086816412689130 2 4
5 8 0 3 
8 5 0 3 

170 14086917828078526727 1 4
1 5 7 3 

43 7138715593147772866 1 4
1 5 0 3 

300 16090574218168757062 1 4
3 8 5 2 

356 13091529557204775952 4 4
2 5 6 8 
2 5 8 6 
5 2 6 8 
5 2 8 6 

99 1497296063552906517 2 4
0 5 1 6 
5 0 1 6 

102 10489658106141333646 2 4
2 5 1 6 
5 2 1 6 

46 3792588245497212716 4 4
1 3 2 5 
1 3 5 2 
3 1 2 5 
3 1 5 2 

232 17042969093419560483 2 4
5 6 3 7 
6 5 3 7 

105 6827163340372208167 2 4
5 6 3 0 
6 5 3 0 

362 6190196699885783535 1 5
3 5 6 1 8 

432 16624823485286189506 2 4
5 7 8 4 
7 5 8 4 

175 3667386278702983208 1 6
1 5 2 7 0 3 

305 11523169898109137612 2 4
0 5 8 4 
5 0 8 4 

178 2355505778745605899 2 4
5 7 1 4 
7 5 1 4 

51 1497296063552906517 2 4
0 5 1 4 
5 0 1 4 

308 4549802600905418571 4 4
2 5 4 8 
2 5 8 4 
5 2 4 8 
5 2 8 4 

54 10489658106141333646 2 4
2 5 1 4 
5 2 1 4 

240 3238618132954829103 2 4
5 7 4 6 
7 5 4 6 

113 9922415299770162436 4 4
0 5 4 6 
0 5 6 4 
5 0 4 6 
5 0 6 4 

184 15709206877727369525 2 4
4 5 3 7 
5 4 3 7 

57 12373101254842352157 2 4
4 5 3 0 
5 4 3 0 

314 16296025702042496045 1 5
3 5 1 8 4 

452 4710925155386411691 2 4
2 7 6 8 
7 2 6 8 

325 6373279040703870645 4 4
0 2 6 8 
0 2 8 6 
2 0 6 8 
2 0 8 6 

198 14667657796775781993 2 4
2 7 6 1 
7 2 6 1 

204 3079635486968916569 2 4
2 6 7 3 
6 2 7 3 

77 12373101254842352157 2 4
2 6 3 0 
6 2 3 0 

334 6344454766793373340 1 5
3 2 1 6 8 

344 8351256755728088649 1 4
3 6 4 8 

87 15425165977342004640 4 5
0 2 4 6 1 
0 2 6 4 1 
2 0 4 6 1 
2 0 6 4 1 

90 1945725309785044583 2 4
3 4 6 1 
3 6 4 1 

480 10709090697824041104 2 4
5 7 8 6 
7 5 8 6 

353 4850891421153955933 2 4
0 5 8 6 
5 0 8 6 

226 4400136343770122612 2 4
5 7 1 6 
7 5 1 6 

108 16545279978728202167 1 4
3 6 5 2 

59 1545337794723489992 1 5
5 1 4 0 3 

316 3845778621695252770 1 5
3 2 5 4 8 

61 3378961667041162821 1 5
4 2 5 3 0 

62 13068999903913133947 1 5
3 2 5 4 1 

79 6483886871312698022 2 5
2 1 6 3 0 
2 3 0 1 6 

91 12916361152944234068 2 5
3 0 4 6 1 
3 0 6 4 1 

348 11945678053254506710 1 5
3 2 4 6 8 

93 2993398704800962463 1 5
2 4 6 3 0 

94 5051213826874016046 1 5
3 2 4 6 1 

107 282162152708954553 1 5
5 3 0 6 1 

364 12421568531333558379 1 5
3 5 2 6 8 

109 11105398318708644867 1 5
6 5 2 3 0 

110 5076388325163189658 1 5
3 5 2 6 1 

115 16178088382440184180 4 5
0 5 4 6 1 
0 5 6 4 1 
5 0 4 6 1 
5 0 6 4 1 

372 17823863174685559659 2 5
2 5 6 4 8 
5 2 6 4 8 

117 6601043558910504974 4 5
0 4 6 5 2 
0 4 6 2 5 
0 6 4 5 2 
0 6 4 2 5 

118 1776899638549152525 4 5
2 5 4 6 1 
2 5 6 4 1 
5 2 4 6 1 
5 2 6 4 1 

121 10872473809004477492 1 5
5 6 4 3 0 

122 15780885959600852520 1 5
3 5 6 4 1 

124 7200990826632117583 1 5
3 6 4 5 2 

143 13925628624126740685 1 5
1 2 3 7 0 

155 10430464900711803740 1 5
1 4 3 7 0 

412 9939517968081819476 1 5
2 4 8 7 3 

157 8093465022254954983 2 5
2 4 7 3 0 
4 2 7 3 0 

158 3563711037839203955 1 5
2 4 1 7 3 

171 15353370652592761631 1 5
1 5 7 0 3 

428 17812779515947189366 1 5
8 7 3 5 2 

173 999509856158828013 2 5
2 5 3 7 0 
5 2 3 7 0 

174 11796573981317234068 1 5
1 5 2 7 3 

179 4279484592015137541 1 5
5 1 4 7 0 

436 7123680671215001902 1 5
7 2 5 4 8 

181 1988124724552885902 1 5
4 2 5 7 0 

182 10563449554511451678 1 5
7 2 5 4 1 

185 7179989066345491325 2 5
4 5 3 7 0 
5 4 3 7 0 

186 16572199007076127159 1 5
5 1 4 7 3 

188 5838454718198491792 1 5
4 2 5 7 3 

203 10430464900711803740 1 5
1 6 3 7 0 

460 909757040516513858 1 5
2 7 3 6 8 

205 16966511454831250291 2 5
2 6 7 3 0 
6 2 7 3 0 

206 13390471266626374772 1 5
2 7 3 6 1 

213 17740981161150375293 1 5
2 7 0 4 6 

214 4104973667557191255 2 5
2 7 4 6 1 
7 2 4 6 1 

217 12407686498367098221 2 5
4 6 3 7 0 
6 4 3 7 0 

218 16064752522203117077 2 5
3 7 4 6 1 
3 7 6 4 1 

220 7920518607709550954 1 5
2 7 3 4 6 

227 2237620924930633192 1 5
5 1 6 7 0 

484 4776166290517128415 1 5
7 5 2 8 6 

229 13264537641329743607 1 5
6 2 5 7 0 

230 13884652954891675399 1 5
7 2 5 6 1 

233 839649639548185553 2 5
5 6 3 7 0 
6 5 3 7 0 

234 8673746086657521952 1 5
5 3 7 6 1 

236 2179891668422518218 1 5
6 3 7 5 2 

241 13922579499016318296 1 5
5 4 6 7 0 

242 246358947239387022 2 5
5 7 1 4 6 
7 5 1 4 6 

244 13594386755313121870 1 5
7 2 5 4 6 

248 17968369830704713596 1 5
5 6 4 3 7 

279 14219997400792868498 4 5
0 2 1 4 8 
0 2 1 8 4 
2 0 1 4 8 
2 0 1 8 4 

307 171237036744344883 2 5
0 5 8 1 4 
5 0 8 1 4 

309 10463717229043469162 1 5
0 5 2 8 4 

327 17100365490650633128 4 5
0 2 1 6 8 
0 2 1 8 6 
2 0 1 6 8 
2 0 1 8 6 

341 323892602083517005 2 5
0 2 6 4 8 
2 0 6 4 8 

355 3194697113665262715 2 5
0 5 8 1 6 
5 0 8 1 6 

357 1343453390494631423 1 5
0 5 2 8 6 

369 3063907732910930277 2 5
0 5 6 4 8 
5 0 6 4 8 

376 16567186286914293050 1 5
3 5 6 4 8 

119 7545288485260649396 2 6
0 5 2 4 6 1 
0 5 2 6 4 1 

397 1498088035573894562 2 5
2 8 3 7 0 
8 2 3 7 0 

398 16374380440792521034 1 5
2 3 7 1 8 

409 11295919196944224259 2 5
4 8 3 7 0 
8 4 3 7 0 

410 1580853805533919848 2 5
3 7 1 4 8 
3 7 1 8 4 

421 15035440308632399982 1 5
8 5 2 7 0 

422 14472591145087699985 1 5
7 5 2 8 1 

425 10806073797676114879 2 5
5 8 7 0 3 
8 5 7 0 3 

426 7570395279472383269 1 5
5 7 3 8 1 

440 6977945340396138340 1 5
5 7 3 8 4 

183 3304460452425489368 1 6
7 0 2 5 4 1 

457 7535313815846024707 2 5
6 8 3 7 0 
8 6 3 7 0 

458 18008076936914437400 2 5
3 7 1 6 8 
3 7 1 8 6 

468 16737112331301545601 2 5
2 7 4 6 8 
7 2 4 6 8 

472 10506609649623416192 1 5
3 7 6 4 8 

488 9077200303823943936 1 5
5 3 7 6 8 

496 6117511317507572922 2 5
5 7 8 6 4 
7 5 8 6 4 

63 2227699817030739693 2 6
1 4 3 0 2 5 
3 0 1 4 5 2 

95 11050054625696021403 1 6
2 3 0 4 6 1 

111 9644095975154012093 1 6
5 2 3 0 6 1 

123 15648724934206161262 1 6
5 3 0 6 4 1 

125 3400858659706085484 1 6
6 4 3 0 5 2 

126 6763924963438467293 1 6
3 5 2 6 4 1 

187 4739309471547669677 1 6
5 1 4 7 0 3 

189 8310094291506484086 1 6
4 2 5 7 3 0 

190 12305645433063237335 1 6
7 3 2 5 4 1 

207 2953705223935092762 1 6
2 6 1 7 3 0 

