C3[0,-1,0,0,1,0,0,0,0]*(-2*s*a4-a4*t)
C3[0,0,0,0,1,0,0,0,-1]*(s*a4)
C3[0,0,0,0,1,0,0,0,0]*(-2*s*m1^2*a4-m1^2*a4*t)
C3[-1,0,0,0,0,1,0,0,0]*(-2*s*a5)
C3[0,-1,0,0,0,1,0,0,0]*(-2*s*a5)
C3[0,0,0,0,0,1,0,-1,0]*(s*a5)
C3[0,0,0,0,0,1,0,0,-1]*(s*a5)
C3[0,0,0,0,0,1,0,0,0]*(-s*m1^2*a5)
C3[-1,0,0,0,0,0,0,1,0]*(-a7*t)
C3[0,0,0,0,0,0,0,0,0]*(-a3*t+a7*t+t*a8-a6*t)
C3[0,-1,0,0,0,0,0,0,1]*(-t*a8)
C3[0,0,0,0,0,1,-1,0,0]*(s*a5)
C3[0,0,0,0,0,0,0,0,1]*(-m1^2*t*a8)
C3[0,0,0,0,0,0,1,0,0]*(a6*m1^2*t)
C3[0,0,0,0,1,0,-1,0,0]*(s*a4+a4*t)
C3[0,-1,0,0,0,0,1,0,0]*(a6*t)
C3[0,0,0,-1,0,1,0,0,0]*(s*a5)
C3[-1,0,0,1,0,0,0,0,0]*(a3*t)
C3[0,0,0,1,0,0,0,0,0]*(-a3*m1^2*t)

C3[0,-1,0,0,1,0,0,0,0]*(-3*s*a4-2*a4*t)
C3[0,0,0,0,1,0,0,0,-1]*(s*a4)
C3[0,0,0,0,1,0,0,0,0]*(-3*s*m1^2*a4-2*m1^2*a4*t)
C3[-1,0,0,0,0,1,0,0,0]*(-2*s*a5)
C3[0,-1,0,0,0,1,0,0,0]*(-2*s*a5)
C3[0,0,0,0,0,1,0,-1,0]*(2*s*a5)
C3[0,0,0,0,0,1,0,0,-1]*(2*s*a5)
C3[0,0,0,0,0,1,0,0,0]*(-s^2*a5-2*s*m1^2*a5)
C3[-1,0,0,0,0,0,0,1,0]*(s*a7)
C3[0,0,0,0,0,0,0,0,0]*(s*a4-s*a7+a4*t-s*a8-a6*t+s*a5)
C3[0,-1,0,0,0,0,0,0,1]*(s*a8)
C3[0,-1,0,0,0,0,1,0,0]*(-s*a6+2*a6*t)
C3[0,0,0,0,0,0,0,0,1]*(s*m1^2*a8)
C3[0,0,0,0,0,0,1,0,0]*(-s*a6*m1^2+2*a6*m1^2*t)
C3[0,0,0,0,0,0,1,0,-1]*(s*a6)
C3[0,0,0,0,1,0,-1,0,0]*(s*a4+a4*t)
C3[0,0,0,0,-1,0,1,0,0]*(-a6*t)
C3[0,0,-1,1,0,0,0,0,0]*(a3*t)
C3[0,0,0,1,-1,0,0,0,0]*(a3*t)
C3[0,-1,0,1,0,0,0,0,0]*(-2*a3*t)
C3[0,0,-1,0,0,1,0,0,0]*(-s*a5)
C3[0,0,0,1,0,0,0,0,0]*(s*a3*t-2*a3*m1^2*t)
C3[0,0,0,1,0,0,0,-1,0]*(s*a3)
C3[0,0,0,1,0,0,-1,0,0]*(a3*t)
C3[0,0,0,1,0,-1,0,0,0]*(-a3*t)
C3[-1,0,0,1,0,0,0,0,0]*(-s*a3)

C3[0,-1,0,0,1,0,0,0,0]*(3*s*a4+a4*t)
C3[0,0,0,0,0,0,0,0,0]*(a3*t-a7*t-s*a4-t*a8+s*a6+s*a3+a6*t-s*a5)
C3[0,0,0,0,1,0,-1,0,0]*(-s*a4-a4*t)
C3[0,0,0,0,1,0,0,0,-1]*(-s*a4)
C3[0,0,0,0,1,0,0,0,0]*(3*s*m1^2*a4+m1^2*a4*t)
C3[0,0,0,0,0,0,1,0,0]*(-s*a6*m1^2-a6*m1^2*t)
C3[0,0,0,0,0,1,0,0,-1]*(-s*a5)
C3[0,0,0,1,0,0,0,0,0]*(a3*m1^2*t+s*a3*m1^2)
C3[0,-1,0,0,0,0,0,0,1]*(3*t*a8+s*a8)
C3[0,0,0,0,0,1,0,0,0]*(s^2*a5+s*m1^2*a5)
C3[0,0,-1,0,0,1,0,0,0]*(s*a5)
C3[0,0,0,0,0,0,0,0,1]*(3*m1^2*t*a8+s*m1^2*a8)
C3[0,0,0,0,0,1,0,-1,0]*(-s*a5)
C3[0,0,0,0,-1,0,0,0,1]*(-t*a8)
C3[0,-1,0,0,0,0,1,0,0]*(-s*a6-a6*t)
C3[0,0,0,0,0,0,-1,0,1]*(-t*a8-s*a8)
C3[-1,0,0,1,0,0,0,0,0]*(-a3*t-s*a3)
C3[0,0,0,-1,0,1,0,0,0]*(s*a5)
C3[0,0,0,0,0,1,-1,0,0]*(s*a5)
C3[0,0,0,-1,0,0,0,1,0]*(-s*a7)
C3[-1,0,0,0,0,0,0,1,0]*(a7*t+s*a7)
C3[0,-1,0,0,0,0,0,1,0]*(-2*a7*t)
C3[0,0,-1,0,0,0,0,1,0]*(a7*t)
C3[0,0,0,0,-1,0,0,1,0]*(a7*t)
C3[0,0,0,0,0,-1,0,1,0]*(-a7*t)
C3[0,0,0,0,0,0,-1,1,0]*(a7*t)
C3[0,0,0,0,0,0,0,1,0]*(-s*m1^2*a7-2*m1^2*a7*t+s*a7*t)

