504 18027597954267899762 1 6
5 3 7 8 4 6 

500 2137200763941329902 1 6
7 5 2 4 6 8 

498 1939445408306151686 2 6
5 7 4 6 8 1 
7 5 4 6 8 1 

497 17850606902295646332 1 6
5 7 0 4 6 8 

492 16780833574275459933 1 6
3 7 8 6 5 2 

490 8320595980943528377 1 6
5 3 7 8 6 1 

489 16688291562713188322 1 6
5 8 6 3 7 0 

486 14696676549390635124 1 6
7 5 2 6 8 1 

485 15710104843728346790 1 6
6 8 7 0 5 2 

483 4058371989244382324 1 6
5 7 0 6 8 1 

476 11585228984450814949 1 6
2 3 7 4 6 8 

474 4121603511626172092 1 6
3 7 4 6 8 1 

473 13571018569104513907 1 6
4 6 8 3 7 0 

470 12152465641903677477 2 6
2 7 4 6 8 1 
7 2 4 6 8 1 

469 56286196489999251 1 6
2 7 0 4 6 8 

462 9566347936996824662 1 6
2 3 7 8 6 1 

461 4402626128986553938 1 6
2 8 6 3 7 0 

459 12458865068405751574 2 6
3 7 0 6 8 1 
3 7 0 8 6 1 

455 2936522965357204825 1 6
2 7 0 6 8 1 

444 11033909747413942480 1 6
8 4 3 7 5 2 

442 7738843789129526108 1 6
5 3 7 8 4 1 

441 16910182012694311459 1 6
5 8 4 3 7 0 

438 13790680615012178775 1 6
7 5 2 4 8 1 

437 8886762409215545072 1 6
4 8 7 0 5 2 

435 5173026582112591261 1 6
5 7 0 4 8 1 

430 2327311801045282322 1 6
3 7 8 1 5 2 

429 5124275652851355146 1 6
8 5 2 3 7 0 

427 3381165514556149594 1 6
5 8 1 3 7 0 

423 3080708605128288259 2 6
5 2 7 0 8 1 
5 2 8 1 7 0 

414 8278197422258676603 1 6
2 3 7 8 4 1 

413 12121857494348349253 1 6
2 8 4 3 7 0 

411 5945783424184270501 2 6
4 8 1 3 7 0 
8 4 1 3 7 0 

407 13163847272202965460 1 6
2 7 0 4 8 1 

399 1210229459647164996 1 6
2 8 1 3 7 0 

380 5048030887649696237 1 6
3 5 2 8 4 6 

378 14232046635457679367 1 6
3 5 8 4 6 1 

377 11926109138688169476 1 6
5 3 0 8 4 6 

374 14479913995902553489 2 6
2 5 4 6 8 1 
5 2 4 6 8 1 

373 3556900365547275713 1 6
0 5 2 4 6 8 

371 3893154747920231351 2 6
0 5 4 6 8 1 
5 0 4 6 8 1 

366 9916389435120477462 1 6
3 5 2 8 6 1 

167 9097417079745722050 1 5
1 5 2 7 0 

424 1032176056367840196 2 4
5 8 3 7 
8 5 3 7 

151 441299891571850404 2 5
2 4 1 7 0 
2 7 0 4 1 

408 706258935249956110 2 4
4 8 3 7 
8 4 3 7 

124 4636903332645638869 1 5
3 4 6 2 5 

122 2116352566038998541 1 5
3 5 4 6 1 

121 10276278749047178784 1 5
5 4 6 3 0 

118 4353786858671202151 4 5
2 5 4 6 1 
2 5 6 4 1 
5 2 4 6 1 
5 2 6 4 1 

117 3111689087057720950 4 5
0 4 6 5 2 
0 4 6 2 5 
0 6 4 5 2 
0 6 4 2 5 

115 2374415683190543239 4 5
0 5 4 6 1 
0 5 6 4 1 
5 0 4 6 1 
5 0 6 4 1 

372 15415436410286873225 2 5
2 5 4 6 8 
5 2 4 6 8 

110 17861340597606370958 1 5
3 2 5 1 6 

109 10833804206607862570 1 5
6 3 0 2 5 

107 11479173793618259599 1 5
5 3 0 1 6 

364 10518129224018028934 1 5
3 8 6 5 2 

103 16361123817481253198 1 5
0 5 2 1 6 

360 18297063301999930799 1 4
3 5 8 6 

94 11711832229990530824 1 5
3 2 4 6 1 

93 737678944058284568 1 5
2 4 6 3 0 

350 18142281060975105566 1 6
3 2 4 6 8 1 

91 15202651995576168487 2 5
3 0 4 6 1 
3 0 6 4 1 

348 14478182098142087893 1 5
3 2 4 6 8 

87 18270631231599804052 4 5
0 2 4 6 1 
0 2 6 4 1 
2 0 4 6 1 
2 0 6 4 1 

344 6943862054271889329 1 4
3 4 6 8 

79 11397582485275667864 2 5
2 3 0 1 6 
2 3 0 6 1 

62 2616171361033625661 1 5
3 2 5 4 1 

61 11009496414443631479 1 5
4 3 0 2 5 

318 4100909422493436693 1 6
3 5 2 8 4 1 

59 8028952112712876744 1 5
5 3 0 1 4 

316 17310404104328967614 1 5
3 8 4 5 2 

55 16361123817481253198 1 5
0 5 2 1 4 

312 6418106841632012880 1 4
3 5 8 4 

47 3307572628560798469 1 5
1 3 0 5 2 

158 3282451511790666768 1 5
2 3 7 4 1 

31 3717312660619759450 1 5
2 3 0 4 1 

356 3832969048922006237 4 4
6 8 2 5 
6 8 5 2 
8 6 5 2 
8 6 2 5 

99 7636520805661878029 2 4
0 5 1 6 
5 0 1 6 

456 14437601767220925767 2 4
3 7 6 8 
3 7 8 6 

199 12062232550149559934 2 5
2 6 1 7 0 
2 7 0 6 1 

329 8658101909039773473 2 4
6 8 3 0 
8 6 3 0 

308 8518306885882634279 4 4
4 8 5 2 
4 8 2 5 
8 4 5 2 
8 4 2 5 

51 7636520805661878029 2 4
0 5 1 4 
5 0 1 4 

418 11211917229882112836 2 4
5 7 8 1 
7 5 8 1 

291 15609632890079636842 2 4
0 5 8 1 
5 0 8 1 

281 5586955677828348619 2 4
4 8 3 0 
8 4 3 0 

143 14586587732428054664 2 5
1 2 3 7 0 
2 1 3 7 0 

270 916175729083138007 1 4
3 2 8 1 

225 1145265670692512130 2 4
5 6 7 0 
6 5 7 0 

482 2335551029978452954 2 5
5 7 6 8 1 
7 5 6 8 1 

452 4710925155386411691 2 4
2 7 6 8 
7 2 6 8 

325 6373279040703870645 4 4
0 2 6 8 
0 2 8 6 
2 0 6 8 
2 0 8 6 

198 844027089328211766 2 4
2 7 6 1 
7 2 6 1 

104 8717650171460903529 2 3
3 5 6 
3 6 5 

361 11649285545750637849 1 5
5 8 6 3 0 

417 11211917229882112836 2 4
5 8 7 0 
8 5 7 0 

163 15609632890079636842 2 4
1 5 7 0 
5 1 7 0 

420 8916441978684384228 2 4
7 8 5 2 
8 7 5 2 

88 16309885613542775134 2 3
3 4 6 
3 6 4 

345 12704870599983770500 1 5
3 0 4 6 8 

53 2915755619415678227 4 4
0 4 2 5 
0 4 5 2 
4 0 2 5 
4 0 5 2 

310 4208969882742548835 4 5
2 5 4 8 1 
2 5 8 4 1 
5 2 4 8 1 
5 2 8 4 1 

180 12872401847319649801 2 4
4 7 5 2 
7 4 5 2 

328 7323112735729795569 2 3
3 6 8 
3 8 6 

92 1496297044295338003 1 4
3 2 4 6 

349 1039637404906788542 1 6
2 3 0 4 6 8 

280 14763710330307144267 2 3
3 4 8 
3 8 4 

298 4444199970412988080 1 4
3 5 8 1 

44 8634870613964526517 2 3
3 2 5 
3 5 2 

301 3479713008260256325 1 5
8 3 0 5 2 

404 10346812999106177369 2 4
2 7 4 8 
7 2 4 8 

277 1132125041046106274 4 4
0 2 4 8 
0 2 8 4 
2 0 4 8 
2 0 8 4 

150 10460062785444194406 2 4
2 7 4 1 
7 2 4 1 

224 7658636075273647947 6 3
5 6 7 
5 7 6 
6 5 7 
6 7 5 
7 6 5 
7 5 6 

481 10914547795024368109 1 5
5 6 8 7 0 

106 13766761988068177466 1 4
3 5 1 6 

363 15906997525118440247 1 6
5 3 0 8 6 1 

268 9790497849770534921 2 3
3 2 8 
3 8 2 

14 14464322681345727777 2 3
3 2 1 
3 1 2 

271 2106341259523356793 1 5
2 3 0 8 1 

196 17458855618286389883 6 3
2 6 7 
2 7 6 
6 2 7 
6 7 2 
7 6 2 
7 2 6 

453 16649560760011161762 1 5
2 6 8 7 0 

332 18055315935950069478 1 4
3 2 8 6 

78 4849430361981918121 2 4
3 2 1 6 
3 2 6 1 

335 12490742503789989242 1 6
2 3 0 8 6 1 

282 3253909431682071593 2 4
3 4 8 1 
3 8 4 1 

28 7777280951167004470 2 3
3 2 4 
3 4 2 

285 18193705971651850823 1 5
2 8 4 3 0 

60 18311064358276448373 1 4
3 4 2 5 

317 9241355714628538496 1 6
8 4 3 0 5 2 

432 12495551341959652235 2 4
5 7 4 8 
7 5 4 8 

175 14971322973529893236 1 6
1 5 2 3 7 0 

305 16954421592595156864 2 4
0 5 8 4 
5 0 8 4 

178 12408983781698118751 2 4
5 7 4 1 
7 5 4 1 

289 5180365401916553282 6 3
0 5 8 
0 8 5 
5 0 8 
5 8 0 
8 5 0 
8 0 5 

416 10315312338500415028 6 3
5 7 8 
5 8 7 
7 5 8 
7 8 5 
8 7 5 
8 5 7 

159 11743132780430341364 1 6
2 4 1 3 7 0 

162 5180365401916553282 6 3
1 5 7 
1 7 5 
5 1 7 
5 7 1 
7 5 1 
7 1 5 

419 16276188588167056763 2 5
5 7 0 8 1 
5 8 1 7 0 

35 14008880805489720900 6 3
0 1 5 
0 5 1 
1 0 5 
1 5 0 
5 1 0 
5 0 1 

296 7977311541644482511 2 3
3 5 8 
3 8 5 

39 12657553381509885184 2 4
0 1 5 2 
1 0 5 2 

42 14464322681345727777 2 3
3 1 5 
3 5 1 

299 3154657582109680823 1 5
5 3 0 8 1 

228 14515402054322567970 2 4
6 7 5 2 
7 6 5 2 

101 2915755619415678227 4 4
0 6 5 2 
0 6 2 5 
6 0 5 2 
6 0 2 5 

358 14914749096633998267 4 5
2 5 6 8 1 
2 5 8 6 1 
5 2 6 8 1 
5 2 8 6 1 

148 15477413051805133046 6 3
2 4 7 
2 7 4 
4 2 7 
4 7 2 
7 4 2 
7 2 4 

405 8215339245048222057 1 5
2 4 8 7 0 

157 9628985223006548533 2 5
2 4 3 7 0 
4 2 3 7 0 

284 4183753754397426794 1 4
3 2 8 4 

30 2312160739410427022 1 4
3 2 4 1 

287 16581725261742787478 1 6
2 3 0 8 4 1 

216 5034312168170884840 2 4
4 6 3 7 
6 4 3 7 

89 9761193825887822076 2 4
4 6 3 0 
6 4 3 0 

346 1116036841920986209 1 5
3 4 6 8 1 

56 14464322681345727777 2 3
3 4 5 
3 5 4 

313 2661876798359702706 1 5
5 8 4 3 0 

330 2413483033542367775 2 4
3 6 8 1 
3 8 6 1 

76 14464322681345727777 2 3
3 2 6 
3 6 2 

333 9382672231287301197 1 5
2 8 6 3 0 

300 7563883697891266351 1 4
3 8 5 2 

43 9192667424712437223 2 4
1 5 3 0 
5 1 3 0 

46 15341098496462360047 2 4
3 1 2 5 
3 1 5 2 

303 9306971318552537635 1 6
3 0 8 1 5 2 

232 1785268428166875598 2 4
5 6 7 3 
6 5 7 3 

105 5437037146334197497 2 4
5 6 3 0 
6 5 3 0 

362 15808955637496447433 1 5
3 5 8 6 1 

176 8922397766556314475 6 3
4 5 7 
4 7 5 
5 4 7 
5 7 4 
7 5 4 
7 4 5 

433 858050255977881010 1 5
5 4 8 7 0 

58 4849430361981918121 2 4
3 5 4 1 
3 5 1 4 

315 178854104762914858 1 6
5 3 0 8 4 1 

116 15681220750808639507 4 4
4 6 5 2 
4 6 2 5 
6 4 5 2 
6 4 2 5 

204 863520908486611007 2 4
2 6 7 3 
6 2 7 3 

77 5871201165218803500 2 4
2 6 3 0 
6 2 3 0 

334 10234854453363376888 1 5
3 2 8 6 1 

212 7782094676227168484 2 4
2 7 6 4 
7 2 6 4 

85 456064701037471828 4 4
0 2 4 6 
0 2 6 4 
2 0 4 6 
2 0 6 4 

90 1096558640354096354 2 4
3 4 6 1 
3 6 4 1 

347 10003361430335996694 1 6
3 0 4 6 8 1 

149 10460062785444194406 2 4
2 4 7 0 
4 2 7 0 

406 16182494665536053516 2 5
2 7 4 8 1 
7 2 4 8 1 

480 3986504250757056135 2 4
5 7 6 8 
7 5 6 8 

353 8282920585875856789 2 4
0 5 8 6 
5 0 8 6 

226 2443612105887142106 2 4
5 7 6 1 
7 5 6 1 

108 2225297244986230425 1 4
3 6 2 5 

365 15579542208821748803 1 6
8 6 3 0 5 2 

240 18023217960715058201 2 4
5 7 6 4 
7 5 6 4 

113 456064701037471828 4 4
0 5 4 6 
0 5 6 4 
5 0 4 6 
5 0 6 4 

45 835276218342091669 2 4
3 0 2 5 
3 0 5 2 

302 3264907934763934922 1 5
3 8 1 5 2 

172 1076680173668006745 2 4
3 7 5 2 
3 7 2 5 

120 13317244411500610946 1 4
3 5 4 6 

396 14284466797010918990 2 4
2 8 3 7 
8 2 3 7 

269 8620157615861520895 2 4
2 8 3 0 
8 2 3 0 

15 5871201165218803500 2 4
1 2 3 0 
2 1 3 0 

142 8839042298444802573 2 4
1 2 3 7 
2 1 3 7 

29 13582277942042186 2 4
2 4 3 0 
4 2 3 0 

286 5058253418011446599 1 5
3 2 8 4 1 

156 16749214815085274645 2 4
2 4 3 7 
4 2 3 7 

293 13697909126296567058 2 4
0 8 5 2 
8 0 5 2 

166 13697909126296567058 2 4
1 7 5 2 
7 1 5 2 

297 179955301305303821 2 4
5 8 3 0 
8 5 3 0 

170 12800037375423661454 2 4
1 5 3 7 
5 1 3 7 

177 7753845519296969428 2 4
4 5 7 0 
5 4 7 0 

434 5560841040313386741 2 5
5 7 4 8 1 
7 5 4 8 1 

57 5871201165218803500 2 4
4 5 3 0 
5 4 3 0 

314 11320040185623688620 1 5
3 5 8 4 1 

184 9945646479501131629 2 4
4 5 7 3 
5 4 7 3 

197 844027089328211766 2 4
2 6 7 0 
6 2 7 0 

454 6617359137190300738 2 5
2 7 6 8 1 
7 2 6 8 1 

171 9424569909773184732 2 5
1 5 3 7 0 
5 1 3 7 0 

428 982145843277579614 1 5
8 3 7 5 2 

173 4106428641689127645 2 5
2 5 3 7 0 
5 2 3 7 0 

174 240496938789004761 1 5
1 3 7 5 2 

179 8223319054886981991 1 5
5 7 0 4 1 

436 17770642774778642068 1 5
7 4 8 5 2 

181 8406888603868562609 1 5
4 7 0 5 2 

182 6735198331751838761 1 5
7 4 1 5 2 

185 9878435552059267235 2 5
4 5 7 3 0 
5 4 7 3 0 

186 241139251765436369 1 5
5 7 3 4 1 

188 808151373417816914 1 5
4 7 3 5 2 

205 3778745013591136995 2 5
2 6 7 3 0 
6 2 7 3 0 

206 3000056339709991602 1 5
2 7 3 6 1 

213 9564097586524167225 1 5
2 6 4 7 0 

214 10213386229808423532 2 5
2 7 6 4 1 
7 2 6 4 1 

217 18368831169642834869 2 5
4 6 3 7 0 
6 4 3 7 0 

218 11915404702918101109 2 5
3 7 4 6 1 
3 7 6 4 1 

220 10897934764362109451 1 5
2 6 4 7 3 

227 7718137734683636529 1 5
5 7 0 6 1 

484 2033434964348816699 1 5
7 6 8 5 2 

229 3513855941096690009 1 5
6 7 0 5 2 

230 12602586255660598718 1 5
7 6 1 5 2 

233 14227604784070555757 2 5
5 6 7 3 0 
6 5 7 3 0 

234 15496244131944132130 1 5
5 7 3 6 1 

236 971109051724658590 1 5
6 7 3 5 2 

241 5339001099181831387 1 5
5 6 4 7 0 

242 17780203614996702965 2 5
5 7 6 4 1 
7 5 6 4 1 

244 4142872632148159405 1 5
7 6 4 5 2 

248 10035136274225936631 1 5
5 6 4 7 3 

279 3723977674723190586 4 5
0 2 4 8 1 
0 2 8 4 1 
2 0 4 8 1 
2 0 8 4 1 

283 5657420807593764805 2 5
3 0 4 8 1 
3 0 8 4 1 

295 9097417079745722050 1 5
0 5 2 8 1 

307 9006857509548947486 2 5
0 5 8 4 1 
5 0 8 4 1 

309 3848715426718891207 1 5
0 8 4 5 2 

327 15300487174151817408 4 5
0 2 6 8 1 
0 2 8 6 1 
2 0 6 8 1 
2 0 8 6 1 

331 8667644153057124415 2 5
3 0 6 8 1 
3 0 8 6 1 

341 14548790457033551304 2 5
0 2 4 6 8 
2 0 4 6 8 

355 5024315683603795752 2 5
0 5 8 6 1 
5 0 8 6 1 

357 17028826836645903710 1 5
0 8 6 5 2 

369 10482512492506546083 2 5
0 5 4 6 8 
5 0 4 6 8 

376 13736729569211496699 1 5
3 5 8 4 6 

119 8388338426313078149 2 6
0 5 2 4 6 1 
0 5 2 6 4 1 

397 13473904898177185900 2 5
2 8 3 7 0 
8 2 3 7 0 

398 16314478722546658380 1 5
2 3 7 8 1 

409 8397318272231100554 2 5
4 8 3 7 0 
8 4 3 7 0 

410 1490647889774919366 2 5
3 7 4 8 1 
3 7 8 4 1 

412 996883344037282319 1 5
2 8 4 3 7 

421 14961732136520319850 1 5
8 5 2 7 0 

422 14961732136520319850 1 5
7 5 2 8 1 

425 572830090972304578 2 5
5 8 3 7 0 
8 5 3 7 0 

426 4385724503027087689 1 5
5 3 7 8 1 

440 12728113775648893286 1 5
5 8 4 3 7 

183 14391110033463965388 1 6
7 0 4 1 5 2 

457 4628458207185915356 2 5
6 8 3 7 0 
8 6 3 7 0 

458 13587610809061470757 2 5
3 7 6 8 1 
3 7 8 6 1 

460 11631930226222222215 1 5
2 3 7 8 6 

468 7535801514964386597 2 5
2 7 4 6 8 
7 2 4 6 8 

472 6304511735103380611 1 5
3 7 4 6 8 

215 5797504304621743911 1 6
2 7 0 6 4 1 

488 16476596056655094619 1 5
5 3 7 8 6 

231 2104517575036350477 1 6
7 0 6 1 5 2 

496 16354513746469361527 2 5
5 7 4 6 8 
7 5 4 6 8 

63 16778433095849263971 1 6
3 0 2 5 4 1 

95 12395599986709178517 1 6
2 3 0 4 6 1 

111 18115595092801255903 1 6
3 0 2 5 1 6 

123 16460816874259949899 1 6
5 3 0 4 6 1 

125 17104281766002919760 1 6
4 6 3 0 2 5 

126 8008765355734769046 1 6
3 2 5 4 6 1 

187 486604055133436125 1 6
5 4 1 7 3 0 

189 2919453991723871710 1 6
4 5 2 7 3 0 

190 7636249036701931627 1 6
7 3 4 1 5 2 

207 13493800542315538503 1 6
2 6 1 7 3 0 

219 7733330472446833306 2 6
4 6 1 3 7 0 
6 4 1 3 7 0 

221 16372301409790115035 1 6
2 6 4 7 3 0 

222 17157169899380232397 1 6
2 7 3 6 4 1 

235 1421929189183119248 1 6
5 6 1 7 3 0 

237 8125388387389512039 1 6
6 5 2 7 3 0 

238 4462652142058810491 1 6
7 3 6 1 5 2 

243 7410393346489425870 1 6
5 7 0 6 4 1 

245 14430728478799029997 1 6
6 4 7 0 5 2 

246 14708165862949513634 1 6
7 5 2 6 4 1 

249 18052297221740220822 1 6
5 6 4 7 3 0 

250 6050388722221679635 1 6
5 7 3 6 4 1 

252 12892627021768402155 1 6
6 4 7 3 5 2 

311 4544301588869094210 1 6
0 5 2 8 4 1 

343 3530181385031041261 2 6
0 2 4 6 8 1 
2 0 4 6 8 1 

359 1905555974122215081 1 6
0 5 2 8 6 1 

