0
10 2
2 1
2 -1 0 0 2*m1^2 
1 0 0 0 0 
1 -1 1 0 s 
1 0 1 -1 m1^2+t 

0
10 3
2 3
0 1 0 0 0 
1 0 0 0 0 
1 1 -1 0 s 
1 0 -1 1 m1^2-t 

0
10 4
2 1
2 0 -1 0 2*m1^2 
1 1 -1 0 s 
1 0 0 0 0 
1 1 0 -1 m1^2+t 

1
10 5
2 3
0 1 0 0 0 
0 0 1 0 0 
1 0 0 0 0 
0 0 1 0 0 

0
10 6
9 6
1 0 0 0 0 
0 1 0 0 0 
0 0 1 0 0 
0 1 1 -1 -s+2*m1^2 

0
10 7
9 7
1 0 0 0 0 
0 1 0 0 0 
0 0 1 0 0 
0 1 1 -1 -s+2*m1^2 

0
10 9
1 9
1 0 0 0 0 
0 1 0 0 -m1^2 
0 0 1 0 -m1^2 
0 0 0 1 0 

1
10 10
2 3
0 0 1 0 0 
1 0 0 0 0 
0 0 1 0 0 
0 1 0 0 0 

1
10 11
6 13
1 0 0 0 0 
0 0 1 0 0 
0 1 0 0 0 
0 0 0 1 0 

1
10 12
2 3
0 0 1 0 0 
0 0 1 0 0 
1 0 0 0 0 
0 1 0 0 0 

0
10 13
6 13
1 0 0 0 0 
0 1 0 0 -m1^2 
0 0 1 0 0 
0 0 0 1 0 

1
10 14
9 7
0 0 0 1 0 
0 1 0 0 0 
0 0 1 0 0 
1 0 0 0 0 

