E1[0,0,0,0,0,0,0,0,0]*(-a6-a4-2*a1-a5+d-a8)
E1[0,1,0,0,0,0,0,0,0]*(-2*m1^2*a1)
E1[0,-1,0,0,1,0,0,0,0]*(-a4)
E1[0,0,-1,0,1,0,0,0,0]*(a4)
E1[0,0,0,0,0,0,0,0,1]*(-m1^2*a8)
E1[-1,0,0,0,0,1,0,0,0]*(a5)
E1[0,-1,0,0,0,1,0,0,0]*(-a5)
E1[0,0,-1,0,0,1,0,0,0]*(-a5)
E1[0,0,0,-1,0,1,0,0,0]*(a5)
E1[0,-1,0,0,0,0,0,0,1]*(-a8)
E1[0,0,0,0,0,1,0,0,0]*(-m1^2*a5+s*a5)
E1[-1,0,0,0,0,0,1,0,0]*(a6)
E1[0,-1,0,0,0,0,1,0,0]*(-a6)
E1[0,0,0,0,0,0,1,0,0]*(-m1^2*a6)

E1[0,0,0,0,0,0,0,0,0]*(-a2-a6-a3-2*a0-a7+d)
E1[-1,0,1,0,0,0,0,0,0]*(-a2)
E1[-1,0,0,0,0,0,0,1,0]*(-a7)
E1[0,0,1,0,0,0,0,0,0]*(a2*mm^2-a2*m1^2)
E1[-1,0,0,1,0,0,0,0,0]*(-a3)
E1[0,0,0,0,0,0,1,0,0]*(m1^2*a6)
E1[0,0,0,1,0,0,0,0,0]*(a3*mm^2-m1^2*a3)
E1[-1,0,0,0,1,0,0,0,0]*(-2*a4)
E1[0,-1,0,0,1,0,0,0,0]*(-a4)
E1[0,0,-1,0,1,0,0,0,0]*(-a4)
E1[0,0,0,0,1,0,-1,0,0]*(a4)
E1[0,0,0,0,1,0,0,0,0]*(-2*m1^2*a4+mm^2*a4)
E1[-1,0,0,0,0,1,0,0,0]*(-a5)
E1[0,-1,0,0,0,1,0,0,0]*(a5)
E1[0,0,-1,0,0,1,0,0,0]*(a5)
E1[0,0,0,-1,0,1,0,0,0]*(-a5)
E1[0,0,0,0,0,1,-1,0,0]*(-a5)
E1[0,0,0,0,0,1,0,0,0]*(m1^2*a5)
E1[-1,0,0,0,0,0,1,0,0]*(-a6)
E1[0,-1,0,0,0,0,1,0,0]*(a6)

E1[-1,1,0,0,0,0,0,0,0]*(a1)
E1[0,0,0,0,0,0,0,0,0]*(-a6+a1)
E1[0,1,0,0,0,0,-1,0,0]*(-a1)
E1[0,1,0,0,0,0,0,0,0]*(m1^2*a1)
E1[-1,0,0,0,1,0,0,0,0]*(2*a4)
E1[0,-1,0,0,1,0,0,0,0]*(a4)
E1[0,0,-1,0,1,0,0,0,0]*(a4)
E1[0,0,0,0,1,0,-1,0,0]*(-a4)
E1[0,0,0,0,1,0,0,0,0]*(2*m1^2*a4-mm^2*a4)
E1[-1,0,0,0,0,1,0,0,0]*(-a5)
E1[0,-1,0,0,0,1,0,0,0]*(a5)
E1[0,0,-1,0,0,1,0,0,0]*(a5)
E1[0,0,0,-1,0,1,0,0,0]*(-a5)
E1[0,0,0,0,0,1,-1,0,0]*(-a5)
E1[0,0,0,0,0,1,0,0,0]*(m1^2*a5)
E1[-1,0,0,0,0,0,1,0,0]*(-a6)
E1[0,-1,0,0,0,0,1,0,0]*(a6)
E1[0,0,0,0,0,0,0,0,1]*(m1^2*a8)
E1[0,0,0,0,0,0,1,0,0]*(m1^2*a6)
E1[0,-1,0,0,0,0,0,0,1]*(a8)
E1[0,0,-1,0,0,0,0,0,1]*(-a8)
E1[0,0,0,-1,0,0,0,0,1]*(a8)
E1[0,0,0,0,0,0,-1,0,1]*(-a8)
E1[0,0,0,0,0,0,0,-1,1]*(a8)

E1[0,0,0,0,0,0,0,0,0]*(-a2+a6+a0-a4)
E1[1,0,-1,0,0,0,0,0,0]*(-a0)
E1[1,0,0,0,0,0,0,0,0]*(a0*mm^2-m1^2*a0)
E1[-1,0,1,0,0,0,0,0,0]*(a2)
E1[0,0,0,0,0,0,0,1,0]*(a7*t-m1^2*a7)
E1[0,0,1,0,0,0,0,0,0]*(-a2*mm^2-a2*m1^2)
E1[-1,0,0,1,0,0,0,0,0]*(a3)
E1[0,0,-1,1,0,0,0,0,0]*(-a3)
E1[0,0,0,1,0,0,0,0,0]*(-a3*mm^2+s*a3-m1^2*a3)
E1[-1,0,0,0,1,0,0,0,0]*(2*a4)
E1[0,-1,0,0,1,0,0,0,0]*(2*a4)
E1[0,0,-1,0,0,0,0,1,0]*(-a7)
E1[0,0,0,0,1,0,-1,0,0]*(-a4)
E1[0,0,0,0,1,0,0,0,0]*(2*m1^2*a4-mm^2*a4)
E1[0,-1,0,0,0,1,0,0,0]*(-2*a5)
E1[0,0,-1,0,0,1,0,0,0]*(-2*a5)
E1[0,0,0,0,-1,1,0,0,0]*(a5)
E1[0,0,0,0,0,1,-1,0,0]*(a5)
E1[0,0,0,0,0,1,0,0,0]*(mm^2*a5-4*m1^2*a5+s*a5)
E1[0,-1,0,0,0,0,1,0,0]*(-2*a6)
E1[0,0,-1,0,0,0,1,0,0]*(-2*a6)
E1[0,0,0,0,-1,0,1,0,0]*(a6)
E1[-1,0,0,0,0,0,0,1,0]*(a7)
E1[0,0,0,0,0,0,1,0,0]*(a6*mm^2-4*m1^2*a6)

E1[-1,1,0,0,0,0,0,0,0]*(-a1)
E1[0,0,0,0,0,0,0,0,0]*(a6+a4-2*a1)
E1[0,1,-1,0,0,0,0,0,0]*(-a1)
E1[0,1,0,0,-1,0,0,0,0]*(a1)
E1[0,1,0,0,0,0,-1,0,0]*(a1)
E1[0,1,0,0,0,0,0,0,0]*(-3*m1^2*a1)
E1[-1,0,0,0,1,0,0,0,0]*(-2*a4)
E1[0,-1,0,0,1,0,0,0,0]*(-2*a4)
E1[0,0,0,0,0,0,0,0,1]*(mm^2*a8-t*a8-3*m1^2*a8-s*a8)
E1[0,0,0,0,1,0,-1,0,0]*(a4)
E1[0,0,0,0,1,0,0,0,0]*(-2*m1^2*a4+mm^2*a4)
E1[0,-1,0,0,0,1,0,0,0]*(-2*a5)
E1[0,0,-1,0,0,1,0,0,0]*(-2*a5)
E1[0,0,0,0,-1,1,0,0,0]*(a5)
E1[0,0,0,0,0,1,-1,0,0]*(a5)
E1[0,0,0,0,0,1,0,0,0]*(mm^2*a5-4*m1^2*a5+s*a5)
E1[0,-1,0,0,0,0,1,0,0]*(-2*a6)
E1[0,0,-1,0,0,0,1,0,0]*(-2*a6)
E1[0,0,0,0,-1,0,1,0,0]*(a6)
E1[0,0,0,0,0,0,-1,0,1]*(a8)
E1[0,0,0,0,0,0,1,0,0]*(a6*mm^2-4*m1^2*a6)
E1[-1,0,0,0,0,0,0,0,1]*(-a8)
E1[0,-1,0,0,0,0,0,0,1]*(-2*a8)
E1[0,0,-1,0,0,0,0,0,1]*(-a8)
E1[0,0,0,0,-1,0,0,0,1]*(a8)

E1[0,0,0,0,0,0,0,0,0]*(a1-a8)
E1[0,1,0,0,0,0,0,0,-1]*(-a1)
E1[0,1,0,0,0,0,0,0,0]*(m1^2*a1)
E1[-1,0,0,0,1,0,0,0,0]*(a4)
E1[0,-1,0,0,1,0,0,0,0]*(a4)
E1[0,0,-1,0,1,0,0,0,0]*(a4)
E1[0,0,0,-1,1,0,0,0,0]*(-a4)
E1[0,0,0,0,1,0,0,-1,0]*(-a4)
E1[0,0,0,0,1,0,0,0,-1]*(-a4)
E1[0,0,0,0,1,0,0,0,0]*(m1^2*a4+s*a4+a4*t-mm^2*a4)
E1[-1,0,0,0,0,1,0,0,0]*(-a5)
E1[0,-1,0,0,0,1,0,0,0]*(a5)
E1[0,0,-1,0,0,1,0,0,0]*(-a5)
E1[0,0,0,-1,0,1,0,0,0]*(a5)
E1[0,0,0,0,0,1,0,-1,0]*(a5)
E1[0,0,0,0,0,1,0,0,-1]*(-a5)
E1[0,0,0,0,0,1,0,0,0]*(m1^2*a5+s*a5)
E1[-1,0,0,0,0,0,1,0,0]*(-a6)
E1[0,-1,0,0,0,0,1,0,0]*(a6)
E1[0,0,-1,0,0,0,1,0,0]*(-a6)
E1[0,0,0,-1,0,0,1,0,0]*(a6)
E1[0,0,0,0,0,0,1,-1,0]*(a6)
E1[0,0,0,0,0,0,1,0,-1]*(-a6)
E1[0,0,0,0,0,0,1,0,0]*(m1^2*a6)
E1[0,-1,0,0,0,0,0,0,1]*(a8)
E1[0,0,0,0,0,0,0,0,1]*(m1^2*a8)

E1[0,0,0,0,0,0,0,0,0]*(-a2-a6+a3+a0+a4-a5)
E1[1,-1,0,0,0,0,0,0,0]*(a0)
E1[1,0,0,0,0,0,-1,0,0]*(-a0)
E1[1,0,0,0,0,0,0,0,0]*(m1^2*a0)
E1[0,-1,1,0,0,0,0,0,0]*(-a2)
E1[0,0,0,0,0,0,0,1,0]*(-s*a7)
E1[0,0,1,0,-1,0,0,0,0]*(a2)
E1[0,0,1,0,0,0,0,0,0]*(-2*a2*m1^2)
E1[0,-1,0,1,0,0,0,0,0]*(-a3)
E1[0,0,-1,1,0,0,0,0,0]*(-2*a3)
E1[0,0,0,0,0,0,0,1,-1]*(a7)
E1[0,0,0,1,-1,0,0,0,0]*(a3)
E1[0,0,0,1,0,-1,0,0,0]*(-a3)
E1[0,0,0,1,0,0,-1,0,0]*(a3)
E1[0,0,0,1,0,0,0,0,0]*(s*a3-2*m1^2*a3)
E1[0,-1,0,0,1,0,0,0,0]*(a4)
E1[0,0,-1,0,1,0,0,0,0]*(-a4)
E1[0,0,0,0,0,0,-1,1,0]*(-2*a7)
E1[-1,0,0,0,0,1,0,0,0]*(a5)
E1[0,-1,0,0,0,1,0,0,0]*(-a5)
E1[0,0,-1,0,0,1,0,0,0]*(-a5)
E1[0,0,0,-1,0,1,0,0,0]*(a5)
E1[0,0,0,0,0,-1,0,1,0]*(a7)
E1[0,0,0,0,0,1,0,0,0]*(-m1^2*a5+s*a5)
E1[-1,0,0,0,0,0,1,0,0]*(a6)
E1[0,-1,0,0,0,0,1,0,0]*(-a6)
E1[0,0,0,-1,0,0,0,1,0]*(-a7)
E1[0,0,0,0,0,0,1,0,0]*(-m1^2*a6)
E1[-1,0,0,0,0,0,0,1,0]*(a7)
E1[0,0,-1,0,0,0,0,1,0]*(a7)

E1[0,0,0,0,0,0,0,0,0]*(-a6+a0-a7+a5)
E1[1,0,0,0,0,0,0,-1,0]*(-a0)
E1[-1,0,1,0,0,0,0,0,0]*(a2)
E1[0,0,1,0,0,0,0,-1,0]*(-a2)
E1[0,0,1,0,0,0,0,0,0]*(a2*t-a2*mm^2)
E1[-1,0,0,1,0,0,0,0,0]*(a3)
E1[0,0,0,1,0,0,0,-1,0]*(-a3)
E1[0,0,0,1,0,0,0,0,0]*(a3*t-a3*mm^2+s*a3)
E1[-1,0,0,0,1,0,0,0,0]*(a4)
E1[0,-1,0,0,1,0,0,0,0]*(a4)
E1[0,0,-1,0,1,0,0,0,0]*(-a4)
E1[0,0,0,-1,1,0,0,0,0]*(a4)
E1[0,0,0,0,1,-1,0,0,0]*(-a4)
E1[0,0,0,0,1,0,-1,0,0]*(a4)
E1[0,0,0,0,1,0,0,-1,0]*(-a4)
E1[0,0,0,0,1,0,0,0,-1]*(-a4)
E1[0,0,0,0,1,0,0,0,0]*(m1^2*a4+s*a4+a4*t-mm^2*a4)
E1[-1,0,0,0,0,1,0,0,0]*(a5)
E1[0,-1,0,0,0,1,0,0,0]*(-a5)
E1[0,0,-1,0,0,1,0,0,0]*(a5)
E1[0,0,0,-1,0,1,0,0,0]*(-a5)
E1[-1,0,0,0,0,0,0,1,0]*(a7)
E1[0,0,0,0,0,1,-1,0,0]*(-a5)
E1[0,0,0,0,0,1,0,-1,0]*(-a5)
E1[0,0,0,0,0,1,0,0,-1]*(a5)
E1[0,0,0,0,0,1,0,0,0]*(-m1^2*a5)
E1[-1,0,0,0,0,0,1,0,0]*(a6)
E1[0,-1,0,0,0,0,1,0,0]*(-a6)
E1[0,0,-1,0,0,0,1,0,0]*(a6)
E1[0,0,0,-1,0,0,1,0,0]*(-a6)
E1[0,0,0,0,0,-1,1,0,0]*(a6)
E1[0,0,0,0,0,0,1,0,0]*(-s*a6-m1^2*a6)
E1[0,0,0,0,0,0,1,-1,0]*(-a6)
E1[0,0,0,0,0,0,1,0,-1]*(a6)

E1[0,0,0,0,0,0,0,0,0]*(-a2+a3-a0+a7)
E1[1,0,-1,0,0,0,0,0,0]*(-a0)
E1[1,0,0,-1,0,0,0,0,0]*(a0)
E1[1,0,0,0,0,0,0,-1,0]*(a0)
E1[-1,0,1,0,0,0,0,0,0]*(-a2)
E1[0,0,0,0,0,0,0,1,0]*(-s*a7)
E1[0,0,1,-1,0,0,0,0,0]*(a2)
E1[0,0,1,0,0,0,0,-1,0]*(a2)
E1[0,0,1,0,0,0,0,0,0]*(-a2*t+a2*mm^2-a2*s)
E1[-1,0,0,1,0,0,0,0,0]*(-a3)
E1[0,0,-1,1,0,0,0,0,0]*(-a3)
E1[0,0,0,-1,0,0,0,1,0]*(a7)
E1[0,0,0,1,0,0,0,-1,0]*(a3)
E1[0,0,0,1,0,0,0,0,0]*(-a3*t+a3*mm^2)
E1[-1,0,0,0,1,0,0,0,0]*(-a4)
E1[0,-1,0,0,1,0,0,0,0]*(-a4)
E1[0,0,-1,0,1,0,0,0,0]*(-a4)
E1[0,0,0,-1,1,0,0,0,0]*(a4)
E1[0,0,0,0,1,0,0,-1,0]*(a4)
E1[0,0,0,0,1,0,0,0,-1]*(a4)
E1[0,0,0,0,1,0,0,0,0]*(-m1^2*a4-s*a4-a4*t+mm^2*a4)
E1[-1,0,0,0,0,1,0,0,0]*(-a5)
E1[0,-1,0,0,0,1,0,0,0]*(a5)
E1[0,0,-1,0,0,1,0,0,0]*(-a5)
E1[0,0,0,-1,0,1,0,0,0]*(a5)
E1[0,0,0,0,0,1,0,-1,0]*(a5)
E1[0,0,0,0,0,1,0,0,-1]*(-a5)
E1[0,0,0,0,0,1,0,0,0]*(m1^2*a5+s*a5)
E1[-1,0,0,0,0,0,1,0,0]*(-a6)
E1[0,-1,0,0,0,0,1,0,0]*(a6)
E1[0,0,-1,0,0,0,1,0,0]*(-a6)
E1[0,0,0,-1,0,0,1,0,0]*(a6)
E1[0,0,0,0,0,0,1,-1,0]*(a6)
E1[0,0,0,0,0,0,1,0,-1]*(-a6)
E1[0,0,0,0,0,0,1,0,0]*(m1^2*a6)
E1[-1,0,0,0,0,0,0,1,0]*(-a7)
E1[0,0,-1,0,0,0,0,1,0]*(-a7)

E1[0,0,0,0,0,0,0,0,0]*(-a6-a1+a5+a8)
E1[0,1,-1,0,0,0,0,0,0]*(a1)
E1[0,1,0,-1,0,0,0,0,0]*(-a1)
E1[0,1,0,0,0,-1,0,0,0]*(a1)
E1[0,1,0,0,0,0,-1,0,0]*(-a1)
E1[0,1,0,0,0,0,0,0,-1]*(a1)
E1[0,1,0,0,0,0,0,0,0]*(-m1^2*a1-s*a1)
E1[-1,0,0,0,1,0,0,0,0]*(-a4)
E1[0,-1,0,0,1,0,0,0,0]*(-a4)
E1[0,0,-1,0,1,0,0,0,0]*(a4)
E1[0,0,0,-1,1,0,0,0,0]*(-a4)
E1[0,0,0,0,1,-1,0,0,0]*(a4)
E1[0,0,0,0,1,0,-1,0,0]*(-a4)
E1[0,0,0,0,1,0,0,-1,0]*(a4)
E1[0,0,0,0,1,0,0,0,-1]*(a4)
E1[0,0,0,0,1,0,0,0,0]*(-m1^2*a4-s*a4-a4*t+mm^2*a4)
E1[-1,0,0,0,0,1,0,0,0]*(a5)
E1[0,-1,0,0,0,1,0,0,0]*(-a5)
E1[0,0,-1,0,0,1,0,0,0]*(a5)
E1[0,0,0,-1,0,1,0,0,0]*(-a5)
E1[0,0,0,0,0,0,0,0,1]*(-m1^2*a8-2*s*a8)
E1[0,0,0,0,0,1,-1,0,0]*(-a5)
E1[0,0,0,0,0,1,0,-1,0]*(-a5)
E1[0,0,0,0,0,1,0,0,-1]*(a5)
E1[0,0,0,0,0,1,0,0,0]*(-m1^2*a5)
E1[-1,0,0,0,0,0,1,0,0]*(a6)
E1[0,-1,0,0,0,0,1,0,0]*(-a6)
E1[0,0,-1,0,0,0,1,0,0]*(a6)
E1[0,0,0,-1,0,0,1,0,0]*(-a6)
E1[0,0,0,0,0,-1,1,0,0]*(a6)
E1[0,0,0,0,0,0,-1,0,1]*(-a8)
E1[0,0,0,0,0,0,1,-1,0]*(-a6)
E1[0,0,0,0,0,0,1,0,-1]*(a6)
E1[0,0,0,0,0,0,1,0,0]*(-s*a6-m1^2*a6)
E1[0,-1,0,0,0,0,0,0,1]*(-a8)
E1[0,0,-1,0,0,0,0,0,1]*(a8)
E1[0,0,0,-1,0,0,0,0,1]*(-a8)
E1[0,0,0,0,0,-1,0,0,1]*(a8)

