C11[0, 0, 1, 0, 1, 1, 0, 0, 0]
C11[0, 0, 1, 1, 1, 0, 0, 0, 0]
C11[0, 1, 0, 0, 1, 1, 0, 0, 0]
C11[0, 1, 0, 1, 1, 0, 0, 0, 0]
C11[0, 1, 1, 0, 0, 1, 0, 0, 0]
C11[0, 1, 1, 0, 1, 0, 0, 0, 0]
C11[0, 1, 1, 0, 1, 1, -1, 0, 0]
C11[0, 1, 1, 0, 1, 1, 0, 0, -1]
C11[0, 1, 1, 0, 1, 1, 0, 0, 0]
C11[0, 1, 1, 1, 0, 0, 0, 0, 0]
C11[0, 1, 1, 1, 1, -1, 0, 0, 0]
C11[0, 1, 1, 1, 1, 0, -1, 0, 0]
C11[0, 1, 1, 1, 1, 0, 0, 0, -1]
C11[0, 1, 1, 1, 1, 0, 0, 0, 0]
C11[1, -1, 1, 0, 1, 1, 0, 0, 0]
C11[1, -1, 1, 1, 1, 0, 0, 0, 0]
C11[1, 0, 0, 0, 1, 1, 0, 0, 0]
C11[1, 0, 0, 1, 1, 0, 0, 0, 0]
C11[1, 0, 1, -1, 1, 1, 0, 0, 0]
C11[1, 0, 1, 0, 0, 1, 0, 0, 0]
C11[1, 0, 1, 0, 1, 0, 0, 0, 0]
C11[1, 0, 1, 0, 1, 1, -1, 0, 0]
C11[1, 0, 1, 0, 1, 1, 0, -1, 0]
C11[1, 0, 1, 0, 1, 1, 0, 0, -1]
C11[1, 0, 1, 0, 1, 1, 0, 0, 0]
C11[1, 0, 1, 1, 0, 0, 0, 0, 0]
C11[1, 0, 1, 1, 1, -1, 0, 0, 0]
C11[1, 0, 1, 1, 1, 0, -1, 0, 0]
C11[1, 0, 1, 1, 1, 0, 0, -1, 0]
C11[1, 0, 1, 1, 1, 0, 0, 0, -1]
C11[1, 0, 1, 1, 1, 0, 0, 0, 0]
C11[1, 1, -1, 0, 1, 1, 0, 0, 0]
C11[1, 1, -1, 1, 1, 0, 0, 0, 0]
C11[1, 1, 0, -1, 1, 1, 0, 0, 0]
C11[1, 1, 0, 0, 0, 1, 0, 0, 0]
C11[1, 1, 0, 0, 1, 0, 0, 0, 0]
C11[1, 1, 0, 0, 1, 1, -1, 0, 0]
C11[1, 1, 0, 0, 1, 1, 0, -1, 0]
C11[1, 1, 0, 0, 1, 1, 0, 0, -1]
C11[1, 1, 0, 0, 1, 1, 0, 0, 0]
C11[1, 1, 0, 1, 0, 0, 0, 0, 0]
C11[1, 1, 0, 1, 1, -1, 0, 0, 0]
C11[1, 1, 0, 1, 1, 0, -1, 0, 0]
C11[1, 1, 0, 1, 1, 0, 0, -1, 0]
C11[1, 1, 0, 1, 1, 0, 0, 0, -1]
C11[1, 1, 0, 1, 1, 0, 0, 0, 0]
C11[1, 1, 1, -1, 0, 1, 0, 0, 0]
C11[1, 1, 1, -1, 1, 0, 0, 0, 0]
C11[1, 1, 1, -1, 1, 1, -1, 0, 0]
C11[1, 1, 1, -1, 1, 1, 0, 0, 0]
C11[1, 1, 1, 0, -1, 1, 0, 0, 0]
C11[1, 1, 1, 0, 0, 0, 0, 0, 0]
C11[1, 1, 1, 0, 0, 1, -1, 0, 0]
C11[1, 1, 1, 0, 0, 1, 0, -1, 0]
C11[1, 1, 1, 0, 0, 1, 0, 0, -1]
C11[1, 1, 1, 0, 0, 1, 0, 0, 0]
C11[1, 1, 1, 0, 1, -1, 0, 0, 0]
C11[1, 1, 1, 0, 1, 0, -1, 0, 0]
C11[1, 1, 1, 0, 1, 0, 0, -1, 0]
C11[1, 1, 1, 0, 1, 0, 0, 0, -1]
C11[1, 1, 1, 0, 1, 0, 0, 0, 0]
C11[1, 1, 1, 0, 1, 1, -2, 0, 0]
C11[1, 1, 1, 0, 1, 1, -1, -1, 0]
C11[1, 1, 1, 0, 1, 1, -1, 0, -1]
C11[1, 1, 1, 0, 1, 1, -1, 0, 0]
C11[1, 1, 1, 0, 1, 1, 0, -1, 0]
C11[1, 1, 1, 0, 1, 1, 0, 0, -1]
C11[1, 1, 1, 0, 1, 1, 0, 0, 0]
C11[1, 1, 1, 1, 0, -1, 0, 0, 0]
C11[1, 1, 1, 1, 0, 0, -1, 0, 0]
C11[1, 1, 1, 1, 0, 0, 0, -1, 0]
C11[1, 1, 1, 1, 0, 0, 0, 0, -1]
C11[1, 1, 1, 1, 0, 0, 0, 0, 0]
C11[1, 1, 1, 1, 1, -2, 0, 0, 0]
C11[1, 1, 1, 1, 1, -1, -1, 0, 0]
C11[1, 1, 1, 1, 1, -1, 0, -1, 0]
C11[1, 1, 1, 1, 1, -1, 0, 0, -1]
C11[1, 1, 1, 1, 1, -1, 0, 0, 0]
C11[1, 1, 1, 1, 1, 0, -2, 0, 0]
C11[1, 1, 1, 1, 1, 0, -1, -1, 0]
C11[1, 1, 1, 1, 1, 0, -1, 0, -1]
C11[1, 1, 1, 1, 1, 0, -1, 0, 0]
C11[1, 1, 1, 1, 1, 0, 0, -1, 0]
C11[1, 1, 1, 1, 1, 0, 0, 0, -1]
C11[1, 1, 1, 1, 1, 0, 0, 0, 0]