C31p1[0, 0, 1, 1, 1, 0, 0, 0, 0]
C31p1[0, 0, 1, 1, 0, 0, 0, 0, 0]
C31p1[0, 0, 1, 1, 2, 0, 0, 0, 0]
C31p1[1, 0, 1, 1, 1, 0, 0, 0, 0]
C31p1[1, 1, 0, 1, 0, 0, 0, 0, 0]
C31p1[1, 1, 1, 1, 1, 0, 0, 0, 0]
D41p1[0, 0, 1, 0, 1, 1, 0, 0, 0]
D41p2[0, 0, 1, 0, 1, 1, 0, 0, 0]
D41p1[0, 0, 1, 0, 1, 0, 0, 0, 0]
D41p2[0, 0, 1, 0, 1, 0, 0, 0, 0]
D41p1[0, 0, 1, 0, 1, 2, 0, 0, 0]
D41p2[0, 0, 1, 0, 1, 2, 0, 0, 0]
D41p1[0, 0, 1, 0, 2, 1, 0, 0, 0]
D41p2[0, 0, 1, 0, 2, 1, 0, 0, 0]
D41p1[0, 0, 1, 1, 0, 0, 0, 0, 0]
D41p2[0, 0, 1, 1, 0, 0, 0, 0, 0]
D41p1[1, 0, 1, 0, 1, 1, 0, 0, 0]
D41p2[1, 0, 1, 0, 1, 1, 0, 0, 0]
D41p1[1, 0, 1, 0, 1, 2, 0, 0, 0]
D41p2[1, 0, 1, 0, 1, 2, 0, 0, 0]
D41p1[0, 1, 1, 0, 1, 0, 0, 0, 0]
D41p2[0, 1, 1, 0, 1, 0, 0, 0, 0]
D41p1[1, 1, 0, 0, 1, 0, 0, 0, 0]
D41p2[1, 1, 0, 0, 1, 0, 0, 0, 0]
D41p1[1, 1, 1, 0, 1, 1, 0, 0, 0]
D41p2[1, 1, 1, 0, 1, 1, 0, 0, 0]
D41p1[1, 1, 1, 0, 1, 2, 0, 0, 0]
D41p2[1, 1, 1, 0, 1, 2, 0, 0, 0]
C41p1[0, 0, 1, 1, 1, 0, 0, 0, 0]
C41p2[0, 0, 1, 1, 1, 0, 0, 0, 0]
C41p1[0, 0, 1, 1, 0, 0, 0, 0, 0]
C41p2[0, 0, 1, 1, 0, 0, 0, 0, 0]
C41p1[0, 0, 1, 0, 1, 0, 0, 0, 0]
C41p2[0, 0, 1, 0, 1, 0, 0, 0, 0]
C41p1[0, 0, 1, 1, 2, 0, 0, 0, 0]
C41p2[0, 0, 1, 1, 2, 0, 0, 0, 0]
C41p1[0, 0, 1, 2, 1, 0, 0, 0, 0]
C41p2[0, 0, 1, 2, 1, 0, 0, 0, 0]
C41p1[1, 0, 1, 1, 1, 0, 0, 0, 0]
C41p2[1, 0, 1, 1, 1, 0, 0, 0, 0]
C41p1[1, 0, 1, 1, 2, 0, 0, 0, 0]
C41p2[1, 0, 1, 1, 2, 0, 0, 0, 0]
C41p1[1, 0, 0, 1, 1, 0, 0, 0, 0]
C41p2[1, 0, 0, 1, 1, 0, 0, 0, 0]
C41p1[1, 1, 0, 1, 0, 0, 0, 0, 0]
C41p2[1, 1, 0, 1, 0, 0, 0, 0, 0]
C41p1[1, 1, 1, 1, 1, 0, 0, 0, 0]
C41p2[1, 1, 1, 1, 1, 0, 0, 0, 0]
C41p1[1, 1, 1, 1, 2, 0, 0, 0, 0]
C41p2[1, 1, 1, 1, 2, 0, 0, 0, 0]
D01p1[0, 0, 1, 0, 1, 1, 0, 0, 0]
D01p1[1, 0, 0, 1, 1, 1, 0, 0, 0]
D11p1[0, 0, 1, 0, 1, 1, 0, 0, 0]
D11p1[0, 0, 1, 0, 1, 2, 0, 0, 0]
D11p1[0, 0, 1, 1, 0, 1, 0, 0, 0]
D11p1[0, 1, 1, 0, 1, 0, 0, 0, 0]
D11p1[1, 0, 0, 1, 1, 1, 0, 0, 0]
D11p1[1, 0, 1, 1, 1, 1, 0, 0, 0]
D11p1[1, 0, 1, 1, 1, 2, 0, 0, 0]
D12p1[0, 0, 1, 0, 1, 1, 0, 0, 0]
D12p1[0, 1, 1, 0, 1, 1, 0, 0, 0]
D12p1[1, 1, 0, 0, 1, 0, 0, 0, 0]
D12p1[1, 0, 0, 1, 1, 1, 0, 0, 0]
D12p1[1, 1, 0, 1, 1, 1, 0, 0, 0]
D12p1[1, 1, 1, 0, 1, 1, 0, 0, 0]
D21p1[0, 0, 1, 0, 1, 1, 0, 0, 0]
D21p1[0, 0, 1, 0, 1, 2, 0, 0, 0]
D21p1[0, 0, 1, 1, 0, 1, 0, 0, 0]
D21p1[1, 1, 0, 0, 1, 0, 0, 0, 0]
D21p1[0, 1, 1, 0, 0, 0, 0, 0, 0]
D21p1[0, 1, 1, 0, 1, 1, 0, 0, 0]
D21p1[0, 1, 1, 0, 1, 2, 0, 0, 0]
D21p1[0, 1, 1, 1, 0, 1, 0, 0, 0]
D21p1[1, 0, 0, 1, 1, 1, 0, 0, 0]
D21p1[1, 0, 1, 1, 1, 1, 0, 0, 0]
D21p1[1, 0, 1, 1, 1, 2, 0, 0, 0]
D21p1[1, 1, 0, 1, 1, 1, 0, 0, 0]
D21p1[1, 1, 1, 0, 1, 1, 0, 0, 0]
D21p1[1, 1, 1, 0, 1, 2, 0, 0, 0]
D21p1[1, 1, 1, 1, 1, 1, 0, 0, 0]
D23p1[0, 0, 1, 0, 1, 1, 0, 0, 0]
D23p2[0, 0, 1, 0, 1, 1, 0, 0, 0]
D23p1[0, 0, 1, 0, 1, 2, 0, 0, 0]
D23p2[0, 0, 1, 0, 1, 2, 0, 0, 0]
D23p1[0, 0, 1, 1, 0, 1, 0, 0, 0]
D23p2[0, 0, 1, 1, 0, 1, 0, 0, 0]
D23p1[0, 0, 1, 1, 1, 0, 0, 0, 0]
D23p2[0, 0, 1, 1, 1, 0, 0, 0, 0]
D23p1[0, 1, 1, 0, 0, 0, 0, 0, 0]
D23p2[0, 1, 1, 0, 0, 0, 0, 0, 0]
D23p1[0, 1, 1, 0, 1, 0, 0, 0, 0]
D23p2[0, 1, 1, 0, 1, 0, 0, 0, 0]
D23p1[0, 1, 1, 0, 1, 1, 0, 0, 0]
D23p2[0, 1, 1, 0, 1, 1, 0, 0, 0]
D23p1[0, 1, 1, 0, 1, 2, 0, 0, 0]
D23p2[0, 1, 1, 0, 1, 2, 0, 0, 0]
D23p1[0, 1, 1, 1, 0, 1, 0, 0, 0]
D23p2[0, 1, 1, 1, 0, 1, 0, 0, 0]
D23p1[1, 0, 0, 1, 1, 1, 0, 0, 0]
D23p2[1, 0, 0, 1, 1, 1, 0, 0, 0]
D23p1[1, 0, 1, 1, 1, 1, 0, 0, 0]
D23p2[1, 0, 1, 1, 1, 1, 0, 0, 0]
D23p1[1, 0, 1, 1, 1, 2, 0, 0, 0]
D23p2[1, 0, 1, 1, 1, 2, 0, 0, 0]
D23p1[1, 1, 0, 0, 1, 0, 0, 0, 0]
D23p2[1, 1, 0, 0, 1, 0, 0, 0, 0]
D23p1[1, 1, 0, 1, 1, 1, 0, 0, 0]
D23p2[1, 1, 0, 1, 1, 1, 0, 0, 0]
D23p1[1, 1, 1, 0, 1, 1, 0, 0, 0]
D23p2[1, 1, 1, 0, 1, 1, 0, 0, 0]
D23p1[1, 1, 1, 0, 1, 2, 0, 0, 0]
D23p2[1, 1, 1, 0, 1, 2, 0, 0, 0]
D23p1[1, 1, 1, 1, 1, 1, 0, 0, 0]
D23p2[1, 1, 1, 1, 1, 1, 0, 0, 0]
D33p1[0, 0, 1, 0, 1, 1, 0, 0, 0]
D33p2[0, 0, 1, 0, 1, 1, 0, 0, 0]
D33p1[0, 0, 1, 1, 1, 0, 0, 0, 0]
D33p2[0, 0, 1, 1, 1, 0, 0, 0, 0]
D33p1[0, 0, 1, 1, 1, 1, 0, 0, 0]
D33p2[0, 0, 1, 1, 1, 1, 0, 0, 0]
D33p1[0, 0, 1, 0, 1, 2, 0, 0, 0]
D33p2[0, 0, 1, 0, 1, 2, 0, 0, 0]
D33p1[0, 1, 1, 1, 1, 1, 0, 0, 0]
D33p2[0, 1, 1, 1, 1, 1, 0, 0, 0]
D33p1[1, 0, 0, 1, 0, 0, 0, 0, 0]
D33p2[1, 0, 0, 1, 0, 0, 0, 0, 0]
D33p1[1, 0, 0, 1, 0, 1, 0, 0, 0]
D33p2[1, 0, 0, 1, 0, 1, 0, 0, 0]
D33p1[1, 0, 0, 1, 1, 0, 0, 0, 0]
D33p2[1, 0, 0, 1, 1, 0, 0, 0, 0]
D33p1[1, 0, 0, 1, 1, 1, 0, 0, 0]
D33p2[1, 0, 0, 1, 1, 1, 0, 0, 0]
D33p1[1, 0, 0, 1, 1, 2, 0, 0, 0]
D33p2[1, 0, 0, 1, 1, 2, 0, 0, 0]
D33p1[1, 0, 0, 1, 2, 1, 0, 0, 0]
D33p2[1, 0, 0, 1, 2, 1, 0, 0, 0]
D33p1[1, 0, 1, 0, 1, 1, 0, 0, 0]
D33p2[1, 0, 1, 0, 1, 1, 0, 0, 0]
D33p1[1, 0, 1, 0, 1, 2, 0, 0, 0]
D33p2[1, 0, 1, 0, 1, 2, 0, 0, 0]
D33p1[1, 0, 1, 1, 1, 1, 0, 0, 0]
D33p2[1, 0, 1, 1, 1, 1, 0, 0, 0]
D33p1[1, 0, 1, 1, 1, 2, 0, 0, 0]
D33p2[1, 0, 1, 1, 1, 2, 0, 0, 0]
D33p1[1, 0, 1, 1, 2, 1, 0, 0, 0]
D33p2[1, 0, 1, 1, 2, 1, 0, 0, 0]
D33p1[1, 1, 0, 0, 1, 0, 0, 0, 0]
D33p2[1, 1, 0, 0, 1, 0, 0, 0, 0]
D33p1[1, 1, 0, 1, 0, 1, 0, 0, 0]
D33p2[1, 1, 0, 1, 0, 1, 0, 0, 0]
D33p1[1, 1, 1, 0, 1, 1, 0, 0, 0]
D33p2[1, 1, 1, 0, 1, 1, 0, 0, 0]
D33p1[1, 1, 1, 0, 1, 2, 0, 0, 0]
D33p2[1, 1, 1, 0, 1, 2, 0, 0, 0]
D33p1[1, 1, 1, 1, 1, 1, 0, 0, 0]
D33p2[1, 1, 1, 1, 1, 1, 0, 0, 0]
D22p1[0, 0, 1, 0, 1, 1, 0, 0, 0]
D22p1[0, 0, 1, 0, 1, 2, 0, 0, 0]
D22p1[0, 1, 1, 0, 1, 0, 0, 0, 0]
D22p1[1, 0, 0, 1, 0, 1, 0, 0, 0]
D22p1[1, 0, 0, 0, 1, 0, 0, 0, 0]
D22p1[1, 0, 0, 1, 1, 1, 0, 0, 0]
D22p1[1, 0, 0, 1, 1, 2, 0, 0, 0]
D22p1[1, 0, 1, 0, 1, 1, 0, 0, 0]
D22p1[1, 0, 1, 0, 1, 2, 0, 0, 0]
D22p1[1, 0, 1, 1, 1, 1, 0, 0, 0]
D32p1[0, 0, 1, 0, 1, 1, 0, 0, 0]
D32p2[0, 0, 1, 0, 1, 1, 0, 0, 0]
D32p1[0, 0, 1, 0, 1, 2, 0, 0, 0]
D32p2[0, 0, 1, 0, 1, 2, 0, 0, 0]
D32p1[0, 0, 1, 1, 1, 0, 0, 0, 0]
D32p2[0, 0, 1, 1, 1, 0, 0, 0, 0]
D32p1[1, 0, 0, 1, 0, 1, 0, 0, 0]
D32p2[1, 0, 0, 1, 0, 1, 0, 0, 0]
D32p1[0, 1, 1, 0, 1, 0, 0, 0, 0]
D32p2[0, 1, 1, 0, 1, 0, 0, 0, 0]
D32p1[0, 1, 1, 0, 1, 1, 0, 0, 0]
D32p2[0, 1, 1, 0, 1, 1, 0, 0, 0]
D32p1[0, 1, 1, 0, 1, 2, 0, 0, 0]
D32p2[0, 1, 1, 0, 1, 2, 0, 0, 0]
D32p1[1, 1, 0, 0, 0, 0, 0, 0, 0]
D32p2[1, 1, 0, 0, 0, 0, 0, 0, 0]
D32p1[1, 1, 0, 1, 0, 1, 0, 0, 0]
D32p2[1, 1, 0, 1, 0, 1, 0, 0, 0]
D32p1[1, 0, 0, 0, 1, 0, 0, 0, 0]
D32p2[1, 0, 0, 0, 1, 0, 0, 0, 0]
D32p1[1, 0, 0, 1, 1, 1, 0, 0, 0]
D32p2[1, 0, 0, 1, 1, 1, 0, 0, 0]
D32p1[1, 0, 0, 1, 1, 2, 0, 0, 0]
D32p2[1, 0, 0, 1, 1, 2, 0, 0, 0]
D32p1[1, 0, 1, 0, 1, 1, 0, 0, 0]
D32p2[1, 0, 1, 0, 1, 1, 0, 0, 0]
D32p1[1, 0, 1, 0, 1, 2, 0, 0, 0]
D32p2[1, 0, 1, 0, 1, 2, 0, 0, 0]
D32p1[1, 0, 1, 1, 1, 1, 0, 0, 0]
D32p2[1, 0, 1, 1, 1, 1, 0, 0, 0]
D32p1[1, 1, 0, 0, 1, 0, 0, 0, 0]
D32p2[1, 1, 0, 0, 1, 0, 0, 0, 0]
D32p1[1, 1, 0, 1, 1, 1, 0, 0, 0]
D32p2[1, 1, 0, 1, 1, 1, 0, 0, 0]
D32p1[1, 1, 1, 0, 1, 1, 0, 0, 0]
D32p2[1, 1, 1, 0, 1, 1, 0, 0, 0]
D32p1[1, 1, 1, 0, 1, 2, 0, 0, 0]
D32p2[1, 1, 1, 0, 1, 2, 0, 0, 0]
D32p1[1, 1, 1, 0, 2, 1, 0, 0, 0]
D32p2[1, 1, 1, 0, 2, 1, 0, 0, 0]
D32p1[1, 1, 1, 1, 1, 1, 0, 0, 0]
D32p2[1, 1, 1, 1, 1, 1, 0, 0, 0]
D31p1[0, 0, 0, 1, 1, 0, 0, 0, 0]
D31p1[0, 0, 0, 1, 1, 1, 0, 0, 0]
D31p1[0, 0, 1, 0, 1, 1, 0, 0, 0]
D31p1[0, 0, 1, 0, 1, 2, 0, 0, 0]
D31p1[0, 1, 1, 0, 1, 1, 0, 0, 0]
D31p1[1, 1, 0, 0, 1, 0, 0, 0, 0]
D31p1[0, 1, 0, 1, 1, 1, 0, 0, 0]
D31p1[1, 0, 0, 1, 1, 1, 0, 0, 0]
D31p1[1, 0, 0, 1, 1, 2, 0, 0, 0]
D31p1[1, 0, 0, 1, 2, 1, 0, 0, 0]
D31p1[1, 1, 1, 0, 1, 1, 0, 0, 0]
D41p1[0, 0, 0, 1, 1, 1, 0, 0, 0]
D41p2[0, 0, 0, 1, 1, 1, 0, 0, 0]
D41p1[0, 0, 1, 1, 0, 1, 0, 0, 0]
D41p2[0, 0, 1, 1, 0, 1, 0, 0, 0]
D41p1[0, 0, 1, 1, 1, 0, 0, 0, 0]
D41p2[0, 0, 1, 1, 1, 0, 0, 0, 0]
D41p1[0, 0, 1, 1, 1, 1, 0, 0, 0]
D41p2[0, 0, 1, 1, 1, 1, 0, 0, 0]
D41p1[0, 1, 0, 1, 1, 1, 0, 0, 0]
D41p2[0, 1, 0, 1, 1, 1, 0, 0, 0]
D41p1[0, 1, 1, 1, 0, 1, 0, 0, 0]
D41p2[0, 1, 1, 1, 0, 1, 0, 0, 0]
D41p1[0, 1, 1, 1, 1, 1, 0, 0, 0]
D41p2[0, 1, 1, 1, 1, 1, 0, 0, 0]
D41p1[1, 0, 0, 1, 1, 1, 0, 0, 0]
D41p2[1, 0, 0, 1, 1, 1, 0, 0, 0]
D41p1[1, 0, 0, 1, 1, 2, 0, 0, 0]
D41p2[1, 0, 0, 1, 1, 2, 0, 0, 0]
D41p1[1, 0, 0, 1, 2, 1, 0, 0, 0]
D41p2[1, 0, 0, 1, 2, 1, 0, 0, 0]
D41p1[1, 0, 1, 1, 1, 1, 0, 0, 0]
D41p2[1, 0, 1, 1, 1, 1, 0, 0, 0]
D41p1[1, 0, 1, 1, 1, 2, 0, 0, 0]
D41p2[1, 0, 1, 1, 1, 2, 0, 0, 0]
D41p1[1, 0, 1, 1, 2, 1, 0, 0, 0]
D41p2[1, 0, 1, 1, 2, 1, 0, 0, 0]
D41p1[1, 0, 2, 1, 1, 1, 0, 0, 0]
D41p2[1, 0, 2, 1, 1, 1, 0, 0, 0]
D41p1[1, 1, 1, 1, 1, 1, 0, 0, 0]
D41p2[1, 1, 1, 1, 1, 1, 0, 0, 0]
D42p1[0, 0, 0, 1, 1, 0, 0, 0, 0]
D42p2[0, 0, 0, 1, 1, 0, 0, 0, 0]
D42p1[0, 0, 0, 1, 1, 1, 0, 0, 0]
D42p2[0, 0, 0, 1, 1, 1, 0, 0, 0]
D42p1[0, 0, 1, 0, 1, 1, 0, 0, 0]
D42p2[0, 0, 1, 0, 1, 1, 0, 0, 0]
D42p1[0, 0, 1, 0, 1, 2, 0, 0, 0]
D42p2[0, 0, 1, 0, 1, 2, 0, 0, 0]
D42p1[0, 0, 1, 1, 0, 0, 0, 0, 0]
D42p2[0, 0, 1, 1, 0, 0, 0, 0, 0]
D42p1[0, 0, 1, 1, 0, 1, 0, 0, 0]
D42p2[0, 0, 1, 1, 0, 1, 0, 0, 0]
D42p1[0, 0, 1, 1, 1, 0, 0, 0, 0]
D42p2[0, 0, 1, 1, 1, 0, 0, 0, 0]
D42p1[0, 0, 1, 1, 1, 1, 0, 0, 0]
D42p2[0, 0, 1, 1, 1, 1, 0, 0, 0]
D42p1[0, 0, 2, 0, 1, 1, 0, 0, 0]
D42p2[0, 0, 2, 0, 1, 1, 0, 0, 0]
D42p1[0, 1, 1, 0, 1, 0, 0, 0, 0]
D42p2[0, 1, 1, 0, 1, 0, 0, 0, 0]
D42p1[0, 1, 1, 0, 1, 1, 0, 0, 0]
D42p2[0, 1, 1, 0, 1, 1, 0, 0, 0]
D42p1[1, 0, 1, 0, 1, 1, 0, 0, 0]
D42p2[1, 0, 1, 0, 1, 1, 0, 0, 0]
D42p1[0, 1, 0, 1, 1, 1, 0, 0, 0]
D42p2[0, 1, 0, 1, 1, 1, 0, 0, 0]
D42p1[0, 1, 1, 1, 0, 1, 0, 0, 0]
D42p2[0, 1, 1, 1, 0, 1, 0, 0, 0]
D42p1[0, 1, 1, 1, 1, 1, 0, 0, 0]
D42p2[0, 1, 1, 1, 1, 1, 0, 0, 0]
D42p1[1, 0, 0, 1, 1, 1, 0, 0, 0]
D42p2[1, 0, 0, 1, 1, 1, 0, 0, 0]
D42p1[1, 0, 0, 1, 1, 2, 0, 0, 0]
D42p2[1, 0, 0, 1, 1, 2, 0, 0, 0]
D42p1[1, 0, 0, 1, 2, 1, 0, 0, 0]
D42p2[1, 0, 0, 1, 2, 1, 0, 0, 0]
D42p1[1, 0, 1, 1, 1, 1, 0, 0, 0]
D42p2[1, 0, 1, 1, 1, 1, 0, 0, 0]
D42p1[1, 0, 1, 1, 1, 2, 0, 0, 0]
D42p2[1, 0, 1, 1, 1, 2, 0, 0, 0]
D42p1[1, 0, 1, 1, 2, 1, 0, 0, 0]
D42p2[1, 0, 1, 1, 2, 1, 0, 0, 0]
D42p1[1, 0, 2, 1, 1, 1, 0, 0, 0]
D42p2[1, 0, 2, 1, 1, 1, 0, 0, 0]
D42p1[1, 1, 0, 0, 1, 0, 0, 0, 0]
D42p2[1, 1, 0, 0, 1, 0, 0, 0, 0]
D42p1[1, 1, 1, 0, 1, 1, 0, 0, 0]
D42p2[1, 1, 1, 0, 1, 1, 0, 0, 0]
D42p1[1, 1, 1, 0, 1, 2, 0, 0, 0]
D42p2[1, 1, 1, 0, 1, 2, 0, 0, 0]
D42p1[1, 1, 1, 1, 1, 1, 0, 0, 0]
D42p2[1, 1, 1, 1, 1, 1, 0, 0, 0]
B01p1[0, 0, 1, 1, 1, 0, 0, 0, 0]
B01p1[0, 1, 1, 1, 0, 1, 0, 0, 0]
B01p1[1, 1, 0, 1, 1, 0, 0, 0, 0]
B11p1[0, 0, 1, 1, 1, 0, 0, 0, 0]
B11p1[0, 1, 1, 1, 0, 1, 0, 0, 0]
B11p1[1, 1, 0, 0, 1, 0, 0, 0, 0]
B11p1[1, 0, 1, 1, 1, 0, 0, 0, 0]
B11p1[1, 1, 0, 1, 0, 0, 0, 0, 0]
B11p1[1, 1, 0, 1, 1, 0, 0, 0, 0]
B11p1[1, 1, 0, 1, 2, 0, 0, 0, 0]
B11p1[1, 1, 1, 1, 1, 0, 0, 0, 0]
B11p1[1, 1, 1, 1, 0, 1, 0, 0, 0]
B12p1[0, 0, 1, 1, 1, 0, 0, 0, 0]
B12p1[0, 0, 1, 1, 2, 0, 0, 0, 0]
B12p1[0, 1, 0, 1, 1, 0, 0, 0, 0]
B12p1[0, 1, 1, 1, 0, 1, 0, 0, 0]
B12p1[0, 1, 1, 1, 1, 1, 0, 0, 0]
B12p1[1, 1, 0, 0, 1, 0, 0, 0, 0]
B12p1[1, 1, 0, 1, 1, 0, 0, 0, 0]
B12p1[1, 1, 0, 1, 2, 0, 0, 0, 0]
B12p1[1, 1, 1, 1, 1, 0, 0, 0, 0]
B21p1[0, 0, 1, 1, 1, 0, 0, 0, 0]
B21p1[0, 0, 1, 1, 2, 0, 0, 0, 0]
B21p1[0, 1, 1, 0, 1, 0, 0, 0, 0]
B21p1[1, 1, 0, 1, 0, 0, 0, 0, 0]
B21p1[0, 1, 1, 1, 0, 1, 0, 0, 0]
B21p1[0, 1, 1, 1, 1, 1, 0, 0, 0]
B21p1[1, 0, 0, 0, 1, 0, 0, 0, 0]
B21p1[1, 0, 1, 1, 1, 0, 0, 0, 0]
B21p1[1, 0, 1, 1, 2, 0, 0, 0, 0]
B21p1[1, 0, 1, 0, 1, 1, 0, 0, 0]
B21p1[1, 1, 0, 1, 1, 0, 0, 0, 0]
B21p1[1, 1, 0, 1, 2, 0, 0, 0, 0]
B21p1[1, 1, 1, 1, 1, 0, 0, 0, 0]
B21p1[1, 1, 1, 1, 0, 1, 0, 0, 0]
B21p1[1, 1, 1, 1, 1, 1, 0, 0, 0]
B21p1[0, 0, 1, 1, 1, 0, 0, 0, 0]
B21p1[0, 0, 1, 1, 2, 0, 0, 0, 0]
B21p1[0, 1, 1, 0, 1, 0, 0, 0, 0]
B21p1[1, 1, 0, 1, 0, 0, 0, 0, 0]
B21p1[0, 1, 1, 1, 0, 1, 0, 0, 0]
B21p1[0, 1, 1, 1, 1, 1, 0, 0, 0]
B21p1[1, 0, 0, 0, 1, 0, 0, 0, 0]
B21p1[1, 0, 1, 1, 1, 0, 0, 0, 0]
B21p1[1, 0, 1, 1, 2, 0, 0, 0, 0]
B21p1[1, 0, 1, 0, 1, 1, 0, 0, 0]
B21p1[1, 1, 0, 1, 1, 0, 0, 0, 0]
B21p1[1, 1, 0, 1, 2, 0, 0, 0, 0]
B21p1[1, 1, 1, 1, 1, 0, 0, 0, 0]
B21p1[1, 1, 1, 1, 0, 1, 0, 0, 0]
B21p1[1, 1, 1, 1, 1, 1, 0, 0, 0]
B31p1[0, 0, 1, 1, 1, 0, 0, 0, 0]
B31p1[0, 0, 1, 1, 2, 0, 0, 0, 0]
B31p1[0, 1, 0, 0, 1, 0, 0, 0, 0]
B31p1[0, 1, 1, 0, 0, 1, 0, 0, 0]
B31p1[0, 1, 0, 1, 1, 0, 0, 0, 0]
B31p1[0, 1, 1, 1, 0, 1, 0, 0, 0]
B31p1[0, 1, 1, 1, 1, 1, 0, 0, 0]
B31p1[1, 1, 0, 1, 1, 0, 0, 0, 0]
B31p1[1, 1, 0, 1, 2, 0, 0, 0, 0]
B31p1[1, 1, 0, 2, 1, 0, 0, 0, 0]
B42p1[0, 0, 0, 1, 1, 1, 0, 0, 0]
B42p2[0, 0, 0, 1, 1, 1, 0, 0, 0]
B42p1[0, 0, 1, 1, 1, 0, 0, 0, 0]
B42p2[0, 0, 1, 1, 1, 0, 0, 0, 0]
B42p1[0, 0, 1, 1, 1, 1, 0, 0, 0]
B42p2[0, 0, 1, 1, 1, 1, 0, 0, 0]
B42p1[0, 1, 0, 0, 1, 0, 0, 0, 0]
B42p2[0, 1, 0, 0, 1, 0, 0, 0, 0]
B42p1[0, 1, 0, 0, 1, 1, 0, 0, 0]
B42p2[0, 1, 0, 0, 1, 1, 0, 0, 0]
B42p1[0, 1, 0, 0, 1, 2, 0, 0, 0]
B42p2[0, 1, 0, 0, 1, 2, 0, 0, 0]
B42p1[0, 1, 0, 0, 2, 1, 0, 0, 0]
B42p2[0, 1, 0, 0, 2, 1, 0, 0, 0]
B42p1[0, 1, 1, 0, 0, 1, 0, 0, 0]
B42p2[0, 1, 1, 0, 0, 1, 0, 0, 0]
B42p1[0, 0, 1, 1, 2, 0, 0, 0, 0]
B42p2[0, 0, 1, 1, 2, 0, 0, 0, 0]
B42p1[0, 1, 0, 1, 1, 0, 0, 0, 0]
B42p2[0, 1, 0, 1, 1, 0, 0, 0, 0]
B42p1[0, 1, 0, 1, 1, 1, 0, 0, 0]
B42p2[0, 1, 0, 1, 1, 1, 0, 0, 0]
B42p1[0, 1, 1, 1, 0, 1, 0, 0, 0]
B42p2[0, 1, 1, 1, 0, 1, 0, 0, 0]
B42p1[0, 1, 1, 1, 1, 1, 0, 0, 0]
B42p2[0, 1, 1, 1, 1, 1, 0, 0, 0]
B42p1[0, 1, 0, 0, 0, 1, 0, 0, 0]
B42p2[0, 1, 0, 0, 0, 1, 0, 0, 0]
B42p1[1, 1, 0, 0, 1, 1, 0, 0, 0]
B42p2[1, 1, 0, 0, 1, 1, 0, 0, 0]
B42p1[0, 1, 0, 1, 0, 1, 0, 0, 0]
B42p2[0, 1, 0, 1, 0, 1, 0, 0, 0]
B42p1[1, 1, 0, 1, 1, 0, 0, 0, 0]
B42p2[1, 1, 0, 1, 1, 0, 0, 0, 0]
B42p1[1, 1, 0, 1, 1, 1, 0, 0, 0]
B42p2[1, 1, 0, 1, 1, 1, 0, 0, 0]
B42p1[1, 1, 0, 1, 1, 2, 0, 0, 0]
B42p2[1, 1, 0, 1, 1, 2, 0, 0, 0]
B42p1[1, 1, 0, 1, 2, 0, 0, 0, 0]
B42p2[1, 1, 0, 1, 2, 0, 0, 0, 0]
B42p1[1, 1, 0, 1, 2, 1, 0, 0, 0]
B42p2[1, 1, 0, 1, 2, 1, 0, 0, 0]
B42p1[1, 1, 0, 2, 1, 0, 0, 0, 0]
B42p2[1, 1, 0, 2, 1, 0, 0, 0, 0]
B42p1[1, 1, 0, 2, 1, 1, 0, 0, 0]
B42p2[1, 1, 0, 2, 1, 1, 0, 0, 0]
B52p1[0, 0, 1, 1, 1, 0, 0, 0, 0]
B52p2[0, 0, 1, 1, 1, 0, 0, 0, 0]
B52p1[0, 1, 1, 0, 1, 0, 0, 0, 0]
B52p2[0, 1, 1, 0, 1, 0, 0, 0, 0]
B52p1[0, 1, 1, 0, 1, 1, 0, 0, 0]
B52p2[0, 1, 1, 0, 1, 1, 0, 0, 0]
B52p1[0, 1, 1, 1, 0, 1, 0, 0, 0]
B52p2[0, 1, 1, 1, 0, 1, 0, 0, 0]
B52p1[0, 1, 1, 1, 1, 0, 0, 0, 0]
B52p2[0, 1, 1, 1, 1, 0, 0, 0, 0]
B52p1[0, 1, 1, 1, 1, 1, 0, 0, 0]
B52p2[0, 1, 1, 1, 1, 1, 0, 0, 0]
B52p1[0, 1, 1, 0, 0, 1, 0, 0, 0]
B52p2[0, 1, 1, 0, 0, 1, 0, 0, 0]
B52p1[0, 0, 1, 1, 2, 0, 0, 0, 0]
B52p2[0, 0, 1, 1, 2, 0, 0, 0, 0]
B52p1[0, 0, 2, 1, 1, 0, 0, 0, 0]
B52p2[0, 0, 2, 1, 1, 0, 0, 0, 0]
B52p1[0, 1, 0, 0, 1, 0, 0, 0, 0]
B52p2[0, 1, 0, 0, 1, 0, 0, 0, 0]
B52p1[0, 1, 1, 0, 0, 0, 0, 0, 0]
B52p2[0, 1, 1, 0, 0, 0, 0, 0, 0]
B52p1[1, 0, 1, 1, 1, 0, 0, 0, 0]
B52p2[1, 0, 1, 1, 1, 0, 0, 0, 0]
B52p1[1, 1, 1, 0, 0, 1, 0, 0, 0]
B52p2[1, 1, 1, 0, 0, 1, 0, 0, 0]
B52p1[1, 1, 1, 0, 1, 1, 0, 0, 0]
B52p2[1, 1, 1, 0, 1, 1, 0, 0, 0]
B52p1[0, 1, 0, 1, 1, 0, 0, 0, 0]
B52p2[0, 1, 0, 1, 1, 0, 0, 0, 0]
B52p1[0, 1, 1, 1, 0, 0, 0, 0, 0]
B52p2[0, 1, 1, 1, 0, 0, 0, 0, 0]
B52p1[1, 1, 0, 1, 1, 0, 0, 0, 0]
B52p2[1, 1, 0, 1, 1, 0, 0, 0, 0]
B52p1[1, 1, 0, 1, 2, 0, 0, 0, 0]
B52p2[1, 1, 0, 1, 2, 0, 0, 0, 0]
B52p1[1, 1, 0, 2, 1, 0, 0, 0, 0]
B52p2[1, 1, 0, 2, 1, 0, 0, 0, 0]
B52p1[1, 1, 1, 1, 1, 0, 0, 0, 0]
B52p2[1, 1, 1, 1, 1, 0, 0, 0, 0]
B52p1[1, 1, 1, 1, 2, 0, 0, 0, 0]
B52p2[1, 1, 1, 1, 2, 0, 0, 0, 0]
B52p1[1, 1, 1, 2, 1, 0, 0, 0, 0]
B52p2[1, 1, 1, 2, 1, 0, 0, 0, 0]
B52p1[1, 1, 2, 1, 1, 0, 0, 0, 0]
B52p2[1, 1, 2, 1, 1, 0, 0, 0, 0]
B52p1[1, 1, 1, 1, 0, 1, 0, 0, 0]
B52p2[1, 1, 1, 1, 0, 1, 0, 0, 0]
B52p1[1, 1, 1, 1, 1, 1, 0, 0, 0]
B52p2[1, 1, 1, 1, 1, 1, 0, 0, 0]
B51p1[0, 0, 1, 1, 1, 0, 0, 0, 0]
B51p2[0, 0, 1, 1, 1, 0, 0, 0, 0]
B51p1[0, 1, 1, 0, 1, 0, 0, 0, 0]
B51p2[0, 1, 1, 0, 1, 0, 0, 0, 0]
B51p1[0, 1, 1, 1, 1, 0, 0, 0, 0]
B51p2[0, 1, 1, 1, 1, 0, 0, 0, 0]
B51p1[0, 1, 1, 1, 0, 1, 0, 0, 0]
B51p2[0, 1, 1, 1, 0, 1, 0, 0, 0]
B51p1[0, 1, 1, 1, 1, 1, 0, 0, 0]
B51p2[0, 1, 1, 1, 1, 1, 0, 0, 0]
B51p1[0, 0, 1, 1, 2, 0, 0, 0, 0]
B51p2[0, 0, 1, 1, 2, 0, 0, 0, 0]
B51p1[0, 0, 1, 2, 1, 0, 0, 0, 0]
B51p2[0, 0, 1, 2, 1, 0, 0, 0, 0]
B51p1[0, 1, 0, 0, 1, 0, 0, 0, 0]
B51p2[0, 1, 0, 0, 1, 0, 0, 0, 0]
B51p1[0, 1, 0, 1, 1, 0, 0, 0, 0]
B51p2[0, 1, 0, 1, 1, 0, 0, 0, 0]
B51p1[0, 1, 1, 0, 0, 0, 0, 0, 0]
B51p2[0, 1, 1, 0, 0, 0, 0, 0, 0]
B51p1[0, 1, 1, 1, 0, 0, 0, 0, 0]
B51p2[0, 1, 1, 1, 0, 0, 0, 0, 0]
B51p1[1, 0, 1, 0, 1, 1, 0, 0, 0]
B51p2[1, 0, 1, 0, 1, 1, 0, 0, 0]
B51p1[1, 0, 1, 1, 1, 0, 0, 0, 0]
B51p2[1, 0, 1, 1, 1, 0, 0, 0, 0]
B51p1[1, 0, 1, 1, 2, 0, 0, 0, 0]
B51p2[1, 0, 1, 1, 2, 0, 0, 0, 0]
B51p1[1, 1, 0, 0, 1, 0, 0, 0, 0]
B51p2[1, 1, 0, 0, 1, 0, 0, 0, 0]
B51p1[1, 1, 1, 0, 0, 1, 0, 0, 0]
B51p2[1, 1, 1, 0, 0, 1, 0, 0, 0]
B51p1[1, 1, 1, 0, 1, 1, 0, 0, 0]
B51p2[1, 1, 1, 0, 1, 1, 0, 0, 0]
B51p1[1, 1, 0, 1, 1, 0, 0, 0, 0]
B51p2[1, 1, 0, 1, 1, 0, 0, 0, 0]
B51p1[1, 1, 0, 1, 2, 0, 0, 0, 0]
B51p2[1, 1, 0, 1, 2, 0, 0, 0, 0]
B51p1[1, 1, 0, 2, 1, 0, 0, 0, 0]
B51p2[1, 1, 0, 2, 1, 0, 0, 0, 0]
B51p1[1, 1, 1, 1, 1, 0, 0, 0, 0]
B51p2[1, 1, 1, 1, 1, 0, 0, 0, 0]
B51p1[1, 1, 1, 1, 2, 0, 0, 0, 0]
B51p2[1, 1, 1, 1, 2, 0, 0, 0, 0]
B51p1[1, 1, 1, 2, 1, 0, 0, 0, 0]
B51p2[1, 1, 1, 2, 1, 0, 0, 0, 0]
B51p1[1, 1, 2, 1, 1, 0, 0, 0, 0]
B51p2[1, 1, 2, 1, 1, 0, 0, 0, 0]
B51p1[1, 1, 1, 1, 0, 1, 0, 0, 0]
B51p2[1, 1, 1, 1, 0, 1, 0, 0, 0]
B51p1[1, 1, 1, 1, 1, 1, 0, 0, 0]
B51p2[1, 1, 1, 1, 1, 1, 0, 0, 0]
B51p1[0, 0, 1, 1, 1, 0, 0, 0, 0]
B51p2[0, 0, 1, 1, 1, 0, 0, 0, 0]
B51p1[0, 1, 1, 0, 1, 0, 0, 0, 0]
B51p2[0, 1, 1, 0, 1, 0, 0, 0, 0]
B51p1[0, 1, 1, 1, 1, 0, 0, 0, 0]
B51p2[0, 1, 1, 1, 1, 0, 0, 0, 0]
B51p1[0, 1, 1, 1, 0, 1, 0, 0, 0]
B51p2[0, 1, 1, 1, 0, 1, 0, 0, 0]
B51p1[0, 1, 1, 1, 1, 1, 0, 0, 0]
B51p2[0, 1, 1, 1, 1, 1, 0, 0, 0]
B51p1[0, 0, 1, 1, 2, 0, 0, 0, 0]
B51p2[0, 0, 1, 1, 2, 0, 0, 0, 0]
B51p1[0, 0, 1, 2, 1, 0, 0, 0, 0]
B51p2[0, 0, 1, 2, 1, 0, 0, 0, 0]
B51p1[0, 1, 0, 0, 1, 0, 0, 0, 0]
B51p2[0, 1, 0, 0, 1, 0, 0, 0, 0]
B51p1[0, 1, 0, 1, 1, 0, 0, 0, 0]
B51p2[0, 1, 0, 1, 1, 0, 0, 0, 0]
B51p1[0, 1, 1, 0, 0, 0, 0, 0, 0]
B51p2[0, 1, 1, 0, 0, 0, 0, 0, 0]
B51p1[0, 1, 1, 1, 0, 0, 0, 0, 0]
B51p2[0, 1, 1, 1, 0, 0, 0, 0, 0]
B51p1[1, 0, 1, 0, 1, 1, 0, 0, 0]
B51p2[1, 0, 1, 0, 1, 1, 0, 0, 0]
B51p1[1, 0, 1, 1, 1, 0, 0, 0, 0]
B51p2[1, 0, 1, 1, 1, 0, 0, 0, 0]
B51p1[1, 0, 1, 1, 2, 0, 0, 0, 0]
B51p2[1, 0, 1, 1, 2, 0, 0, 0, 0]
B51p1[1, 1, 0, 0, 1, 0, 0, 0, 0]
B51p2[1, 1, 0, 0, 1, 0, 0, 0, 0]
B51p1[1, 1, 1, 0, 0, 1, 0, 0, 0]
B51p2[1, 1, 1, 0, 0, 1, 0, 0, 0]
B51p1[1, 1, 1, 0, 1, 1, 0, 0, 0]
B51p2[1, 1, 1, 0, 1, 1, 0, 0, 0]
B51p1[1, 1, 0, 1, 1, 0, 0, 0, 0]
B51p2[1, 1, 0, 1, 1, 0, 0, 0, 0]
B51p1[1, 1, 0, 1, 2, 0, 0, 0, 0]
B51p2[1, 1, 0, 1, 2, 0, 0, 0, 0]
B51p1[1, 1, 0, 2, 1, 0, 0, 0, 0]
B51p2[1, 1, 0, 2, 1, 0, 0, 0, 0]
B51p1[1, 1, 1, 1, 1, 0, 0, 0, 0]
B51p2[1, 1, 1, 1, 1, 0, 0, 0, 0]
B51p1[1, 1, 1, 1, 2, 0, 0, 0, 0]
B51p2[1, 1, 1, 1, 2, 0, 0, 0, 0]
B51p1[1, 1, 1, 2, 1, 0, 0, 0, 0]
B51p2[1, 1, 1, 2, 1, 0, 0, 0, 0]
B51p1[1, 1, 2, 1, 1, 0, 0, 0, 0]
B51p2[1, 1, 2, 1, 1, 0, 0, 0, 0]
B51p1[1, 1, 1, 1, 0, 1, 0, 0, 0]
B51p2[1, 1, 1, 1, 0, 1, 0, 0, 0]
B51p1[1, 1, 1, 1, 1, 1, 0, 0, 0]
B51p2[1, 1, 1, 1, 1, 1, 0, 0, 0]
B41p1[0, 0, 1, 1, 1, 0, 0, 0, 0]
B41p1[0, 0, 1, 1, 2, 0, 0, 0, 0]
B41p1[0, 1, 1, 0, 0, 0, 0, 0, 0]
B41p1[0, 1, 1, 1, 0, 0, 0, 0, 0]
B41p1[0, 1, 1, 1, 0, 1, 0, 0, 0]
B41p1[1, 0, 1, 1, 1, 0, 0, 0, 0]
B41p1[1, 1, 0, 0, 1, 0, 0, 0, 0]
B41p1[1, 1, 1, 0, 0, 1, 0, 0, 0]
B41p1[1, 1, 0, 1, 1, 0, 0, 0, 0]
B41p1[1, 1, 0, 1, 2, 0, 0, 0, 0]
B41p1[1, 1, 1, 1, 1, 0, 0, 0, 0]
B41p1[1, 1, 1, 1, 2, 0, 0, 0, 0]
B41p1[1, 1, 1, 2, 1, 0, 0, 0, 0]
B41p1[1, 1, 1, 1, 0, 1, 0, 0, 0]
B22p1[0, 0, 1, 1, 1, 0, 0, 0, 0]
B22p1[0, 0, 1, 1, 2, 0, 0, 0, 0]
B22p1[0, 1, 1, 0, 0, 1, 0, 0, 0]
B22p1[0, 1, 1, 1, 0, 1, 0, 0, 0]
B22p1[0, 1, 1, 1, 1, 0, 0, 0, 0]
B22p1[0, 1, 1, 1, 1, 1, 0, 0, 0]
B22p1[1, 1, 0, 0, 1, 0, 0, 0, 0]
B22p1[1, 1, 0, 1, 1, 0, 0, 0, 0]
B22p1[1, 1, 0, 1, 2, 0, 0, 0, 0]
B22p1[1, 1, 1, 1, 1, 0, 0, 0, 0]
B33p1[0, 0, 1, 1, 1, 0, 0, 0, 0]
B33p2[0, 0, 1, 1, 1, 0, 0, 0, 0]
B33p1[0, 0, 1, 1, 2, 0, 0, 0, 0]
B33p2[0, 0, 1, 1, 2, 0, 0, 0, 0]
B33p1[0, 1, 1, 0, 0, 1, 0, 0, 0]
B33p2[0, 1, 1, 0, 0, 1, 0, 0, 0]
B33p1[0, 1, 1, 0, 1, 0, 0, 0, 0]
B33p2[0, 1, 1, 0, 1, 0, 0, 0, 0]
B33p1[0, 1, 1, 1, 0, 1, 0, 0, 0]
B33p2[0, 1, 1, 1, 0, 1, 0, 0, 0]
B33p1[0, 1, 1, 1, 1, 0, 0, 0, 0]
B33p2[0, 1, 1, 1, 1, 0, 0, 0, 0]
B33p1[0, 1, 1, 1, 1, 1, 0, 0, 0]
B33p2[0, 1, 1, 1, 1, 1, 0, 0, 0]
B33p1[1, 1, 0, 0, 0, 0, 0, 0, 0]
B33p2[1, 1, 0, 0, 0, 0, 0, 0, 0]
B33p1[1, 1, 0, 0, 1, 0, 0, 0, 0]
B33p2[1, 1, 0, 0, 1, 0, 0, 0, 0]
B33p1[1, 0, 1, 1, 1, 0, 0, 0, 0]
B33p2[1, 0, 1, 1, 1, 0, 0, 0, 0]
B33p1[1, 0, 1, 1, 2, 0, 0, 0, 0]
B33p2[1, 0, 1, 1, 2, 0, 0, 0, 0]
B33p1[1, 1, 1, 0, 0, 1, 0, 0, 0]
B33p2[1, 1, 1, 0, 0, 1, 0, 0, 0]
B33p1[1, 1, 0, 1, 0, 0, 0, 0, 0]
B33p2[1, 1, 0, 1, 0, 0, 0, 0, 0]
B33p1[1, 1, 0, 1, 1, 0, 0, 0, 0]
B33p2[1, 1, 0, 1, 1, 0, 0, 0, 0]
B33p1[1, 1, 0, 1, 2, 0, 0, 0, 0]
B33p2[1, 1, 0, 1, 2, 0, 0, 0, 0]
B33p1[1, 1, 0, 2, 1, 0, 0, 0, 0]
B33p2[1, 1, 0, 2, 1, 0, 0, 0, 0]
B33p1[1, 1, 1, 1, 1, 0, 0, 0, 0]
B33p2[1, 1, 1, 1, 1, 0, 0, 0, 0]
B33p1[1, 1, 1, 1, 2, 0, 0, 0, 0]
B33p2[1, 1, 1, 1, 2, 0, 0, 0, 0]
B33p1[1, 1, 1, 2, 1, 0, 0, 0, 0]
B33p2[1, 1, 1, 2, 1, 0, 0, 0, 0]
B33p1[1, 1, 1, 1, 0, 1, 0, 0, 0]
B33p2[1, 1, 1, 1, 0, 1, 0, 0, 0]
B33p1[1, 1, 1, 1, 1, 1, 0, 0, 0]
B33p2[1, 1, 1, 1, 1, 1, 0, 0, 0]
B32p1[0, 0, 1, 1, 1, 0, 0, 0, 0]
B32p1[0, 0, 1, 1, 2, 0, 0, 0, 0]
B32p1[0, 1, 1, 0, 0, 1, 0, 0, 0]
B32p1[0, 1, 1, 0, 1, 0, 0, 0, 0]
B32p1[0, 1, 1, 1, 0, 1, 0, 0, 0]
B32p1[0, 1, 1, 1, 1, 0, 0, 0, 0]
B32p1[0, 1, 1, 1, 1, 1, 0, 0, 0]
B32p1[1, 1, 0, 0, 0, 0, 0, 0, 0]
B32p1[1, 0, 1, 1, 1, 0, 0, 0, 0]
B32p1[1, 0, 1, 1, 2, 0, 0, 0, 0]
B32p1[1, 1, 1, 0, 0, 1, 0, 0, 0]
B32p1[1, 1, 0, 1, 0, 0, 0, 0, 0]
B32p1[1, 1, 0, 1, 1, 0, 0, 0, 0]
B32p1[1, 1, 0, 1, 2, 0, 0, 0, 0]
B32p1[1, 1, 0, 2, 1, 0, 0, 0, 0]
B32p1[1, 1, 1, 1, 1, 0, 0, 0, 0]
B32p1[1, 1, 1, 1, 2, 0, 0, 0, 0]
B32p1[1, 1, 1, 2, 1, 0, 0, 0, 0]
B32p1[1, 1, 1, 1, 0, 1, 0, 0, 0]
B32p1[1, 1, 1, 1, 1, 1, 0, 0, 0]
B52p1[0, 1, 1, 0, 0, 0, 0, 0, 0]
B52p2[0, 1, 1, 0, 0, 0, 0, 0, 0]
B52p1[0, 1, 1, 0, 0, 1, 0, 0, 0]
B52p2[0, 1, 1, 0, 0, 1, 0, 0, 0]
B52p1[1, 1, 1, 0, 0, 1, 0, 0, 0]
B52p2[1, 1, 1, 0, 0, 1, 0, 0, 0]
H31p1[0, 1, 1, 0, 0, 0, 0, 0, 0]
H31p2[0, 1, 1, 0, 0, 0, 0, 0, 0]
H31p1[1, 1, 0, 1, 0, 0, 0, 0, 0]
H31p2[1, 1, 0, 1, 0, 0, 0, 0, 0]
H31p1[1, 1, 1, 1, 0, 0, 0, 0, 0]
H31p2[1, 1, 1, 1, 0, 0, 0, 0, 0]
H31p1[0, 1, 1, 0, 0, 0, 0, 0, 0]
H31p2[0, 1, 1, 0, 0, 0, 0, 0, 0]
H31p1[1, 1, 0, 1, 0, 0, 0, 0, 0]
H31p2[1, 1, 0, 1, 0, 0, 0, 0, 0]
H31p1[1, 1, 1, 1, 0, 0, 0, 0, 0]
H31p2[1, 1, 1, 1, 0, 0, 0, 0, 0]
B32p1[0, 1, 1, 0, 0, 1, 0, 0, 0]
B32p1[1, 1, 0, 0, 0, 0, 0, 0, 0]
B32p1[1, 1, 1, 0, 0, 1, 0, 0, 0]
D42p1[0, 0, 0, 1, 1, 0, 0, 0, 0]
D42p2[0, 0, 0, 1, 1, 0, 0, 0, 0]
D42p1[0, 0, 0, 1, 1, 1, 0, 0, 0]
D42p2[0, 0, 0, 1, 1, 1, 0, 0, 0]
D42p1[0, 0, 1, 0, 1, 1, 0, 0, 0]
D42p2[0, 0, 1, 0, 1, 1, 0, 0, 0]
D42p1[0, 0, 1, 0, 1, 2, 0, 0, 0]
D42p2[0, 0, 1, 0, 1, 2, 0, 0, 0]
D42p1[0, 0, 1, 1, 0, 0, 0, 0, 0]
D42p2[0, 0, 1, 1, 0, 0, 0, 0, 0]
D42p1[0, 0, 1, 1, 0, 1, 0, 0, 0]
D42p2[0, 0, 1, 1, 0, 1, 0, 0, 0]
D42p1[0, 0, 1, 1, 1, 0, 0, 0, 0]
D42p2[0, 0, 1, 1, 1, 0, 0, 0, 0]
D42p1[0, 0, 1, 1, 1, 1, 0, 0, 0]
D42p2[0, 0, 1, 1, 1, 1, 0, 0, 0]
D42p1[0, 0, 2, 0, 1, 1, 0, 0, 0]
D42p2[0, 0, 2, 0, 1, 1, 0, 0, 0]
D42p1[0, 1, 1, 0, 1, 0, 0, 0, 0]
D42p2[0, 1, 1, 0, 1, 0, 0, 0, 0]
D42p1[0, 1, 1, 0, 1, 1, 0, 0, 0]
D42p2[0, 1, 1, 0, 1, 1, 0, 0, 0]
D42p1[1, 0, 1, 0, 1, 1, 0, 0, 0]
D42p2[1, 0, 1, 0, 1, 1, 0, 0, 0]
D42p1[0, 1, 0, 1, 1, 1, 0, 0, 0]
D42p2[0, 1, 0, 1, 1, 1, 0, 0, 0]
D42p1[0, 1, 1, 1, 0, 1, 0, 0, 0]
D42p2[0, 1, 1, 1, 0, 1, 0, 0, 0]
D42p1[0, 1, 1, 1, 1, 1, 0, 0, 0]
D42p2[0, 1, 1, 1, 1, 1, 0, 0, 0]
C01p1[0, 0, 1, 1, 1, 0, 0, 0, 0]
C01p1[0, 1, 1, 1, 0, 1, 0, 0, 0]
C01p1[1, 1, 1, 1, 1, 1, 0, 0, 0]
C11p1[0, 0, 1, 1, 0, 1, 0, 0, 0]
C11p1[0, 0, 1, 1, 1, 0, 0, 0, 0]
C11p1[0, 0, 1, 1, 2, 0, 0, 0, 0]
C11p1[0, 1, 1, 1, 0, 0, 0, 0, 0]
C11p1[0, 1, 1, 1, 0, 1, 0, 0, 0]
C11p1[0, 1, 1, 1, 0, 2, 0, 0, 0]
C11p1[0, 1, 1, 1, 1, 1, 0, 0, 0]
C11p1[1, 0, 0, 1, 1, 1, 0, 0, 0]
C11p1[1, 0, 1, 1, 1, 1, 0, 0, 0]
C11p1[1, 0, 1, 1, 1, 2, 0, 0, 0]
C11p1[1, 1, 0, 0, 0, 1, 0, 0, 0]
C11p1[1, 1, 1, 0, 0, 1, 0, 0, 0]
C11p1[1, 1, 1, 0, 1, 1, 0, 0, 0]
C11p1[1, 1, 1, 1, 0, 1, 0, 0, 0]
C11p1[1, 1, 1, 1, 1, 1, 0, 0, 0]
C21p1[0, 0, 1, 1, 1, 0, 0, 0, 0]
C21p1[0, 0, 1, 1, 2, 0, 0, 0, 0]
C21p1[0, 1, 0, 1, 0, 1, 0, 0, 0]
C21p1[1, 1, 0, 1, 0, 0, 0, 0, 0]
C21p1[0, 1, 1, 0, 0, 0, 0, 0, 0]
C21p1[0, 1, 1, 1, 0, 1, 0, 0, 0]
C21p1[0, 1, 1, 1, 0, 2, 0, 0, 0]
C21p1[0, 1, 1, 1, 1, 0, 0, 0, 0]
C21p1[0, 1, 1, 1, 2, 0, 0, 0, 0]
C21p1[1, 1, 1, 1, 0, 1, 0, 0, 0]
C21p1[1, 0, 0, 1, 1, 1, 0, 0, 0]
C21p1[1, 1, 0, 1, 1, 1, 0, 0, 0]
C21p1[1, 1, 0, 1, 1, 2, 0, 0, 0]
C21p1[1, 1, 1, 1, 1, 0, 0, 0, 0]
C21p1[1, 1, 1, 1, 2, 0, 0, 0, 0]
C21p1[1, 1, 1, 1, 1, 1, 0, 0, 0]
C21p1[1, 1, 1, 1, 1, 2, 0, 0, 0]
C21p1[1, 1, 1, 1, 2, 1, 0, 0, 0]
C31p1[0, 0, 1, 1, 0, 1, 0, 0, 0]
C31p1[0, 1, 1, 1, 0, 1, 0, 0, 0]
C31p1[0, 1, 1, 1, 0, 2, 0, 0, 0]
C31p1[0, 1, 2, 1, 0, 1, 0, 0, 0]
C31p1[1, 0, 0, 1, 1, 1, 0, 0, 0]
C31p1[1, 0, 0, 1, 1, 2, 0, 0, 0]
C31p1[1, 0, 1, 1, 1, 1, 0, 0, 0]
C31p1[1, 0, 1, 1, 1, 2, 0, 0, 0]
C31p1[1, 0, 1, 1, 2, 1, 0, 0, 0]
C31p1[1, 1, 0, 0, 0, 1, 0, 0, 0]
C31p1[1, 1, 0, 0, 0, 2, 0, 0, 0]
C31p1[1, 1, 0, 1, 0, 1, 0, 0, 0]
C31p1[1, 1, 0, 1, 1, 1, 0, 0, 0]
C31p1[1, 1, 1, 0, 0, 1, 0, 0, 0]
C31p1[1, 1, 1, 0, 0, 2, 0, 0, 0]
C31p1[1, 1, 1, 1, 0, 1, 0, 0, 0]
C31p1[1, 1, 1, 1, 0, 2, 0, 0, 0]
C31p1[1, 1, 1, 2, 0, 1, 0, 0, 0]
C31p1[1, 1, 1, 1, 1, 1, 0, 0, 0]
C41p1[0, 0, 0, 1, 1, 1, 0, 0, 0]
C41p2[0, 0, 0, 1, 1, 1, 0, 0, 0]
C41p1[0, 0, 1, 0, 1, 1, 0, 0, 0]
C41p2[0, 0, 1, 0, 1, 1, 0, 0, 0]
C41p1[0, 0, 1, 1, 0, 1, 0, 0, 0]
C41p2[0, 0, 1, 1, 0, 1, 0, 0, 0]
C41p1[0, 0, 1, 1, 1, 1, 0, 0, 0]
C41p2[0, 0, 1, 1, 1, 1, 0, 0, 0]
C41p1[0, 1, 1, 1, 0, 1, 0, 0, 0]
C41p2[0, 1, 1, 1, 0, 1, 0, 0, 0]
C41p1[0, 1, 1, 1, 0, 2, 0, 0, 0]
C41p2[0, 1, 1, 1, 0, 2, 0, 0, 0]
C41p1[0, 1, 1, 1, 1, 1, 0, 0, 0]
C41p2[0, 1, 1, 1, 1, 1, 0, 0, 0]
C41p1[0, 1, 1, 1, 1, 2, 0, 0, 0]
C41p2[0, 1, 1, 1, 1, 2, 0, 0, 0]
C41p1[0, 1, 1, 1, 2, 1, 0, 0, 0]
C41p2[0, 1, 1, 1, 2, 1, 0, 0, 0]
C41p1[0, 1, 1, 2, 1, 1, 0, 0, 0]
C41p2[0, 1, 1, 2, 1, 1, 0, 0, 0]
C41p1[0, 1, 2, 1, 0, 1, 0, 0, 0]
C41p2[0, 1, 2, 1, 0, 1, 0, 0, 0]
C41p1[1, 0, 0, 1, 1, 1, 0, 0, 0]
C41p2[1, 0, 0, 1, 1, 1, 0, 0, 0]
C41p1[1, 0, 0, 1, 1, 2, 0, 0, 0]
C41p2[1, 0, 0, 1, 1, 2, 0, 0, 0]
C41p1[1, 0, 0, 1, 2, 1, 0, 0, 0]
C41p2[1, 0, 0, 1, 2, 1, 0, 0, 0]
C41p1[1, 0, 1, 1, 1, 1, 0, 0, 0]
C41p2[1, 0, 1, 1, 1, 1, 0, 0, 0]
C41p1[1, 0, 1, 1, 1, 2, 0, 0, 0]
C41p2[1, 0, 1, 1, 1, 2, 0, 0, 0]
C41p1[1, 0, 1, 1, 2, 1, 0, 0, 0]
C41p2[1, 0, 1, 1, 2, 1, 0, 0, 0]
C41p1[1, 0, 2, 1, 1, 1, 0, 0, 0]
C41p2[1, 0, 2, 1, 1, 1, 0, 0, 0]
C41p1[1, 1, 0, 0, 0, 1, 0, 0, 0]
C41p2[1, 1, 0, 0, 0, 1, 0, 0, 0]
C41p1[1, 1, 0, 0, 0, 2, 0, 0, 0]
C41p2[1, 1, 0, 0, 0, 2, 0, 0, 0]
C41p1[1, 1, 0, 0, 1, 1, 0, 0, 0]
C41p2[1, 1, 0, 0, 1, 1, 0, 0, 0]
C41p1[1, 1, 0, 0, 1, 2, 0, 0, 0]
C41p2[1, 1, 0, 0, 1, 2, 0, 0, 0]
C41p1[1, 1, 0, 1, 0, 1, 0, 0, 0]
C41p2[1, 1, 0, 1, 0, 1, 0, 0, 0]
C41p1[1, 1, 0, 1, 1, 1, 0, 0, 0]
C41p2[1, 1, 0, 1, 1, 1, 0, 0, 0]
C41p1[1, 1, 0, 1, 1, 2, 0, 0, 0]
C41p2[1, 1, 0, 1, 1, 2, 0, 0, 0]
C41p1[1, 1, 0, 1, 2, 1, 0, 0, 0]
C41p2[1, 1, 0, 1, 2, 1, 0, 0, 0]
C41p1[1, 1, 1, 0, 0, 1, 0, 0, 0]
C41p2[1, 1, 1, 0, 0, 1, 0, 0, 0]
C41p1[1, 1, 1, 0, 0, 2, 0, 0, 0]
C41p2[1, 1, 1, 0, 0, 2, 0, 0, 0]
C41p1[1, 1, 1, 0, 1, 1, 0, 0, 0]
C41p2[1, 1, 1, 0, 1, 1, 0, 0, 0]
C41p1[1, 1, 1, 0, 1, 2, 0, 0, 0]
C41p2[1, 1, 1, 0, 1, 2, 0, 0, 0]
C41p1[1, 1, 1, 0, 2, 1, 0, 0, 0]
C41p2[1, 1, 1, 0, 2, 1, 0, 0, 0]
C41p1[1, 1, 1, 1, 0, 1, 0, 0, 0]
C41p2[1, 1, 1, 1, 0, 1, 0, 0, 0]
C41p1[1, 1, 1, 1, 0, 2, 0, 0, 0]
C41p2[1, 1, 1, 1, 0, 2, 0, 0, 0]
C41p1[1, 1, 1, 2, 0, 1, 0, 0, 0]
C41p2[1, 1, 1, 2, 0, 1, 0, 0, 0]
C41p1[1, 1, 1, 1, 1, 1, 0, 0, 0]
C41p2[1, 1, 1, 1, 1, 1, 0, 0, 0]
C41p1[1, 1, 1, 1, 1, 2, 0, 0, 0]
C41p2[1, 1, 1, 1, 1, 2, 0, 0, 0]
C41p1[1, 2, 1, 1, 1, 1, 0, 0, 0]
C41p2[1, 2, 1, 1, 1, 1, 0, 0, 0]
B22p1[0, 1, 1, 0, 0, 1, 0, 0, 0]
B22p1[0, 0, 1, 1, 1, 0, 0, 0, 0]
B22p1[0, 0, 1, 1, 2, 0, 0, 0, 0]
B22p1[1, 1, 0, 0, 1, 0, 0, 0, 0]
B32p1[0, 0, 1, 1, 1, 0, 0, 0, 0]
B32p1[0, 0, 1, 1, 2, 0, 0, 0, 0]
B32p1[0, 1, 1, 0, 1, 0, 0, 0, 0]
B32p1[1, 0, 1, 1, 1, 0, 0, 0, 0]
B32p1[1, 0, 1, 1, 2, 0, 0, 0, 0]
F21p1[0, 1, 0, 1, 1, 0, 0, 0, 0]
F21p1[0, 1, 0, 1, 2, 0, 0, 0, 0]
F21p1[0, 1, 1, 1, 0, 0, 0, 0, 0]
F21p1[0, 1, 1, 1, 1, 0, 0, 0, 0]
F21p1[1, 1, 1, 1, 1, 0, 0, 0, 0]
F31p1[0, 0, 1, 1, 0, 0, 0, 0, 0]
F31p2[0, 0, 1, 1, 0, 0, 0, 0, 0]
F31p1[0, 0, 1, 1, 1, 0, 0, 0, 0]
F31p2[0, 0, 1, 1, 1, 0, 0, 0, 0]
F31p1[0, 1, 0, 1, 1, 0, 0, 0, 0]
F31p2[0, 1, 0, 1, 1, 0, 0, 0, 0]
F31p1[0, 1, 0, 1, 2, 0, 0, 0, 0]
F31p2[0, 1, 0, 1, 2, 0, 0, 0, 0]
F31p1[0, 1, 0, 2, 1, 0, 0, 0, 0]
F31p2[0, 1, 0, 2, 1, 0, 0, 0, 0]
F31p1[0, 1, 1, 1, 0, 0, 0, 0, 0]
F31p2[0, 1, 1, 1, 0, 0, 0, 0, 0]
F31p1[0, 1, 1, 1, 1, 0, 0, 0, 0]
F31p2[0, 1, 1, 1, 1, 0, 0, 0, 0]
F31p1[1, 0, 1, 1, 1, 0, 0, 0, 0]
F31p2[1, 0, 1, 1, 1, 0, 0, 0, 0]
F31p1[1, 1, 0, 1, 0, 0, 0, 0, 0]
F31p2[1, 1, 0, 1, 0, 0, 0, 0, 0]
F31p1[1, 1, 0, 1, 1, 0, 0, 0, 0]
F31p2[1, 1, 0, 1, 1, 0, 0, 0, 0]
F31p1[1, 1, 1, 1, 1, 0, 0, 0, 0]
F31p2[1, 1, 1, 1, 1, 0, 0, 0, 0]
F31p1[0, 0, 1, 1, 0, 0, 0, 0, 0]
F31p2[0, 0, 1, 1, 0, 0, 0, 0, 0]
F31p1[0, 0, 1, 1, 1, 0, 0, 0, 0]
F31p2[0, 0, 1, 1, 1, 0, 0, 0, 0]
F31p1[0, 1, 0, 1, 1, 0, 0, 0, 0]
F31p2[0, 1, 0, 1, 1, 0, 0, 0, 0]
F31p1[0, 1, 0, 1, 2, 0, 0, 0, 0]
F31p2[0, 1, 0, 1, 2, 0, 0, 0, 0]
F31p1[0, 1, 0, 2, 1, 0, 0, 0, 0]
F31p2[0, 1, 0, 2, 1, 0, 0, 0, 0]
F31p1[0, 1, 1, 1, 0, 0, 0, 0, 0]
F31p2[0, 1, 1, 1, 0, 0, 0, 0, 0]
F31p1[0, 1, 1, 1, 1, 0, 0, 0, 0]
F31p2[0, 1, 1, 1, 1, 0, 0, 0, 0]
F31p1[1, 0, 1, 1, 1, 0, 0, 0, 0]
F31p2[1, 0, 1, 1, 1, 0, 0, 0, 0]
F31p1[1, 1, 0, 1, 0, 0, 0, 0, 0]
F31p2[1, 1, 0, 1, 0, 0, 0, 0, 0]
F31p1[1, 1, 0, 1, 1, 0, 0, 0, 0]
F31p2[1, 1, 0, 1, 1, 0, 0, 0, 0]
F31p1[1, 1, 1, 1, 1, 0, 0, 0, 0]
F31p2[1, 1, 1, 1, 1, 0, 0, 0, 0]
F41p1[0, 0, 1, 1, 0, 0, 0, 0, 0]
F41p2[0, 0, 1, 1, 0, 0, 0, 0, 0]
F41p3[0, 0, 1, 1, 0, 0, 0, 0, 0]
F41p4[0, 0, 1, 1, 0, 0, 0, 0, 0]
F41p5[0, 0, 1, 1, 0, 0, 0, 0, 0]
F41p6[0, 0, 1, 1, 0, 0, 0, 0, 0]
F41p1[0, 0, 1, 1, 1, 0, 0, 0, 0]
F41p2[0, 0, 1, 1, 1, 0, 0, 0, 0]
F41p3[0, 0, 1, 1, 1, 0, 0, 0, 0]
F41p4[0, 0, 1, 1, 1, 0, 0, 0, 0]
F41p5[0, 0, 1, 1, 1, 0, 0, 0, 0]
F41p6[0, 0, 1, 1, 1, 0, 0, 0, 0]
F41p1[0, 1, 0, 1, 0, 0, 0, 0, 0]
F41p2[0, 1, 0, 1, 0, 0, 0, 0, 0]
F41p3[0, 1, 0, 1, 0, 0, 0, 0, 0]
F41p4[0, 1, 0, 1, 0, 0, 0, 0, 0]
F41p5[0, 1, 0, 1, 0, 0, 0, 0, 0]
F41p6[0, 1, 0, 1, 0, 0, 0, 0, 0]
F41p1[0, 1, 0, 1, 1, 0, 0, 0, 0]
F41p2[0, 1, 0, 1, 1, 0, 0, 0, 0]
F41p3[0, 1, 0, 1, 1, 0, 0, 0, 0]
F41p4[0, 1, 0, 1, 1, 0, 0, 0, 0]
F41p5[0, 1, 0, 1, 1, 0, 0, 0, 0]
F41p6[0, 1, 0, 1, 1, 0, 0, 0, 0]
F41p1[0, 1, 0, 1, 2, 0, 0, 0, 0]
F41p2[0, 1, 0, 1, 2, 0, 0, 0, 0]
F41p3[0, 1, 0, 1, 2, 0, 0, 0, 0]
F41p4[0, 1, 0, 1, 2, 0, 0, 0, 0]
F41p5[0, 1, 0, 1, 2, 0, 0, 0, 0]
F41p6[0, 1, 0, 1, 2, 0, 0, 0, 0]
F41p1[0, 1, 0, 2, 1, 0, 0, 0, 0]
F41p2[0, 1, 0, 2, 1, 0, 0, 0, 0]
F41p3[0, 1, 0, 2, 1, 0, 0, 0, 0]
F41p4[0, 1, 0, 2, 1, 0, 0, 0, 0]
F41p5[0, 1, 0, 2, 1, 0, 0, 0, 0]
F41p6[0, 1, 0, 2, 1, 0, 0, 0, 0]
F41p1[0, 1, 1, 0, 0, 0, 0, 0, 0]
F41p2[0, 1, 1, 0, 0, 0, 0, 0, 0]
F41p3[0, 1, 1, 0, 0, 0, 0, 0, 0]
F41p4[0, 1, 1, 0, 0, 0, 0, 0, 0]
F41p5[0, 1, 1, 0, 0, 0, 0, 0, 0]
F41p6[0, 1, 1, 0, 0, 0, 0, 0, 0]
F41p1[0, 1, 1, 0, 1, 0, 0, 0, 0]
F41p2[0, 1, 1, 0, 1, 0, 0, 0, 0]
F41p3[0, 1, 1, 0, 1, 0, 0, 0, 0]
F41p4[0, 1, 1, 0, 1, 0, 0, 0, 0]
F41p5[0, 1, 1, 0, 1, 0, 0, 0, 0]
F41p6[0, 1, 1, 0, 1, 0, 0, 0, 0]
F41p1[0, 1, 1, 1, 0, 0, 0, 0, 0]
F41p2[0, 1, 1, 1, 0, 0, 0, 0, 0]
F41p3[0, 1, 1, 1, 0, 0, 0, 0, 0]
F41p4[0, 1, 1, 1, 0, 0, 0, 0, 0]
F41p5[0, 1, 1, 1, 0, 0, 0, 0, 0]
F41p6[0, 1, 1, 1, 0, 0, 0, 0, 0]
F41p1[0, 1, 1, 1, 1, 0, 0, 0, 0]
F41p2[0, 1, 1, 1, 1, 0, 0, 0, 0]
F41p3[0, 1, 1, 1, 1, 0, 0, 0, 0]
F41p4[0, 1, 1, 1, 1, 0, 0, 0, 0]
F41p5[0, 1, 1, 1, 1, 0, 0, 0, 0]
F41p6[0, 1, 1, 1, 1, 0, 0, 0, 0]
F41p1[0, 2, 0, 1, 1, 0, 0, 0, 0]
F41p2[0, 2, 0, 1, 1, 0, 0, 0, 0]
F41p3[0, 2, 0, 1, 1, 0, 0, 0, 0]
F41p4[0, 2, 0, 1, 1, 0, 0, 0, 0]
F41p5[0, 2, 0, 1, 1, 0, 0, 0, 0]
F41p6[0, 2, 0, 1, 1, 0, 0, 0, 0]
F41p1[1, 0, 1, 1, 1, 0, 0, 0, 0]
F41p2[1, 0, 1, 1, 1, 0, 0, 0, 0]
F41p3[1, 0, 1, 1, 1, 0, 0, 0, 0]
F41p4[1, 0, 1, 1, 1, 0, 0, 0, 0]
F41p5[1, 0, 1, 1, 1, 0, 0, 0, 0]
F41p6[1, 0, 1, 1, 1, 0, 0, 0, 0]
F41p1[1, 1, 0, 1, 0, 0, 0, 0, 0]
F41p2[1, 1, 0, 1, 0, 0, 0, 0, 0]
F41p3[1, 1, 0, 1, 0, 0, 0, 0, 0]
F41p4[1, 1, 0, 1, 0, 0, 0, 0, 0]
F41p5[1, 1, 0, 1, 0, 0, 0, 0, 0]
F41p6[1, 1, 0, 1, 0, 0, 0, 0, 0]
F41p1[1, 1, 0, 1, 1, 0, 0, 0, 0]
F41p2[1, 1, 0, 1, 1, 0, 0, 0, 0]
F41p3[1, 1, 0, 1, 1, 0, 0, 0, 0]
F41p4[1, 1, 0, 1, 1, 0, 0, 0, 0]
F41p5[1, 1, 0, 1, 1, 0, 0, 0, 0]
F41p6[1, 1, 0, 1, 1, 0, 0, 0, 0]
F41p1[1, 1, 0, 2, 1, 0, 0, 0, 0]
F41p2[1, 1, 0, 2, 1, 0, 0, 0, 0]
F41p3[1, 1, 0, 2, 1, 0, 0, 0, 0]
F41p4[1, 1, 0, 2, 1, 0, 0, 0, 0]
F41p5[1, 1, 0, 2, 1, 0, 0, 0, 0]
F41p6[1, 1, 0, 2, 1, 0, 0, 0, 0]
F41p1[1, 1, 1, 0, 1, 0, 0, 0, 0]
F41p2[1, 1, 1, 0, 1, 0, 0, 0, 0]
F41p3[1, 1, 1, 0, 1, 0, 0, 0, 0]
F41p4[1, 1, 1, 0, 1, 0, 0, 0, 0]
F41p5[1, 1, 1, 0, 1, 0, 0, 0, 0]
F41p6[1, 1, 1, 0, 1, 0, 0, 0, 0]
F41p1[1, 1, 1, 1, 1, 0, 0, 0, 0]
F41p2[1, 1, 1, 1, 1, 0, 0, 0, 0]
F41p3[1, 1, 1, 1, 1, 0, 0, 0, 0]
F41p4[1, 1, 1, 1, 1, 0, 0, 0, 0]
F41p5[1, 1, 1, 1, 1, 0, 0, 0, 0]
F41p6[1, 1, 1, 1, 1, 0, 0, 0, 0]
D22p1[1, 0, 0, 1, 0, 1, 0, 0, 0]
D22p1[1, 0, 0, 0, 1, 0, 0, 0, 0]
D22p1[1, 0, 0, 1, 1, 1, 0, 0, 0]
D22p1[1, 0, 0, 1, 1, 2, 0, 0, 0]
D22p1[1, 0, 0, 1, 0, 1, 0, 0, 0]
D22p1[1, 0, 0, 0, 1, 0, 0, 0, 0]
D22p1[1, 0, 0, 1, 1, 1, 0, 0, 0]
D22p1[1, 0, 0, 1, 1, 2, 0, 0, 0]
D22p1[1, 0, 0, 1, 0, 1, 0, 0, 0]
D22p1[1, 0, 0, 0, 1, 0, 0, 0, 0]
D22p1[1, 0, 0, 1, 1, 1, 0, 0, 0]
D22p1[1, 0, 0, 1, 1, 2, 0, 0, 0]
D22p1[1, 0, 0, 1, 0, 1, 0, 0, 0]
D22p1[1, 0, 0, 0, 1, 0, 0, 0, 0]
D22p1[1, 0, 0, 1, 1, 1, 0, 0, 0]
D22p1[1, 0, 0, 1, 1, 2, 0, 0, 0]
D32p1[1, 0, 0, 1, 0, 1, 0, 0, 0]
D32p2[1, 0, 0, 1, 0, 1, 0, 0, 0]
D32p1[1, 1, 0, 0, 0, 0, 0, 0, 0]
D32p2[1, 1, 0, 0, 0, 0, 0, 0, 0]
D32p1[1, 1, 0, 1, 0, 1, 0, 0, 0]
D32p2[1, 1, 0, 1, 0, 1, 0, 0, 0]
D32p1[1, 0, 0, 0, 1, 0, 0, 0, 0]
D32p2[1, 0, 0, 0, 1, 0, 0, 0, 0]
D32p1[1, 0, 0, 1, 1, 1, 0, 0, 0]
D32p2[1, 0, 0, 1, 1, 1, 0, 0, 0]
D32p1[1, 0, 0, 1, 1, 2, 0, 0, 0]
D32p2[1, 0, 0, 1, 1, 2, 0, 0, 0]
D32p1[1, 1, 0, 0, 1, 0, 0, 0, 0]
D32p2[1, 1, 0, 0, 1, 0, 0, 0, 0]
D32p1[1, 1, 0, 1, 1, 1, 0, 0, 0]
D32p2[1, 1, 0, 1, 1, 1, 0, 0, 0]
D32p1[1, 0, 0, 1, 0, 1, 0, 0, 0]
D32p2[1, 0, 0, 1, 0, 1, 0, 0, 0]
D32p1[1, 1, 0, 0, 0, 0, 0, 0, 0]
D32p2[1, 1, 0, 0, 0, 0, 0, 0, 0]
D32p1[1, 1, 0, 1, 0, 1, 0, 0, 0]
D32p2[1, 1, 0, 1, 0, 1, 0, 0, 0]
D32p1[1, 0, 0, 0, 1, 0, 0, 0, 0]
D32p2[1, 0, 0, 0, 1, 0, 0, 0, 0]
D32p1[1, 0, 0, 1, 1, 1, 0, 0, 0]
D32p2[1, 0, 0, 1, 1, 1, 0, 0, 0]
D32p1[1, 0, 0, 1, 1, 2, 0, 0, 0]
D32p2[1, 0, 0, 1, 1, 2, 0, 0, 0]
D32p1[1, 1, 0, 0, 1, 0, 0, 0, 0]
D32p2[1, 1, 0, 0, 1, 0, 0, 0, 0]
D32p1[1, 1, 0, 1, 1, 1, 0, 0, 0]
D32p2[1, 1, 0, 1, 1, 1, 0, 0, 0]
D32p1[1, 0, 0, 1, 0, 1, 0, 0, 0]
D32p2[1, 0, 0, 1, 0, 1, 0, 0, 0]
D32p1[1, 1, 0, 0, 0, 0, 0, 0, 0]
D32p2[1, 1, 0, 0, 0, 0, 0, 0, 0]
D32p1[1, 1, 0, 1, 0, 1, 0, 0, 0]
D32p2[1, 1, 0, 1, 0, 1, 0, 0, 0]
D32p1[1, 0, 0, 0, 1, 0, 0, 0, 0]
D32p2[1, 0, 0, 0, 1, 0, 0, 0, 0]
D32p1[1, 0, 0, 1, 1, 1, 0, 0, 0]
D32p2[1, 0, 0, 1, 1, 1, 0, 0, 0]
D32p1[1, 0, 0, 1, 1, 2, 0, 0, 0]
D32p2[1, 0, 0, 1, 1, 2, 0, 0, 0]
D32p1[1, 1, 0, 0, 1, 0, 0, 0, 0]
D32p2[1, 1, 0, 0, 1, 0, 0, 0, 0]
D32p1[1, 1, 0, 1, 1, 1, 0, 0, 0]
D32p2[1, 1, 0, 1, 1, 1, 0, 0, 0]
D32p1[1, 0, 0, 1, 0, 1, 0, 0, 0]
D32p2[1, 0, 0, 1, 0, 1, 0, 0, 0]
D32p1[1, 1, 0, 0, 0, 0, 0, 0, 0]
D32p2[1, 1, 0, 0, 0, 0, 0, 0, 0]
D32p1[1, 1, 0, 1, 0, 1, 0, 0, 0]
D32p2[1, 1, 0, 1, 0, 1, 0, 0, 0]
D32p1[1, 0, 0, 0, 1, 0, 0, 0, 0]
D32p2[1, 0, 0, 0, 1, 0, 0, 0, 0]
D32p1[1, 0, 0, 1, 1, 1, 0, 0, 0]
D32p2[1, 0, 0, 1, 1, 1, 0, 0, 0]
D32p1[1, 0, 0, 1, 1, 2, 0, 0, 0]
D32p2[1, 0, 0, 1, 1, 2, 0, 0, 0]
D32p1[1, 1, 0, 0, 1, 0, 0, 0, 0]
D32p2[1, 1, 0, 0, 1, 0, 0, 0, 0]
D32p1[1, 1, 0, 1, 1, 1, 0, 0, 0]
D32p2[1, 1, 0, 1, 1, 1, 0, 0, 0]
H31p1[0, 0, 1, 0, 1, 0, 0, 0, 0]
H31p2[0, 0, 1, 0, 1, 0, 0, 0, 0]
H31p1[0, 1, 1, 0, 1, 0, 0, 0, 0]
H31p2[0, 1, 1, 0, 1, 0, 0, 0, 0]
H31p1[1, 1, 0, 0, 1, 0, 0, 0, 0]
H31p2[1, 1, 0, 0, 1, 0, 0, 0, 0]
H31p1[1, 0, 0, 1, 1, 0, 0, 0, 0]
H31p2[1, 0, 0, 1, 1, 0, 0, 0, 0]
H31p1[1, 0, 1, 1, 1, 0, 0, 0, 0]
H31p2[1, 0, 1, 1, 1, 0, 0, 0, 0]
H31p1[1, 1, 0, 1, 1, 0, 0, 0, 0]
H31p2[1, 1, 0, 1, 1, 0, 0, 0, 0]
H31p1[1, 1, 0, 1, 2, 0, 0, 0, 0]
H31p2[1, 1, 0, 1, 2, 0, 0, 0, 0]
H31p1[1, 1, 0, 2, 1, 0, 0, 0, 0]
H31p2[1, 1, 0, 2, 1, 0, 0, 0, 0]
H31p1[1, 1, 1, 1, 1, 0, 0, 0, 0]
H31p2[1, 1, 1, 1, 1, 0, 0, 0, 0]