B33[0, -1, 1, 1, 1, 1, 0, 0, 0]
B33[0, 0, 1, 0, 1, 1, 0, 0, 0]
B33[0, 0, 1, 1, 0, 1, 0, 0, 0]
B33[0, 0, 1, 1, 1, 1, -1, 0, 0]
B33[0, 0, 1, 1, 1, 1, 0, 0, -1]
B33[0, 0, 1, 1, 1, 1, 0, 0, 0]
B33[0, 1, 1, -1, 1, 1, 0, 0, 0]
B33[0, 1, 1, 0, 0, 1, 0, 0, 0]
B33[0, 1, 1, 0, 1, 1, -1, 0, 0]
B33[0, 1, 1, 0, 1, 1, 0, 0, -1]
B33[0, 1, 1, 0, 1, 1, 0, 0, 0]
B33[1, -1, 0, 1, 1, 1, 0, 0, 0]
B33[1, -1, 1, 1, 1, 0, 0, 0, 0]
B33[1, -1, 1, 1, 1, 1, 0, -1, 0]
B33[1, -1, 1, 1, 1, 1, 0, 0, 0]
B33[1, 0, 0, 0, 1, 1, 0, 0, 0]
B33[1, 0, 0, 1, 0, 1, 0, 0, 0]
B33[1, 0, 0, 1, 1, 1, -1, 0, 0]
B33[1, 0, 0, 1, 1, 1, 0, 0, -1]
B33[1, 0, 0, 1, 1, 1, 0, 0, 0]
B33[1, 0, 1, 0, 1, 0, 0, 0, 0]
B33[1, 0, 1, 0, 1, 1, 0, -1, 0]
B33[1, 0, 1, 0, 1, 1, 0, 0, 0]
B33[1, 0, 1, 1, 0, 0, 0, 0, 0]
B33[1, 0, 1, 1, 0, 1, 0, -1, 0]
B33[1, 0, 1, 1, 0, 1, 0, 0, 0]
B33[1, 0, 1, 1, 1, 0, -1, 0, 0]
B33[1, 0, 1, 1, 1, 0, 0, 0, -1]
B33[1, 0, 1, 1, 1, 0, 0, 0, 0]
B33[1, 0, 1, 1, 1, 1, -1, -1, 0]
B33[1, 0, 1, 1, 1, 1, -1, 0, 0]
B33[1, 0, 1, 1, 1, 1, 0, -1, 0]
B33[1, 0, 1, 1, 1, 1, 0, 0, -1]
B33[1, 0, 1, 1, 1, 1, 0, 0, 0]
B33[1, 1, 0, -1, 1, 1, 0, 0, 0]
B33[1, 1, 0, 0, 0, 1, 0, 0, 0]
B33[1, 1, 0, 0, 1, 1, -1, 0, 0]
B33[1, 1, 0, 0, 1, 1, 0, 0, -1]
B33[1, 1, 0, 0, 1, 1, 0, 0, 0]
B33[1, 1, 1, -1, 1, 1, 0, -1, 0]
B33[1, 1, 1, -1, 1, 1, 0, 0, 0]
B33[1, 1, 1, 0, 0, 0, 0, 0, 0]
B33[1, 1, 1, 0, 0, 1, 0, -1, 0]
B33[1, 1, 1, 0, 0, 1, 0, 0, 0]
B33[1, 1, 1, 0, 1, 0, -1, 0, 0]
B33[1, 1, 1, 0, 1, 0, 0, 0, -1]
B33[1, 1, 1, 0, 1, 0, 0, 0, 0]
B33[1, 1, 1, 0, 1, 1, -1, -1, 0]
B33[1, 1, 1, 0, 1, 1, -1, 0, 0]
B33[1, 1, 1, 0, 1, 1, 0, -1, 0]
B33[1, 1, 1, 0, 1, 1, 0, 0, -1]
B33[1, 1, 1, 0, 1, 1, 0, 0, 0]