B15[0, -1, 1, 1, 1, 1, 0, 0, 0]
B15[0, 0, 1, 0, 1, 1, 0, 0, 0]
B15[0, 0, 1, 1, 0, 1, 0, 0, 0]
B15[0, 0, 1, 1, 1, 0, 0, 0, 0]
B15[0, 0, 1, 1, 1, 1, -1, 0, 0]
B15[0, 0, 1, 1, 1, 1, 0, 0, -1]
B15[0, 0, 1, 1, 1, 1, 0, 0, 0]
B15[0, 1, 0, 0, 1, 1, 0, 0, 0]
B15[0, 1, 1, -1, 1, 1, 0, 0, 0]
B15[0, 1, 1, 0, 0, 1, 0, 0, 0]
B15[0, 1, 1, 0, 1, 1, -1, 0, 0]
B15[0, 1, 1, 0, 1, 1, 0, 0, -1]
B15[0, 1, 1, 0, 1, 1, 0, 0, 0]
B15[1, -1, 0, 1, 1, 1, 0, 0, 0]
B15[1, -1, 1, 1, 1, 0, 0, 0, 0]
B15[1, -1, 1, 1, 1, 1, 0, -1, 0]
B15[1, -1, 1, 1, 1, 1, 0, 0, 0]
B15[1, 0, 0, 0, 1, 1, 0, 0, 0]
B15[1, 0, 0, 1, 0, 1, 0, 0, 0]
B15[1, 0, 0, 1, 1, 0, 0, 0, 0]
B15[1, 0, 0, 1, 1, 1, -1, 0, 0]
B15[1, 0, 0, 1, 1, 1, 0, 0, -1]
B15[1, 0, 0, 1, 1, 1, 0, 0, 0]
B15[1, 0, 1, 0, 1, 0, 0, 0, 0]
B15[1, 0, 1, 0, 1, 1, 0, -1, 0]
B15[1, 0, 1, 0, 1, 1, 0, 0, 0]
B15[1, 0, 1, 1, 0, 0, 0, 0, 0]
B15[1, 0, 1, 1, 0, 1, 0, -1, 0]
B15[1, 0, 1, 1, 0, 1, 0, 0, 0]
B15[1, 0, 1, 1, 1, -1, 0, 0, 0]
B15[1, 0, 1, 1, 1, 0, -1, 0, 0]
B15[1, 0, 1, 1, 1, 0, 0, -1, 0]
B15[1, 0, 1, 1, 1, 0, 0, 0, -1]
B15[1, 0, 1, 1, 1, 0, 0, 0, 0]
B15[1, 0, 1, 1, 1, 1, -1, -1, 0]
B15[1, 0, 1, 1, 1, 1, -1, 0, 0]
B15[1, 0, 1, 1, 1, 1, 0, -1, -1]
B15[1, 0, 1, 1, 1, 1, 0, -1, 0]
B15[1, 0, 1, 1, 1, 1, 0, 0, -1]
B15[1, 0, 1, 1, 1, 1, 0, 0, 0]
B15[1, 1, -1, 0, 1, 1, 0, 0, 0]
B15[1, 1, 0, -1, 1, 1, 0, 0, 0]
B15[1, 1, 0, 0, 0, 1, 0, 0, 0]
B15[1, 1, 0, 0, 1, 0, 0, 0, 0]
B15[1, 1, 0, 0, 1, 1, -1, 0, 0]
B15[1, 1, 0, 0, 1, 1, 0, -1, 0]
B15[1, 1, 0, 0, 1, 1, 0, 0, -1]
B15[1, 1, 0, 0, 1, 1, 0, 0, 0]
B15[1, 1, 1, -1, 1, 1, 0, -1, 0]
B15[1, 1, 1, -1, 1, 1, 0, 0, 0]
B15[1, 1, 1, 0, 0, 0, 0, 0, 0]
B15[1, 1, 1, 0, 0, 1, 0, -1, 0]
B15[1, 1, 1, 0, 0, 1, 0, 0, 0]
B15[1, 1, 1, 0, 1, 0, -1, 0, 0]
B15[1, 1, 1, 0, 1, 0, 0, 0, -1]
B15[1, 1, 1, 0, 1, 0, 0, 0, 0]
B15[1, 1, 1, 0, 1, 1, -1, -1, 0]
B15[1, 1, 1, 0, 1, 1, -1, 0, 0]
B15[1, 1, 1, 0, 1, 1, 0, -1, -1]
B15[1, 1, 1, 0, 1, 1, 0, -1, 0]
B15[1, 1, 1, 0, 1, 1, 0, 0, -1]
B15[1, 1, 1, 0, 1, 1, 0, 0, 0]
B15[0, -1, 1, 1, 1, 1, 0, 0, 0]
B15[0, 0, 1, 0, 1, 1, 0, 0, 0]
B15[0, 0, 1, 1, 0, 1, 0, 0, 0]
B15[0, 0, 1, 1, 1, 0, 0, 0, 0]
B15[0, 0, 1, 1, 1, 1, -1, 0, 0]
B15[0, 0, 1, 1, 1, 1, 0, 0, -1]
B15[0, 0, 1, 1, 1, 1, 0, 0, 0]
B15[0, 1, 0, 0, 1, 1, 0, 0, 0]
B15[0, 1, 1, -1, 1, 1, 0, 0, 0]
B15[0, 1, 1, 0, 0, 1, 0, 0, 0]
B15[0, 1, 1, 0, 1, 1, -1, 0, 0]
B15[0, 1, 1, 0, 1, 1, 0, 0, -1]
B15[0, 1, 1, 0, 1, 1, 0, 0, 0]
B15[1, -1, 0, 1, 1, 1, 0, 0, 0]
B15[1, -1, 1, 1, 1, 0, 0, 0, 0]
B15[1, -1, 1, 1, 1, 1, 0, -1, 0]
B15[1, -1, 1, 1, 1, 1, 0, 0, 0]
B15[1, 0, 0, 0, 1, 1, 0, 0, 0]
B15[1, 0, 0, 1, 0, 1, 0, 0, 0]
B15[1, 0, 0, 1, 1, 0, 0, 0, 0]
B15[1, 0, 0, 1, 1, 1, -1, 0, 0]
B15[1, 0, 0, 1, 1, 1, 0, 0, -1]
B15[1, 0, 0, 1, 1, 1, 0, 0, 0]
B15[1, 0, 1, 0, 1, 0, 0, 0, 0]
B15[1, 0, 1, 0, 1, 1, 0, -1, 0]
B15[1, 0, 1, 0, 1, 1, 0, 0, 0]
B15[1, 0, 1, 1, 0, 0, 0, 0, 0]
B15[1, 0, 1, 1, 0, 1, 0, -1, 0]
B15[1, 0, 1, 1, 0, 1, 0, 0, 0]
B15[1, 0, 1, 1, 1, -1, 0, 0, 0]
B15[1, 0, 1, 1, 1, 0, -1, 0, 0]
B15[1, 0, 1, 1, 1, 0, 0, -1, 0]
B15[1, 0, 1, 1, 1, 0, 0, 0, -1]
B15[1, 0, 1, 1, 1, 0, 0, 0, 0]
B15[1, 0, 1, 1, 1, 1, -1, -1, 0]
B15[1, 0, 1, 1, 1, 1, -1, 0, 0]
B15[1, 0, 1, 1, 1, 1, 0, -1, -1]
B15[1, 0, 1, 1, 1, 1, 0, -1, 0]
B15[1, 0, 1, 1, 1, 1, 0, 0, -1]
B15[1, 0, 1, 1, 1, 1, 0, 0, 0]
B15[1, 1, -1, 0, 1, 1, 0, 0, 0]
B15[1, 1, 0, -1, 1, 1, 0, 0, 0]
B15[1, 1, 0, 0, 0, 1, 0, 0, 0]
B15[1, 1, 0, 0, 1, 0, 0, 0, 0]
B15[1, 1, 0, 0, 1, 1, -1, 0, 0]
B15[1, 1, 0, 0, 1, 1, 0, -1, 0]
B15[1, 1, 0, 0, 1, 1, 0, 0, -1]
B15[1, 1, 0, 0, 1, 1, 0, 0, 0]
B15[1, 1, 1, -1, 1, 1, 0, -1, 0]
B15[1, 1, 1, -1, 1, 1, 0, 0, 0]
B15[1, 1, 1, 0, 0, 0, 0, 0, 0]
B15[1, 1, 1, 0, 0, 1, 0, -1, 0]
B15[1, 1, 1, 0, 0, 1, 0, 0, 0]
B15[1, 1, 1, 0, 1, 0, -1, 0, 0]
B15[1, 1, 1, 0, 1, 0, 0, 0, -1]
B15[1, 1, 1, 0, 1, 0, 0, 0, 0]
B15[1, 1, 1, 0, 1, 1, -1, -1, 0]
B15[1, 1, 1, 0, 1, 1, -1, 0, 0]
B15[1, 1, 1, 0, 1, 1, 0, -1, -1]
B15[1, 1, 1, 0, 1, 1, 0, -1, 0]
B15[1, 1, 1, 0, 1, 1, 0, 0, -1]
B15[1, 1, 1, 0, 1, 1, 0, 0, 0]
B15[2, 0, -1, 0, 1, 1, 0, 0, 0]
B15[2, 0, 0, 0, 1, 0, 0, 0, 0]
B15[2, 0, 0, 0, 1, 1, 0, -1, 0]
B15[2, 0, 0, 0, 1, 1, 0, 0, 0]
B15[2, 0, 1, 0, 1, -1, 0, 0, 0]
B15[2, 0, 1, 0, 1, 0, 0, -1, 0]
B15[2, 0, 1, 0, 1, 0, 0, 0, 0]
B15[1, 0, 0, 0, 1, 1, 0, 0, 0]
B15[1, 0, 1, 0, 1, 0, 0, 0, 0]
B15[2, 0, -1, 0, 1, 1, 0, 0, 0]
B15[2, 0, 0, 0, 1, 0, 0, 0, 0]
B15[2, 0, 0, 0, 1, 1, 0, -1, 0]
B15[2, 0, 0, 0, 1, 1, 0, 0, 0]
B15[2, 0, 1, 0, 1, -1, 0, 0, 0]
B15[2, 0, 1, 0, 1, 0, 0, -1, 0]
B15[2, 0, 1, 0, 1, 0, 0, 0, 0]
B15[0, 0, 0, 0, 1, 2, 0, 0, 0]
B15[0, 0, 0, 1, 0, 2, 0, 0, 0]
B15[0, 0, 0, 1, 1, 1, 0, 0, 0]
B15[0, 0, 0, 1, 1, 2, 0, 0, 0]
B15[1, 0, -1, 0, 1, 2, 0, 0, 0]
B15[1, 0, -1, 1, 0, 2, 0, 0, 0]
B15[1, 0, -1, 1, 1, 1, 0, 0, 0]
B15[1, 0, -1, 1, 1, 2, 0, 0, 0]
B15[1, 0, 0, 0, 1, 2, 0, -1, 0]
B15[1, 0, 0, 0, 1, 2, 0, 0, 0]
B15[1, 0, 0, 1, 0, 2, 0, -1, 0]
B15[1, 0, 0, 1, 0, 2, 0, 0, 0]
B15[1, 0, 0, 1, 1, 1, 0, -1, 0]
B15[1, 0, 0, 1, 1, 2, 0, -1, 0]
B15[1, 0, 0, 1, 1, 2, 0, 0, 0]
B15[0, 0, 2, 0, 1, 0, 0, 0, 0]
B15[0, 1, 1, 0, 1, 0, 0, 0, 0]
B15[0, 1, 2, 0, 0, 0, 0, 0, 0]
B15[0, 1, 2, 0, 1, 0, 0, 0, 0]
B15[1, 0, 2, 0, 1, -1, 0, 0, 0]
B15[1, 0, 2, 0, 1, 0, 0, -1, 0]
B15[1, 0, 2, 0, 1, 0, 0, 0, 0]
B15[1, 1, 1, -1, 1, 0, 0, 0, 0]
B15[1, 1, 1, 0, 1, -1, 0, 0, 0]
B15[1, 1, 1, 0, 1, 0, 0, -1, 0]
B15[1, 1, 2, 0, 0, -1, 0, 0, 0]
B15[1, 1, 2, 0, 0, 0, 0, -1, 0]
B15[1, 1, 2, 0, 0, 0, 0, 0, 0]
B15[1, 1, 2, 0, 1, -1, 0, 0, 0]
B15[1, 1, 2, 0, 1, 0, 0, -1, 0]
B15[1, 1, 2, 0, 1, 0, 0, 0, 0]