0
8 2
1 4
1 -1 1 0 s+m1^2 
0 0 1 0 0 
0 -1 2 0 2*s-m2^2+2*m1^2 
0 0 2 -1 2*m1^2 

1
8 3
1 5
1 0 0 0 0 
0 0 1 0 0 
0 1 0 0 0 
0 1 0 0 0 

0
8 4
4 4
1 0 0 0 0 
0 1 0 0 0 
0 0 1 0 0 
0 1 1 -1 -s+m2^2+m1^2 

0
8 5
4 5
1 0 0 0 0 
0 1 0 0 0 
0 0 1 0 0 
0 1 1 -1 -s+m2^2+m1^2 

0
8 6
4 6
1 0 0 0 0 
0 1 0 0 0 
0 0 1 0 0 
0 1 1 -1 -s+m2^2+m1^2 

0
8 7
4 7
1 0 0 0 0 
0 1 0 0 0 
0 0 1 0 0 
0 1 1 -1 -s+m2^2+m1^2 

0
8 9
5 9
1 0 0 0 0 
0 1 0 0 -m1^2 
0 0 1 0 -m2^2 
0 0 0 1 0 

1
8 10
1 5
0 1 0 0 0 
0 0 1 0 0 
0 1 0 0 0 
1 0 0 0 0 

1
8 11
6 13
1 0 0 0 0 
0 0 1 0 0 
0 1 0 0 0 
0 0 0 1 0 

1
8 12
4 5
0 1 0 0 0 
0 1 0 0 0 
0 0 1 0 0 
1 0 0 0 0 

1
8 14
4 7
0 0 0 1 0 
0 1 0 0 0 
0 0 1 0 0 
1 0 0 0 0 

