D51[-1, 0, 1, 1, 1, 1, 0]
D51[-1, 1, 1, 1, 0, 1, 0]
D51[-1, 1, 1, 1, 1, 1, 0]
D51[0, -1, 1, 1, 1, 1, 0]
D51[0, 0, 0, 1, 1, 1, 0]
D51[0, 0, 1, 0, 1, 1, 0]
D51[0, 0, 1, 1, 0, 1, 0]
D51[0, 0, 1, 1, 1, 0, 0]
D51[0, 0, 1, 1, 1, 1, -1]
D51[0, 0, 1, 1, 1, 1, 0]
D51[0, 1, 0, 1, 0, 1, 0]
D51[0, 1, 0, 1, 1, 1, -1]
D51[0, 1, 0, 1, 1, 1, 0]
D51[0, 1, 1, 0, 1, 1, -1]
D51[0, 1, 1, 0, 1, 1, 0]
D51[0, 1, 1, 1, 0, 0, 0]
D51[0, 1, 1, 1, 0, 1, 0]
D51[0, 1, 1, 1, 1, 0, -1]
D51[0, 1, 1, 1, 1, 0, 0]
D51[0, 1, 1, 1, 1, 1, -1]
D51[0, 1, 1, 1, 1, 1, 0]
D51[1, -1, 0, 1, 1, 1, 0]
D51[1, 0, -1, 1, 1, 1, 0]
D51[1, 0, 0, 0, 1, 1, 0]
D51[1, 0, 0, 1, 0, 1, 0]
D51[1, 0, 0, 1, 1, 0, 0]
D51[1, 0, 0, 1, 1, 1, -1]
D51[1, 0, 0, 1, 1, 1, 0]
D51[1, 1, -1, 1, 0, 1, 0]
D51[1, 1, -1, 1, 1, 1, -1]
D51[1, 1, -1, 1, 1, 1, 0]
D51[1, 1, 0, 0, 1, 1, -1]
D51[1, 1, 0, 0, 1, 1, 0]
D51[1, 1, 0, 1, 0, 0, 0]
D51[1, 1, 0, 1, 0, 1, -1]
D51[1, 1, 0, 1, 0, 1, 0]
D51[1, 1, 0, 1, 1, 0, -1]
D51[1, 1, 0, 1, 1, 0, 0]
D51[1, 1, 0, 1, 1, 1, -2]
D51[1, 1, 0, 1, 1, 1, -1]
D51[1, 1, 0, 1, 1, 1, 0]
D51[-1, 0, 1, 1, 1, 1, 0]
D51[-1, 1, 1, 1, 0, 1, 0]
D51[-1, 1, 1, 1, 1, 1, 0]
D51[0, -1, 1, 1, 1, 1, 0]
D51[0, 0, 0, 1, 1, 1, 0]
D51[0, 0, 1, 0, 1, 1, 0]
D51[0, 0, 1, 1, 0, 1, 0]
D51[0, 0, 1, 1, 1, 0, 0]
D51[0, 0, 1, 1, 1, 1, -1]
D51[0, 0, 1, 1, 1, 1, 0]
D51[0, 1, 0, 1, 0, 1, 0]
D51[0, 1, 0, 1, 1, 1, -1]
D51[0, 1, 0, 1, 1, 1, 0]
D51[0, 1, 1, 0, 1, 1, -1]
D51[0, 1, 1, 0, 1, 1, 0]
D51[0, 1, 1, 1, 0, 0, 0]
D51[0, 1, 1, 1, 0, 1, 0]
D51[0, 1, 1, 1, 1, 0, -1]
D51[0, 1, 1, 1, 1, 0, 0]
D51[0, 1, 1, 1, 1, 1, -1]
D51[0, 1, 1, 1, 1, 1, 0]
D51[1, -1, 0, 1, 1, 1, 0]
D51[1, 0, -1, 1, 1, 1, 0]
D51[1, 0, 0, 0, 1, 1, 0]
D51[1, 0, 0, 1, 0, 1, 0]
D51[1, 0, 0, 1, 1, 0, 0]
D51[1, 0, 0, 1, 1, 1, -1]
D51[1, 0, 0, 1, 1, 1, 0]
D51[1, 1, -1, 1, 0, 1, 0]
D51[1, 1, -1, 1, 1, 1, -1]
D51[1, 1, -1, 1, 1, 1, 0]
D51[1, 1, 0, 0, 1, 1, -1]
D51[1, 1, 0, 0, 1, 1, 0]
D51[1, 1, 0, 1, 0, 0, 0]
D51[1, 1, 0, 1, 0, 1, -1]
D51[1, 1, 0, 1, 0, 1, 0]
D51[1, 1, 0, 1, 1, 0, -1]
D51[1, 1, 0, 1, 1, 0, 0]
D51[1, 1, 0, 1, 1, 1, -2]
D51[1, 1, 0, 1, 1, 1, -1]
D51[1, 1, 0, 1, 1, 1, 0]
D51[-1, 1, 1, 0, 1, 1, 0]
D51[-1, 1, 1, 1, 1, 0, 0]
D51[0, 1, 0, 0, 1, 1, 0]
D51[0, 1, 0, 1, 1, 0, 0]
D51[0, 1, 1, -1, 1, 1, 0]
D51[0, 1, 1, 0, 0, 1, 0]
D51[0, 1, 1, 0, 1, 0, 0]
D51[1, 1, -1, 0, 1, 1, 0]
D51[1, 1, -1, 1, 1, 0, 0]
D51[1, 1, 0, -1, 1, 1, 0]
D51[1, 1, 0, 0, 0, 1, 0]
D51[1, 1, 0, 0, 1, 0, 0]