511 6897797599299360452 1 9
5 4 6 7 1 8 2 3 0 

510 8832972119574432628 1 8
5 4 8 2 3 6 7 1 

509 11166911643686658438 1 8
6 7 5 4 8 2 3 0 

507 9664861793792271186 1 8
5 4 3 8 0 6 7 1 

503 1775058450267159449 1 8
4 5 8 2 0 7 1 6 

495 2186542431582700839 1 8
5 6 1 7 2 8 3 0 

479 17916472606518560207 1 8
4 7 1 6 8 2 0 3 

447 13151131562431201763 1 8
7 1 4 5 8 2 0 3 

383 12633415770562270366 1 8
6 1 5 4 2 8 3 0 

255 16833533168660762621 1 8
5 4 3 0 2 6 7 1 

508 8294210771616998901 1 7
6 7 5 4 8 2 3 

506 10643058110071776735 1 7
3 8 5 4 6 7 1 

505 14980517988391454850 1 7
6 7 5 4 3 8 0 

502 5860174054885466847 1 7
8 2 4 5 7 1 6 

501 17388925414868970616 1 7
4 5 7 6 8 2 0 

499 11335358195447314153 1 7
4 5 8 0 7 1 6 

494 2409989427236745170 1 7
5 2 8 3 6 1 7 

493 4076230305224529056 1 7
5 6 7 2 8 3 0 

491 3715082858959051334 1 7
5 3 8 0 6 1 7 

487 13013097999640390753 1 7
5 2 8 0 1 6 7 

478 5674493144464294917 1 7
4 8 2 3 7 1 6 

477 12278312962691109281 1 7
4 7 6 8 2 0 3 

475 8928944356214536195 1 7
4 7 1 6 8 0 3 

471 1794499721355780529 1 7
4 8 2 0 7 1 6 

463 10543065328597878695 2 7
1 6 7 2 8 3 0 
1 7 6 2 8 3 0 

446 10451520217417409397 1 7
7 1 4 5 8 2 3 

445 18347066609729582846 1 7
7 4 5 8 2 0 3 

443 3333466543815366054 1 7
7 1 4 5 8 0 3 

439 990292480473879803 1 7
7 1 4 5 8 2 0 

431 15112548633427577848 1 7
5 1 7 2 8 3 0 

415 18357608509476448154 1 7
4 7 1 8 2 0 3 

382 13894265344102417181 1 7
6 1 5 4 2 8 3 

381 11589977568227114233 1 7
6 5 4 2 8 3 0 

379 10421615039300168778 1 7
6 1 5 4 3 8 0 

375 4851345162459825097 1 7
1 6 5 4 2 8 0 

367 17761493127431224539 1 7
5 6 1 2 8 3 0 

351 2474855322347352253 1 7
4 1 6 2 8 3 0 

319 12993407112482821080 1 7
1 5 4 2 8 3 0 

254 1307825703535101003 1 7
3 2 5 4 6 1 7 

253 5209409296618089051 1 7
6 7 5 4 3 0 2 

251 255989812072674114 1 7
3 0 5 4 6 7 1 

247 1376799099545831457 1 7
4 5 0 2 7 1 6 

239 864069221944166695 1 7
5 3 2 0 6 1 7 

223 7549166651259404371 1 7
4 7 1 6 0 3 2 

191 3252084860308651020 1 7
7 1 4 5 0 3 2 

127 13380872408373302000 1 7
6 1 5 4 3 2 0 

504 8613784794467469367 1 6
3 8 6 7 5 4 

500 16842234030309521418 1 6
8 2 4 5 7 6 

498 12818840418537957846 1 6
8 4 5 7 1 6 

497 8076853944198177825 1 6
4 5 7 6 8 0 

492 7902405246130686225 1 6
5 6 7 2 8 3 

490 14070588641801910805 1 6
5 3 8 6 1 7 

489 13115073259214938144 1 6
5 6 7 3 8 0 

486 13723447076979152369 1 6
5 2 8 1 6 7 

485 2626896129373924871 1 6
5 6 7 2 8 0 

483 13349561704393091345 1 6
5 8 0 1 6 7 

476 11001013597746631656 1 6
4 7 6 8 2 3 

474 6430365961161265243 1 6
4 8 3 7 1 6 

473 2699506672666434639 1 6
4 7 6 8 0 3 

470 3427424524475344729 1 6
4 8 2 7 1 6 

469 731076790555703517 1 6
4 7 6 8 2 0 

467 7035705946454155887 1 6
4 8 0 7 1 6 

462 6520487780564607952 2 6
2 8 3 1 7 6 
2 8 3 1 6 7 

461 1007760953129856182 2 6
6 7 2 8 3 0 
7 6 2 8 3 0 

459 14231531182404163708 2 6
1 6 7 3 8 0 
1 7 6 3 8 0 

455 12114711889193476686 2 6
2 8 0 1 7 6 
2 8 0 1 6 7 

444 15353321978433240117 1 6
7 4 5 8 2 3 

442 3898763953274035699 1 6
7 1 4 5 8 3 

441 9537477869237078600 1 6
7 4 5 8 0 3 

438 9650886074068409926 1 6
8 2 7 1 4 5 

437 7228557847914820175 1 6
7 4 5 8 2 0 

435 2637383550906168843 1 6
7 1 4 5 8 0 

430 525111337519102664 1 6
5 1 7 2 8 3 

429 5588436942094273004 2 6
5 7 2 8 3 0 
7 5 2 8 3 0 

427 7391900076008350172 1 6
5 1 7 3 8 0 

423 5241503867668781870 1 6
5 1 7 2 8 0 

414 6339106900570286642 1 6
4 7 1 8 2 3 

413 17372520862014722064 2 6
4 7 8 2 0 3 
7 4 8 2 0 3 

411 16286923941552423020 1 6
4 7 1 8 0 3 

407 16314207236418989211 1 6
4 7 1 8 2 0 

399 5676098440543783198 1 6
1 7 2 8 3 0 

380 13929096316957319127 1 6
6 5 4 2 8 3 

378 12537141348029122804 1 6
3 8 6 1 5 4 

377 6450701968803805884 1 6
6 5 4 3 8 0 

374 8724307916473905886 1 6
2 8 1 6 5 4 

373 10673498433017739196 1 6
6 5 4 2 8 0 

371 17162597291648693086 1 6
1 6 5 4 8 0 

366 6429079926936128023 1 6
5 6 1 2 8 3 

365 17524127899711784363 2 6
5 6 2 8 3 0 
6 5 2 8 3 0 

363 16957482401411578108 1 6
5 6 1 3 8 0 

359 17222512293639761203 1 6
5 1 6 2 8 0 

350 5491092867198489960 1 6
4 1 6 2 8 3 

349 5838885182387299065 2 6
4 6 2 8 3 0 
6 4 2 8 3 0 

347 16747082098850722090 1 6
4 1 6 3 8 0 

343 7521374966341566176 1 6
4 1 6 2 8 0 

335 5676098440543783198 1 6
1 6 2 8 3 0 

318 16385616240397861933 1 6
1 5 4 2 8 3 

317 5619499711740336457 2 6
4 5 2 8 3 0 
5 4 2 8 3 0 

315 1190282357357011014 1 6
1 5 4 3 8 0 

311 18151934592282881738 1 6
1 5 4 2 8 0 

303 15955934891883760079 1 6
1 5 2 8 3 0 

287 14219464251815983922 1 6
1 4 2 8 3 0 

252 13403066705423546644 1 6
3 2 6 7 5 4 

250 4368014443329709720 1 6
3 5 4 6 1 7 

249 9406376520492028796 1 6
3 0 6 7 5 4 

246 12425820855589839461 1 6
2 5 4 1 6 7 

245 5637729110557512654 1 6
4 5 7 6 0 2 

243 15149704347631153347 1 6
0 4 5 7 1 6 

238 4667058214748209604 1 6
5 3 2 6 1 7 

237 3474603954667556673 1 6
5 6 7 3 2 0 

235 15856701159945012828 1 6
5 3 0 6 1 7 

231 14066549067603044822 1 6
5 2 0 1 6 7 

222 12360324507856598045 2 6
4 3 2 1 6 7 
4 3 2 1 7 6 

221 16342528682501607279 1 6
4 7 6 0 3 2 

219 6807453642868169027 1 6
4 0 3 7 1 6 

215 16474983498335197648 1 6
4 0 2 7 1 6 

207 4387869182220081533 4 6
1 6 7 3 2 0 
1 6 7 2 3 0 
1 7 6 3 2 0 
1 7 6 2 3 0 

190 3382796426712655800 1 6
1 7 3 2 4 5 

189 7346536195563287873 1 6
7 4 5 0 3 2 

187 651637802679414565 1 6
7 1 4 5 0 3 

183 16326963698591927775 1 6
7 1 4 5 0 2 

175 3314784639250944379 1 6
5 1 7 3 2 0 

159 15510981095739790462 1 6
4 7 1 0 3 2 

126 13434656719017925154 1 6
3 2 6 1 5 4 

125 15181480230710703326 1 6
6 5 4 3 2 0 

123 1841186466098058969 1 6
3 0 6 1 5 4 

119 11403176479746493842 1 6
1 6 2 0 5 4 

111 6507576514531188642 1 6
5 6 1 3 2 0 

95 13446584676200926093 1 6
4 1 6 3 2 0 

63 10278642765641371320 1 6
1 5 4 3 2 0 

496 3376147366114011387 1 5
8 4 5 7 6 

330 16887637065766591083 1 4
1 6 3 8 

326 629424730676080141 1 4
2 8 1 6 

298 2493368047921294287 1 4
1 5 3 8 

294 6575496271642109408 1 4
1 5 2 8 

282 8826434305785536924 1 4
1 4 3 8 

278 8455842995596592324 1 4
1 4 2 8 

270 312004531566719009 1 4
1 2 8 3 

394 16887637065766591083 1 4
1 7 3 8 

267 8487419865963116326 1 4
1 3 8 0 

10 3269317066256507370 2 2
1 3 
3 1 

390 629424730676080141 1 4
2 8 1 7 

263 806383068741987557 1 4
1 2 8 0 

6 3269317066256507370 2 2
1 2 
2 1 

204 14601781128651418842 4 4
2 3 6 7 
2 3 7 6 
3 2 6 7 
3 2 7 6 

172 6941389584752475823 2 4
5 7 3 2 
7 5 3 2 

156 3999714894956762018 2 4
4 7 3 2 
7 4 3 2 

120 13539502013945635296 1 4
3 6 5 4 

116 15292750736149294559 1 4
2 6 5 4 

368 12310806452925631699 2 4
6 8 5 4 
8 6 5 4 

114 2122290114895290607 2 4
1 6 5 4 
1 6 4 5 

240 240537821967233768 4 4
4 5 6 7 
4 5 7 6 
5 4 6 7 
5 4 7 6 

113 4760299410150477251 2 4
0 6 4 5 
6 0 4 5 

370 945436628326622888 1 5
8 1 6 5 4 

108 12095564590583343552 2 4
5 6 3 2 
6 5 3 2 

360 16638035983850410603 2 4
5 6 3 8 
6 5 3 8 

103 12122915873529567278 1 5
5 1 6 2 0 

106 16098793724931542841 1 4
3 5 6 1 

232 9129185867581238466 1 4
3 5 6 7 

105 15850464669334659004 2 4
5 6 3 0 
6 5 3 0 

362 2927845244887743951 1 5
5 3 8 6 1 

356 17324293475763090215 2 4
5 6 2 8 
6 5 2 8 

99 3269247151389912925 2 4
0 5 1 6 
5 0 1 6 

102 10837325610477066715 1 4
2 5 1 6 

228 13179041754776810612 1 4
2 5 6 7 

101 2993142136874276054 2 4
5 6 2 0 
6 5 2 0 

358 16466405977354252880 1 5
5 2 8 1 6 

353 12131719549030606798 2 4
5 6 8 0 
6 5 8 0 

402 4863094211742290685 2 4
4 8 7 1 
8 4 7 1 

145 5765197338502012188 6 3
0 4 7 
0 7 4 
4 0 7 
4 7 0 
7 4 0 
7 0 4 

275 4417403783012931234 1 4
1 4 8 0 

148 13859739506501047863 2 3
2 4 7 
2 7 4 

405 7811903347386219294 2 5
4 7 8 2 0 
7 4 8 2 0 

139 17390774532299030590 1 4
1 7 3 0 

266 7991275213031091977 1 3
1 3 8 

30 947853181833727644 1 4
1 4 3 2 

216 8009449736992031641 2 4
3 4 6 7 
3 4 7 6 

89 4720961694557812365 2 4
4 6 3 0 
6 4 3 0 

346 5413029635533952317 1 5
4 1 6 3 8 

154 17305088081069376764 1 4
3 4 1 7 

27 18907988883471469 1 4
1 4 3 0 

340 16498394133952606885 2 4
4 6 2 8 
6 4 2 8 

83 8500048846402805059 2 4
0 4 1 6 
4 0 1 6 

86 6275613679823459503 1 4
2 4 1 6 

202 10123547069048875246 2 4
3 1 6 7 
3 1 7 6 

75 17390774532299030590 1 4
1 6 3 0 

104 15634552666033328851 2 3
3 5 6 
3 6 5 

361 9623615503950036634 2 5
5 6 3 8 0 
6 5 3 8 0 

88 10164275991930780276 2 3
3 4 6 
3 6 4 

345 10350908830727842645 2 5
4 6 3 8 0 
6 4 3 8 0 

201 3835889317994267247 2 4
3 0 6 7 
3 0 7 6 

458 10256390033406483070 2 5
3 8 1 7 6 
3 8 1 6 7 

74 15607129978838971647 1 3
3 1 6 

331 12998644784944210252 1 5
1 6 3 8 0 

142 11800644415024977684 2 4
1 7 3 2 
1 7 2 3 

15 5791202589742025722 2 4
1 2 3 0 
1 3 2 0 

197 3835889317994267247 2 4
2 0 6 7 
2 0 7 6 

454 5685971031524474803 2 5
2 8 1 7 6 
2 8 1 6 7 

70 15607129978838971647 1 3
2 1 6 

327 5292977628868958900 1 5
1 6 2 8 0 

56 4645042823228228365 2 3
3 4 5 
3 5 4 

313 5669411350960358770 2 5
4 5 3 8 0 
5 4 3 8 0 

291 9057189885774948332 2 4
1 5 0 8 
1 5 8 0 

164 9882395274025282474 2 3
2 5 7 
2 7 5 

421 5191195502544814447 2 5
5 7 2 8 0 
7 5 2 8 0 

46 16158760050611708171 2 4
1 5 3 2 
1 5 2 3 

400 15937913792755835727 6 3
4 7 8 
4 8 7 
7 4 8 
7 8 4 
8 7 4 
8 4 7 

143 372325013870282779 2 5
1 7 2 3 0 
1 7 3 2 0 

19 3086876153604257404 2 3
1 0 4 
1 4 0 

196 5092426695453579787 2 3
2 6 7 
2 7 6 

453 8420886820511181650 2 5
6 7 2 8 0 
7 6 2 8 0 

78 11800644415024977684 2 4
1 6 3 2 
1 6 2 3 

152 10164275991930780276 2 3
3 4 7 
3 7 4 

409 6241964280050995698 2 5
4 7 8 0 3 
7 4 8 0 3 

134 15607129978838971647 1 3
2 1 7 

391 5292977628868958900 1 5
1 7 2 8 0 

7 120318724290686755 1 3
1 2 0 

177 17218109670302664652 2 4
0 7 4 5 
7 0 4 5 

434 4674087449664225005 1 5
8 7 1 4 5 

50 4645042823228228365 2 3
1 4 5 
1 5 4 

307 8477951894597337329 1 5
1 5 4 8 0 

168 3838723531103182879 2 3
3 5 7 
3 7 5 

425 4163794371269019198 2 5
5 7 3 8 0 
7 5 3 8 0 

14 1291564374704976997 2 3
1 2 3 
1 3 2 

271 7702338994459008990 1 5
1 2 8 3 0 

11 120318724290686755 1 3
1 3 0 

138 15607129978838971647 1 3
3 1 7 

395 12998644784944210252 1 5
1 7 3 8 0 

149 5037066049187053102 2 4
4 7 0 2 
7 4 0 2 

406 2621777968958726399 1 5
4 8 2 7 1 

22 15108594179794765655 2 3
1 2 4 
2 1 4 

279 891962936990071519 1 5
1 4 2 8 0 

81 13523468837158341558 6 3
0 4 6 
0 6 4 
4 0 6 
4 6 0 
6 4 0 
6 0 4 

338 12395991507492873534 2 4
4 8 1 6 
8 4 1 6 

35 10164275991930780276 2 3
1 0 5 
1 5 0 

84 13859739506501047863 2 3
2 4 6 
2 6 4 

341 11678054505739118750 2 5
4 6 2 8 0 
6 4 2 8 0 

153 4175425717503204127 2 4
4 7 0 3 
7 4 0 3 

410 5164212646665340619 1 5
4 7 1 8 3 

26 5290535264585245079 2 3
1 3 4 
3 1 4 

283 3002002920115673621 1 5
1 4 3 8 0 

135 17390774532299030590 1 4
1 7 2 0 

262 16579262725328995098 1 3
1 2 8 

212 6949049727891548016 2 4
2 4 6 7 
2 4 7 6 

85 7188168623266680195 2 4
4 6 2 0 
6 4 2 0 

342 17567629088206166921 1 5
4 2 8 1 6 

306 9734429270219957219 1 4
1 8 5 4 

52 4645042823228228365 2 3
2 4 5 
2 5 4 

309 16051068559373924971 2 5
4 5 2 8 0 
5 4 2 8 0 

165 12665968093788076712 2 4
5 7 2 0 
7 5 2 0 

422 6390496389357602133 1 5
5 2 8 1 7 

38 824108535085612656 2 3
1 2 5 
2 1 5 

295 17269823765888867444 1 5
1 5 2 8 0 

401 12342666063458504804 2 4
4 7 8 0 
7 4 8 0 

147 15423130396003211694 2 4
0 4 7 1 
4 0 7 1 

404 12524750850643971947 2 4
4 7 8 2 
7 4 8 2 

274 15086796038802499190 2 3
1 4 8 
1 8 4 

354 1517365701736152101 2 4
5 8 1 6 
8 5 1 6 

100 15086796038802499190 2 3
2 5 6 
2 6 5 

357 1144243406477234694 2 5
5 6 2 8 0 
6 5 2 8 0 

209 3747958174322126237 2 4
0 4 7 6 
4 0 7 6 

466 17417029294194031666 2 5
4 8 7 1 6 
8 4 7 1 6 

336 913600232644286070 6 3
4 6 8 
4 8 6 
6 4 8 
6 8 4 
8 6 4 
8 4 6 

79 372325013870282779 2 5
1 6 2 3 0 
1 6 3 2 0 

169 6934620453579859533 2 4
5 7 3 0 
7 5 3 0 

426 6890304098707016217 1 5
5 1 7 3 8 

42 824108535085612656 2 3
1 3 5 
3 1 5 

299 14523802639766346485 1 5
1 5 3 8 0 

200 5092426695453579787 2 3
3 6 7 
3 7 6 

457 1577119493803519973 2 5
6 7 3 8 0 
7 6 3 8 0 

150 6275613679823459503 1 4
2 4 1 7 

23 13299203370726186861 1 4
1 4 2 0 

163 3269247151389912925 2 4
0 5 1 7 
5 0 1 7 

420 5025822251076346540 2 4
5 7 2 8 
7 5 2 8 

290 10164275991930780276 2 3
1 5 8 
1 8 5 

308 11761183322476602195 2 4
2 8 5 4 
2 8 4 5 

51 16557670604143642961 1 4
1 0 5 4 

54 9329690305937912891 2 4
1 2 5 4 
2 1 5 4 

225 8984221458600870728 4 4
0 5 6 7 
0 5 7 6 
5 0 6 7 
5 0 7 6 

482 16122851045471617715 2 5
5 8 1 6 7 
8 5 1 6 7 

352 11473083630852983955 6 3
5 6 8 
5 8 6 
6 5 8 
6 8 5 
8 6 5 
8 5 6 

184 14264657968772450644 1 4
3 7 4 5 

57 14938282910891439978 2 4
3 0 4 5 
3 0 5 4 

314 9960718205424821897 1 5
1 3 8 5 4 

166 17167147150414910103 1 4
2 5 1 7 

39 2883962192264425344 1 4
1 5 2 0 

170 17321920466835996737 1 4
3 5 1 7 

43 2883962192264425344 1 4
1 5 3 0 

178 2122290114895290607 2 4
1 7 5 4 
1 7 4 5 

180 15711118619630823394 1 4
2 7 4 5 

53 14938282910891439978 2 4
2 0 4 5 
2 0 5 4 

310 2164200934984333214 1 5
1 2 8 5 4 

312 11074727867682362109 2 4
3 8 5 4 
3 8 4 5 

55 6680561645656439537 1 5
1 2 0 5 4 

58 18346923883888787904 2 4
1 3 4 5 
3 1 4 5 

60 2431714414142321875 4 4
2 3 4 5 
2 3 5 4 
3 2 4 5 
3 2 5 4 

198 10123547069048875246 2 4
2 1 6 7 
2 1 7 6 

71 17390774532299030590 1 4
1 6 2 0 

337 9403077537020259010 2 4
4 6 0 8 
6 4 0 8 

344 5545960178099729950 2 4
4 6 3 8 
6 4 3 8 

87 15421158454373986051 1 5
4 1 6 2 0 

90 17305088081069376764 1 4
3 4 1 6 

92 3999714894956762018 2 4
4 6 3 2 
6 4 3 2 

408 6547769433914279017 2 4
4 7 8 3 
7 4 8 3 

151 1834208367001116040 1 5
4 7 1 0 2 

418 3269247151389912925 2 4
5 8 1 7 
8 5 1 7 

424 2490772691129579623 2 4
5 7 3 8 
7 5 3 8 

167 17937558229902507392 1 5
5 1 7 2 0 

432 8183367768336380090 2 4
7 8 4 5 
8 7 4 5 

452 7519386655467876052 2 4
2 8 7 6 
2 8 6 7 

456 6027717553168673322 2 4
3 8 7 6 
3 8 6 7 

199 17458451455397708235 2 5
2 0 1 6 7 
2 0 1 7 6 

464 7899305873798614610 2 4
4 8 7 6 
8 4 7 6 

480 11128798954912774548 2 4
5 8 6 7 
8 5 6 7 

31 8977637900237655528 1 5
1 4 3 2 0 

47 13550574780738989127 2 5
1 5 2 3 0 
1 5 3 2 0 

59 6664720785445749983 1 5
1 3 0 5 4 

316 3519231343448000104 2 5
4 5 2 8 3 
5 4 2 8 3 

61 16717551454501711602 4 5
4 5 3 2 0 
4 5 2 3 0 
5 4 3 2 0 
5 4 2 3 0 

62 11268271108890764600 1 5
1 3 2 4 5 

91 13828825359480693310 1 5
4 1 6 3 0 

348 1656757523927371680 2 5
4 6 2 8 3 
6 4 2 8 3 

93 1323143752628427688 2 5
4 6 3 2 0 
6 4 3 2 0 

94 760067622204355959 1 5
4 1 6 3 2 

107 13758346482669852709 1 5
5 3 0 6 1 

364 18217128058544854361 2 5
5 6 2 8 3 
6 5 2 8 3 

109 7535342970782664616 2 5
5 6 3 2 0 
6 5 3 2 0 

110 16381178239504234838 1 5
5 3 2 6 1 

115 12213077790337572345 1 5
0 1 6 5 4 

372 25144834590119563 1 5
6 2 8 5 4 

117 5998923516163794278 1 5
6 2 0 5 4 

118 13649525957662030655 1 5
2 1 6 5 4 

121 15034960207283296719 1 5
6 3 0 5 4 

122 4846964589215124967 1 5
3 6 1 5 4 

124 11457859038307299735 1 5
6 3 2 5 4 

155 4508413886724042543 1 5
4 7 1 0 3 

412 92369304067253112 2 5
4 7 8 2 3 
7 4 8 2 3 

157 3800245034525907467 2 5
4 7 0 3 2 
7 4 0 3 2 

158 760067622204355959 1 5
4 1 7 3 2 

171 4638498973413906011 1 5
5 1 7 3 0 

428 11388809520673158452 2 5
5 7 2 8 3 
7 5 2 8 3 

173 7579818551752365213 2 5
5 7 3 2 0 
7 5 3 2 0 

174 8020896002126699397 1 5
5 1 7 3 2 

179 10455054318934154600 1 5
0 7 1 4 5 

436 5260110201908588582 1 5
7 8 2 4 5 

181 17156499252873026185 1 5
7 4 5 0 2 

182 964600753407412784 1 5
2 1 7 5 4 

185 17414509064122931510 1 5
7 4 5 0 3 

186 7906202962548416333 1 5
3 1 7 4 5 

188 1643289422707799483 1 5
7 3 2 4 5 

203 17458451455397708235 2 5
3 0 1 6 7 
3 0 1 7 6 

460 4294674470809168227 2 5
6 7 2 8 3 
7 6 2 8 3 

205 18044940157603810173 4 5
6 7 3 2 0 
6 7 2 3 0 
7 6 3 2 0 
7 6 2 3 0 

206 4529676527444135075 4 5
2 3 1 6 7 
2 3 1 7 6 
3 2 1 6 7 
3 2 1 7 6 

211 14057123652669483462 2 5
0 4 7 1 6 
4 0 7 1 6 

468 2759329955773901728 1 5
4 8 2 7 6 

213 11716728198562893769 1 5
4 7 6 0 2 

214 5720304004575160426 2 5
2 4 1 6 7 
2 4 1 7 6 

217 13712100754350357513 1 5
4 7 6 0 3 

218 12047621523125962752 2 5
3 4 1 6 7 
3 4 1 7 6 

220 2152869435969517260 2 5
4 3 2 6 7 
4 3 2 7 6 

227 13510399510165856178 4 5
0 5 1 6 7 
0 5 1 7 6 
5 0 1 6 7 
5 0 1 7 6 

484 3771291458370651123 1 5
5 2 8 6 7 

229 6575454369885942015 1 5
5 2 0 6 7 

230 16999369816468987284 1 5
2 5 1 6 7 

233 7087585188222784872 1 5
5 3 0 6 7 

234 6645254938357415250 1 5
3 5 6 1 7 

236 17484977940336579272 1 5
5 3 2 6 7 

241 7572760991557215822 1 5
0 4 5 7 6 

242 18067142845783931716 4 5
4 5 1 6 7 
4 5 1 7 6 
5 4 1 6 7 
5 4 1 7 6 

244 3663156272456999170 1 5
2 5 4 6 7 

248 18167574953238129590 1 5
3 6 7 5 4 

286 9763102097756414860 1 5
1 4 2 8 3 

302 1889182821413076270 1 5
1 5 2 8 3 

334 6923770492512944989 1 5
1 6 2 8 3 

339 10366106696853300009 1 5
4 1 6 8 0 

355 8277414591830822494 1 5
5 1 6 8 0 

369 17019903516245955229 1 5
6 5 4 8 0 

376 3862793813361744617 1 5
6 3 8 5 4 

398 6923770492512944989 1 5
1 7 2 8 3 

403 13982137679400667681 1 5
4 7 1 8 0 

419 8493288599638766590 2 5
5 1 7 0 8 
5 1 7 8 0 

433 6601391294332241979 1 5
7 4 5 8 0 

440 5801091085171449573 1 5
7 4 5 8 3 

465 224414523834638444 1 5
4 7 6 8 0 

472 6758376688962087888 1 5
4 7 6 8 3 

481 886598780339750501 1 5
5 6 7 8 0 

488 11781386710170517387 1 5
5 3 8 6 7 

