0
5 54
5 54
-1 3 0 1 -1 1 -1 -1 0 4*m1^2+mm^2 
0 0 1 0 0 0 0 0 0 0 
0 1 0 0 0 0 0 0 0 0 
0 3 0 0 0 0 -1 -1 0 s+2*m1^2 
0 0 0 0 1 0 0 0 0 0 
0 0 0 0 0 1 0 0 0 0 
1 0 2 -1 0 0 0 0 -1 m1^2+mm^2-t 
-1 0 1 0 0 0 0 0 1 s+m1^2-mm^2+t 
-1 2 0 1 -1 1 -1 0 0 -s+3*m1^2+2*mm^2-t 

0
5 101
5 101
1 0 0 0 0 0 0 0 0 0 
1 -1 1 -1 0 1 1 0 -1 -2*m1^2 
0 0 1 0 0 0 0 0 0 0 
0 0 0 1 0 0 0 0 0 0 
-1 0 0 1 -1 1 1 0 0 s+m1^2+t 
0 0 0 0 0 0 1 0 0 0 
0 0 0 0 0 1 0 0 0 0 
2 0 1 -1 0 1 1 -1 -2 -s 
0 0 0 0 0 0 0 0 1 0 

0
5 105
5 105
1 0 0 0 0 0 0 0 0 0 
1 -1 1 -1 0 1 1 0 -1 -2*m1^2 
0 0 1 0 0 0 0 0 0 0 
0 0 0 1 0 0 0 0 0 0 
-1 0 0 1 -1 1 1 0 0 s+m1^2+t 
0 0 0 0 0 0 1 0 0 0 
0 0 0 0 0 1 0 0 0 0 
2 0 1 -1 0 1 1 -1 -2 -s 
0 0 0 0 0 0 0 0 1 0 

0
5 109
5 109
1 0 0 0 0 0 0 0 0 0 
1 -1 1 -1 0 1 1 0 -1 -2*m1^2 
0 0 1 0 0 0 0 0 0 0 
0 0 0 1 0 0 0 0 0 0 
-1 0 0 1 -1 1 1 0 0 s+m1^2+t 
0 0 0 0 0 0 1 0 0 0 
0 0 0 0 0 1 0 0 0 0 
2 0 1 -1 0 1 1 -1 -2 -s 
0 0 0 0 0 0 0 0 1 0 

0
5 113
5 113
0 0 0 0 0 0 1 0 0 0 
0 0 -1 1 0 0 0 0 1 -m1^2 
1 -2 0 -1 1 -1 2 1 0 -4*m1^2+2*mm^2-t 
1 0 0 -1 1 -1 1 0 0 -s-2*m1^2+2*mm^2-t 
0 0 0 0 1 0 0 0 0 0 
0 0 0 0 0 1 0 0 0 0 
1 0 0 0 0 0 0 0 0 0 
-1 0 -1 1 0 0 0 0 2 -s 
0 -1 0 0 0 0 1 1 0 s-m1^2 

0
5 145
5 145
1 0 0 0 0 0 0 0 0 0 
-1 -1 0 0 1 0 0 1 1 -2*m1^2-mm^2+t 
0 0 1 0 0 0 0 0 0 0 
0 0 0 1 0 0 0 0 0 0 
0 0 0 0 0 0 0 1 0 0 
1 0 0 -1 1 -1 0 1 0 -m1^2+t 
-2 0 -1 1 1 0 -1 1 2 -2*mm^2+2*t 
0 0 0 0 1 0 0 0 0 0 
0 0 0 0 0 0 0 0 1 0 

0
5 145
5 145
0 0 0 0 1 0 0 0 0 0 
0 1 0 0 0 0 0 0 0 0 
0 2 -1 1 0 1 -1 -1 0 s+m1^2 
0 0 0 0 0 1 0 0 0 -m1^2 
1 0 0 0 0 0 0 0 0 0 
0 0 0 1 0 0 0 0 0 m1^2 
0 0 0 0 0 0 1 0 0 0 
0 0 0 0 0 0 0 1 0 0 
1 1 0 0 1 0 0 -1 -1 m1^2+mm^2-t 

0
5 145
5 145
0 0 0 0 1 0 0 0 0 0 
2 0 0 0 0 0 0 0 -1 -m1^2 
0 2 -1 1 0 1 -1 -1 0 s+m1^2 
0 0 0 0 0 1 0 0 0 -m1^2 
0 0 0 0 0 0 0 1 0 0 
1 0 0 -1 1 -1 0 1 0 -m1^2+t 
3 0 1 -1 0 0 0 0 -2 -s 
1 0 0 0 0 0 0 0 0 0 
1 1 0 0 1 0 0 -1 -1 m1^2+mm^2-t 

0
5 145
5 145
0 0 0 0 0 0 0 1 0 0 
2 0 0 0 0 0 0 0 -1 -m1^2 
1 -2 0 -1 1 -1 1 2 0 s-4*m1^2+t 
1 0 0 -1 1 -1 0 1 0 -2*m1^2+t 
0 0 0 0 1 0 0 0 0 0 
0 0 0 0 0 1 0 0 0 0 
3 0 1 -1 0 0 0 0 -2 -s 
1 0 0 0 0 0 0 0 0 0 
0 -1 0 0 0 0 0 2 0 -m1^2 

0
5 145
5 145
0 0 0 0 0 0 0 1 0 0 
-1 -1 0 0 1 0 0 1 1 -2*m1^2-mm^2+t 
1 -2 0 -1 1 -1 1 2 0 s-4*m1^2+t 
1 0 0 -1 1 -1 0 1 0 -2*m1^2+t 
1 0 0 0 0 0 0 0 0 0 
0 0 0 1 0 0 0 0 0 m1^2 
-2 0 -1 1 1 0 -1 1 2 -2*mm^2+2*t 
0 0 0 0 1 0 0 0 0 0 
0 -1 0 0 0 0 0 2 0 -m1^2 

0
5 147
5 147
0 0 0 0 1 0 0 0 0 0 
0 1 0 0 0 0 0 0 0 0 
0 2 -1 1 0 1 -1 -1 0 s+m1^2 
0 0 0 0 0 1 0 0 0 -m1^2 
1 0 0 0 0 0 0 0 0 0 
0 0 0 1 0 0 0 0 0 m1^2 
0 0 0 0 0 0 1 0 0 0 
0 0 0 0 0 0 0 1 0 0 
1 1 0 0 1 0 0 -1 -1 m1^2+mm^2-t 

0
5 149
5 149
1 0 0 0 0 0 0 0 0 0 
-1 -1 0 0 1 0 0 1 1 -2*m1^2-mm^2+t 
0 0 1 0 0 0 0 0 0 0 
0 0 0 1 0 0 0 0 0 0 
0 0 0 0 0 0 0 1 0 0 
1 0 0 -1 1 -1 0 1 0 -m1^2+t 
-2 0 -1 1 1 0 -1 1 2 -2*mm^2+2*t 
0 0 0 0 1 0 0 0 0 0 
0 0 0 0 0 0 0 0 1 0 

0
5 153
5 153
1 0 0 0 0 0 0 0 0 0 
-1 -1 0 0 1 0 0 1 1 -2*m1^2-mm^2+t 
0 0 1 0 0 0 0 0 0 0 
0 0 0 1 0 0 0 0 0 0 
0 0 0 0 0 0 0 1 0 0 
1 0 0 -1 1 -1 0 1 0 -m1^2+t 
-2 0 -1 1 1 0 -1 1 2 -2*mm^2+2*t 
0 0 0 0 1 0 0 0 0 0 
0 0 0 0 0 0 0 0 1 0 

0
5 157
5 157
1 0 0 0 0 0 0 0 0 0 
-1 -1 0 0 1 0 0 1 1 -2*m1^2-mm^2+t 
0 0 1 0 0 0 0 0 0 0 
0 0 0 1 0 0 0 0 0 0 
0 0 0 0 0 0 0 1 0 0 
1 0 0 -1 1 -1 0 1 0 -m1^2+t 
-2 0 -1 1 1 0 -1 1 2 -2*mm^2+2*t 
0 0 0 0 1 0 0 0 0 0 
0 0 0 0 0 0 0 0 1 0 

0
5 177
5 177
0 0 0 0 0 0 0 1 0 0 
2 0 0 0 0 0 0 0 -1 -m1^2 
1 -2 0 -1 1 -1 1 2 0 s-4*m1^2+t 
1 0 0 -1 1 -1 0 1 0 -2*m1^2+t 
0 0 0 0 1 0 0 0 0 0 
0 0 0 0 0 1 0 0 0 0 
3 0 1 -1 0 0 0 0 -2 -s 
1 0 0 0 0 0 0 0 0 0 
0 -1 0 0 0 0 0 2 0 -m1^2 

0
5 196
5 196
1 0 0 0 0 0 0 0 0 0 
0 -1 0 0 0 0 1 1 0 s-2*m1^2 
0 0 1 0 0 0 0 0 0 0 
0 0 0 1 0 0 0 0 0 0 
0 0 -1 3 -1 0 1 1 0 2*s+2*m1^2 
2 0 -1 1 0 -1 1 1 0 s 
0 0 0 0 0 0 0 1 0 0 
0 0 0 0 0 0 1 0 0 0 
0 0 0 0 0 0 0 0 1 0 

0
5 197
5 197
1 0 0 0 0 0 0 0 0 0 
0 -1 0 0 0 0 1 1 0 s-2*m1^2 
0 0 1 0 0 0 0 0 0 0 
0 0 0 1 0 0 0 0 0 0 
0 0 -1 3 -1 0 1 1 0 2*s+2*m1^2 
2 0 -1 1 0 -1 1 1 0 s 
0 0 0 0 0 0 0 1 0 0 
0 0 0 0 0 0 1 0 0 0 
0 0 0 0 0 0 0 0 1 0 

1
5 198
5 198
1 0 0 0 0 0 0 0 0 0 
0 1 0 0 0 0 0 0 0 0 
0 0 1 0 0 0 0 0 0 0 
1 0 0 0 0 0 0 0 0 0 
1 0 0 0 0 0 0 0 0 0 
1 0 0 0 0 0 0 0 0 0 
0 0 0 0 0 0 0 1 0 0 
0 0 0 0 0 0 1 0 0 0 
1 0 0 0 0 0 0 0 0 0 

1
5 199
5 199
1 0 0 0 0 0 0 0 0 0 
0 1 0 0 0 0 0 0 0 0 
0 0 1 0 0 0 0 0 0 0 
0 0 0 1 0 0 0 0 0 0 
0 0 0 1 0 0 0 0 0 0 
0 0 0 1 0 0 0 0 0 0 
0 0 0 0 0 0 0 1 0 0 
0 0 0 0 0 0 1 0 0 0 
0 0 0 1 0 0 0 0 0 0 

0
5 204
5 204
1 0 0 0 0 0 0 0 0 0 
0 -1 0 0 0 0 1 1 0 s-2*m1^2 
0 0 1 0 0 0 0 0 0 0 
0 0 0 1 0 0 0 0 0 0 
0 0 -1 3 -1 0 1 1 0 2*s+2*m1^2 
2 0 -1 1 0 -1 1 1 0 s 
0 0 0 0 0 0 0 1 0 0 
0 0 0 0 0 0 1 0 0 0 
0 0 0 0 0 0 0 0 1 0 

0
5 204
5 204
-1 0 1 1 0 0 0 0 0 -s+2*m1^2+2*mm^2 
0 1 0 0 0 0 0 0 0 0 
0 0 0 1 0 0 0 0 0 0 
0 0 1 0 0 0 0 0 0 0 
0 4 1 1 -1 0 -1 -1 0 6*m1^2 
-2 4 1 3 -2 1 -1 -1 0 -s+8*m1^2+2*mm^2 
0 0 0 0 0 0 1 0 0 0 
0 0 0 0 0 0 0 1 0 0 
0 0 1 1 0 0 0 0 -1 -2*s+2*m1^2+4*mm^2-2*t 

0
5 204
5 204
-1 0 1 1 0 0 0 0 0 -s+2*m1^2+2*mm^2 
0 -1 0 0 0 0 1 1 0 s-2*m1^2 
0 0 0 1 0 0 0 0 0 0 
0 0 1 0 0 0 0 0 0 0 
0 -4 2 -2 1 0 2 2 0 2*s-4*m1^2 
0 -4 2 -2 2 -1 2 2 0 -4*m1^2+2*mm^2 
0 0 0 0 0 0 0 1 0 0 
0 0 0 0 0 0 1 0 0 0 
0 0 1 1 0 0 0 0 -1 -2*s+2*m1^2+4*mm^2-2*t 

0
5 205
5 205
1 0 0 0 0 0 0 0 0 0 
0 -1 0 0 0 0 1 1 0 s-2*m1^2 
0 0 1 0 0 0 0 0 0 0 
0 0 0 1 0 0 0 0 0 0 
0 0 -1 3 -1 0 1 1 0 2*s+2*m1^2 
2 0 -1 1 0 -1 1 1 0 s 
0 0 0 0 0 0 0 1 0 0 
0 0 0 0 0 0 1 0 0 0 
0 0 0 0 0 0 0 0 1 0 

1
5 205
5 205
1 0 0 0 0 0 0 0 0 0 
0 1 0 0 0 0 0 0 0 0 
0 0 0 1 0 0 0 0 0 0 
0 0 1 0 0 0 0 0 0 0 
0 1 0 0 0 0 0 0 0 0 
0 1 0 0 0 0 0 0 0 0 
0 0 0 0 0 0 1 0 0 0 
0 0 0 0 0 0 0 1 0 0 
0 1 0 0 0 0 0 0 0 0 

1
5 205
5 205
1 0 0 0 0 0 0 0 0 0 
0 1 0 0 0 0 0 0 0 0 
0 0 0 1 0 0 0 0 0 0 
0 0 1 0 0 0 0 0 0 0 
0 1 0 0 0 0 0 0 0 0 
0 1 0 0 0 0 0 0 0 0 
0 0 0 0 0 0 0 1 0 0 
0 0 0 0 0 0 1 0 0 0 
0 1 0 0 0 0 0 0 0 0 

0
5 206
5 206
-1 0 1 1 0 0 0 0 0 -s+2*m1^2+2*mm^2 
0 1 0 0 0 0 0 0 0 0 
0 0 0 1 0 0 0 0 0 0 
0 0 1 0 0 0 0 0 0 0 
0 4 1 1 -1 0 -1 -1 0 6*m1^2 
-2 4 1 3 -2 1 -1 -1 0 -s+8*m1^2+2*mm^2 
0 0 0 0 0 0 1 0 0 0 
0 0 0 0 0 0 0 1 0 0 
0 0 1 1 0 0 0 0 -1 -2*s+2*m1^2+4*mm^2-2*t 

1
5 206
5 206
1 0 0 0 0 0 0 0 0 0 
0 1 0 0 0 0 0 0 0 0 
0 0 1 0 0 0 0 0 0 0 
0 0 0 1 0 0 0 0 0 0 
1 0 0 0 0 0 0 0 0 0 
1 0 0 0 0 0 0 0 0 0 
0 0 0 0 0 0 0 1 0 0 
0 0 0 0 0 0 1 0 0 0 
1 0 0 0 0 0 0 0 0 0 

1
5 206
5 206
1 0 0 0 0 0 0 0 0 0 
0 1 0 0 0 0 0 0 0 0 
0 0 0 1 0 0 0 0 0 0 
0 0 1 0 0 0 0 0 0 0 
1 0 0 0 0 0 0 0 0 0 
1 0 0 0 0 0 0 0 0 0 
0 0 0 0 0 0 0 1 0 0 
0 0 0 0 0 0 1 0 0 0 
1 0 0 0 0 0 0 0 0 0 

1
5 207
5 207
1 0 0 0 0 0 0 0 0 0 
0 1 0 0 0 0 0 0 0 0 
0 0 0 1 0 0 0 0 0 0 
0 0 1 0 0 0 0 0 0 0 
0 0 0 0 1 0 0 0 0 0 
0 0 0 0 1 0 0 0 0 0 
0 0 0 0 0 0 1 0 0 0 
0 0 0 0 0 0 0 1 0 0 
0 0 0 0 1 0 0 0 0 0 

1
5 207
5 207
1 0 0 0 0 0 0 0 0 0 
0 1 0 0 0 0 0 0 0 0 
0 0 1 0 0 0 0 0 0 0 
0 0 0 1 0 0 0 0 0 0 
0 0 0 0 1 0 0 0 0 0 
0 0 0 0 1 0 0 0 0 0 
0 0 0 0 0 0 0 1 0 0 
0 0 0 0 0 0 1 0 0 0 
0 0 0 0 1 0 0 0 0 0 

1
5 207
5 207
1 0 0 0 0 0 0 0 0 0 
0 1 0 0 0 0 0 0 0 0 
0 0 0 1 0 0 0 0 0 0 
0 0 1 0 0 0 0 0 0 0 
0 0 0 0 1 0 0 0 0 0 
0 0 0 0 1 0 0 0 0 0 
0 0 0 0 0 0 0 1 0 0 
0 0 0 0 0 0 1 0 0 0 
0 0 0 0 1 0 0 0 0 0 

0
5 209
5 209
0 0 0 0 1 0 0 0 0 0 
0 1 0 0 0 0 0 0 0 0 
0 2 -1 1 0 1 -1 -1 0 s+m1^2 
0 0 0 0 0 1 0 0 0 -m1^2 
1 0 0 0 0 0 0 0 0 0 
0 0 0 1 0 0 0 0 0 m1^2 
0 0 0 0 0 0 1 0 0 0 
0 0 0 0 0 0 0 1 0 0 
1 1 0 0 1 0 0 -1 -1 m1^2+mm^2-t 

0
5 211
5 211
0 0 0 0 1 0 0 0 0 0 
0 1 0 0 0 0 0 0 0 0 
0 2 -1 1 0 1 -1 -1 0 s+m1^2 
0 0 0 0 0 1 0 0 0 -m1^2 
1 0 0 0 0 0 0 0 0 0 
0 0 0 1 0 0 0 0 0 m1^2 
0 0 0 0 0 0 1 0 0 0 
0 0 0 0 0 0 0 1 0 0 
1 1 0 0 1 0 0 -1 -1 m1^2+mm^2-t 

1
5 212
5 212
1 0 0 0 0 0 0 0 0 0 
1 0 0 0 0 0 0 0 0 0 
0 0 1 0 0 0 0 0 0 0 
1 0 0 0 0 0 0 0 0 0 
0 0 0 0 1 0 0 0 0 0 
1 0 0 0 0 0 0 0 0 0 
0 0 0 0 0 0 0 1 0 0 
0 0 0 0 0 0 1 0 0 0 
1 0 0 0 0 0 0 0 0 0 

1
5 214
5 214
1 0 0 0 0 0 0 0 0 0 
0 1 0 0 0 0 0 0 0 0 
0 0 1 0 0 0 0 0 0 0 
1 0 0 0 0 0 0 0 0 0 
0 0 0 0 1 0 0 0 0 0 
1 0 0 0 0 0 0 0 0 0 
0 0 0 0 0 0 0 1 0 0 
0 0 0 0 0 0 1 0 0 0 
1 0 0 0 0 0 0 0 0 0 

1
5 216
5 216
1 0 0 0 0 0 0 0 0 0 
1 0 0 0 0 0 0 0 0 0 
1 0 0 0 0 0 0 0 0 0 
0 0 0 1 0 0 0 0 0 0 
0 0 0 0 1 0 0 0 0 0 
1 0 0 0 0 0 0 0 0 0 
0 0 0 0 0 0 0 1 0 0 
0 0 0 0 0 0 1 0 0 0 
1 0 0 0 0 0 0 0 0 0 

1
5 218
5 218
1 0 0 0 0 0 0 0 0 0 
0 1 0 0 0 0 0 0 0 0 
1 0 0 0 0 0 0 0 0 0 
0 0 0 1 0 0 0 0 0 0 
0 0 0 0 1 0 0 0 0 0 
1 0 0 0 0 0 0 0 0 0 
0 0 0 0 0 0 0 1 0 0 
0 0 0 0 0 0 1 0 0 0 
1 0 0 0 0 0 0 0 0 0 

1
5 220
5 220
1 0 0 0 0 0 0 0 0 0 
1 0 0 0 0 0 0 0 0 0 
0 0 1 0 0 0 0 0 0 0 
0 0 0 1 0 0 0 0 0 0 
0 0 0 0 1 0 0 0 0 0 
1 0 0 0 0 0 0 0 0 0 
0 0 0 0 0 0 0 1 0 0 
0 0 0 0 0 0 1 0 0 0 
1 0 0 0 0 0 0 0 0 0 

1
5 222
5 222
1 0 0 0 0 0 0 0 0 0 
0 1 0 0 0 0 0 0 0 0 
0 0 1 0 0 0 0 0 0 0 
0 0 0 1 0 0 0 0 0 0 
0 0 0 0 1 0 0 0 0 0 
1 0 0 0 0 0 0 0 0 0 
0 0 0 0 0 0 0 1 0 0 
0 0 0 0 0 0 1 0 0 0 
1 0 0 0 0 0 0 0 0 0 

0
5 225
5 225
0 0 0 0 0 1 0 0 0 0 
0 1 0 0 0 0 0 0 0 0 
0 2 -1 1 -1 2 -1 -1 0 m1^2+2*mm^2 
0 0 0 0 -1 2 0 0 0 -m1^2+2*mm^2 
2 0 0 -1 0 0 0 0 0 -m1^2+2*mm^2 
1 0 0 0 0 0 0 0 0 0 
0 0 0 0 0 0 1 0 0 0 
0 0 0 0 0 0 0 1 0 0 
1 1 0 0 0 1 0 -1 -1 m1^2 

1
5 225
5 225
1 0 0 0 0 0 0 0 0 0 
0 1 0 0 0 0 0 0 0 0 
0 1 0 0 0 0 0 0 0 0 
0 1 0 0 0 0 0 0 0 0 
0 1 0 0 0 0 0 0 0 0 
0 0 0 0 0 1 0 0 0 0 
0 0 0 0 0 0 0 1 0 0 
0 0 0 0 0 0 1 0 0 0 
0 1 0 0 0 0 0 0 0 0 

1
5 225
5 225
0 0 0 0 0 1 0 0 0 0 
0 1 0 0 0 0 0 0 0 0 
0 1 0 0 0 0 0 0 0 0 
0 1 0 0 0 0 0 0 0 0 
0 1 0 0 0 0 0 0 0 0 
1 0 0 0 0 0 0 0 0 0 
0 0 0 0 0 0 0 1 0 0 
0 0 0 0 0 0 1 0 0 0 
0 1 0 0 0 0 0 0 0 0 

0
5 227
5 227
0 0 0 0 0 1 0 0 0 0 
0 1 0 0 0 0 0 0 0 0 
0 2 -1 1 -1 2 -1 -1 0 m1^2+2*mm^2 
0 0 0 0 -1 2 0 0 0 -m1^2+2*mm^2 
2 0 0 -1 0 0 0 0 0 -m1^2+2*mm^2 
1 0 0 0 0 0 0 0 0 0 
0 0 0 0 0 0 1 0 0 0 
0 0 0 0 0 0 0 1 0 0 
1 1 0 0 0 1 0 -1 -1 m1^2 

1
5 227
5 227
1 0 0 0 0 0 0 0 0 0 
0 1 0 0 0 0 0 0 0 0 
0 0 1 0 0 0 0 0 0 0 
0 0 1 0 0 0 0 0 0 0 
0 0 1 0 0 0 0 0 0 0 
0 0 0 0 0 1 0 0 0 0 
0 0 0 0 0 0 0 1 0 0 
0 0 0 0 0 0 1 0 0 0 
0 0 1 0 0 0 0 0 0 0 

1
5 227
5 227
0 0 0 0 0 1 0 0 0 0 
0 1 0 0 0 0 0 0 0 0 
0 0 1 0 0 0 0 0 0 0 
0 0 1 0 0 0 0 0 0 0 
0 0 1 0 0 0 0 0 0 0 
1 0 0 0 0 0 0 0 0 0 
0 0 0 0 0 0 0 1 0 0 
0 0 0 0 0 0 1 0 0 0 
0 0 1 0 0 0 0 0 0 0 

0
5 240
5 240
-1 -2 1 -1 0 2 2 2 0 s-2*m1^2 
0 -1 0 0 0 0 1 1 0 s-2*m1^2 
0 -6 2 -3 2 0 4 4 0 2*s-8*m1^2 
0 -2 1 -2 2 0 2 2 0 -4*m1^2 
0 0 0 0 1 0 0 0 0 0 
0 0 0 0 0 1 0 0 0 0 
0 0 0 0 0 0 0 1 0 0 
0 0 0 0 0 0 1 0 0 0 
-2 -4 1 -1 0 2 2 4 1 2*s-4*m1^2 

0
5 240
5 240
0 2 0 -1 2 0 0 0 0 m1^2 
0 1 0 0 0 0 0 0 0 0 
-1 6 -1 1 0 2 -2 -2 0 s+5*m1^2 
-1 2 0 0 0 2 0 0 0 m1^2 
0 0 0 0 0 1 0 0 0 0 
0 0 0 0 1 0 0 0 0 0 
0 0 0 0 0 0 1 0 0 0 
0 0 0 0 0 0 0 1 0 0 
1 4 0 -1 2 0 0 -2 -1 3*m1^2+mm^2-t 

0
5 240
5 240
0 0 -1 2 0 0 0 0 0 2*s+m1^2 
0 -1 0 0 0 0 1 1 0 s-2*m1^2 
1 0 -2 2 0 0 0 0 0 4*s-m1^2 
1 0 -1 1 0 0 0 0 0 s-m1^2 
0 0 0 0 0 1 0 0 0 0 
0 0 0 0 1 0 0 0 0 0 
0 0 0 0 0 0 0 1 0 0 
0 0 0 0 0 0 1 0 0 0 
1 0 -1 2 0 0 0 0 -1 3*s+m1^2+mm^2-t 

0
5 242
5 242
0 2 0 -1 2 0 0 0 0 m1^2 
0 1 0 0 0 0 0 0 0 0 
-1 6 -1 1 0 2 -2 -2 0 s+5*m1^2 
-1 2 0 0 0 2 0 0 0 m1^2 
0 0 0 0 0 1 0 0 0 0 
0 0 0 0 1 0 0 0 0 0 
0 0 0 0 0 0 1 0 0 0 
0 0 0 0 0 0 0 1 0 0 
1 4 0 -1 2 0 0 -2 -1 3*m1^2+mm^2-t 

1
5 242
5 242
1 0 0 0 0 0 0 0 0 0 
0 1 0 0 0 0 0 0 0 0 
1 0 0 0 0 0 0 0 0 0 
1 0 0 0 0 0 0 0 0 0 
0 0 0 0 1 0 0 0 0 0 
0 0 0 0 0 1 0 0 0 0 
0 0 0 0 0 0 0 1 0 0 
0 0 0 0 0 0 1 0 0 0 
1 0 0 0 0 0 0 0 0 0 

1
5 242
5 242
1 0 0 0 0 0 0 0 0 0 
0 1 0 0 0 0 0 0 0 0 
1 0 0 0 0 0 0 0 0 0 
1 0 0 0 0 0 0 0 0 0 
0 0 0 0 0 1 0 0 0 0 
0 0 0 0 1 0 0 0 0 0 
0 0 0 0 0 0 0 1 0 0 
0 0 0 0 0 0 1 0 0 0 
1 0 0 0 0 0 0 0 0 0 

0
5 336
5 336
0 1 0 0 0 0 1 -1 0 -s+m1^2 
-1 0 -1 1 0 0 0 0 2 -s-m1^2 
1 -1 0 -1 1 -1 2 0 0 -2*s-3*m1^2+3*mm^2-2*t 
1 1 0 -1 1 -1 1 -1 0 -2*s-m1^2+3*mm^2-2*t 
0 0 0 0 1 0 0 0 0 0 
0 0 0 0 0 1 0 0 0 0 
0 0 0 0 0 0 0 0 1 0 
-2 0 -1 1 0 0 0 0 3 -2*s 
0 0 0 0 0 0 1 0 0 0 

0
5 336
5 336
1 0 0 0 0 0 0 0 0 0 
1 -1 1 -1 1 0 1 0 -1 -s-2*m1^2+mm^2-t 
0 0 1 0 0 0 0 0 0 0 
0 0 0 1 0 0 0 0 0 0 
0 0 0 0 0 0 1 0 0 0 
1 0 0 -1 1 -1 1 0 0 -s-m1^2+2*mm^2-t 
0 0 0 0 1 0 0 0 0 0 
2 0 1 -1 1 0 1 -1 -2 -2*s+2*mm^2-2*t 
0 0 0 0 0 0 0 0 1 0 

0
5 336
5 336
-1 -1 0 0 1 0 0 1 1 -m1^2-mm^2+t 
-1 0 -1 1 0 0 0 0 2 -s-m1^2 
-1 1 -1 1 0 1 -1 0 1 0 
-1 -1 0 0 0 1 0 1 1 -2*m1^2 
0 0 0 0 0 0 1 0 0 0 
1 0 0 -1 1 -1 1 0 0 -s-m1^2+2*mm^2-t 
0 0 0 0 0 0 0 0 1 0 
-2 0 -1 1 0 0 0 0 3 -2*s 
0 0 0 0 1 0 0 0 0 0 

0
5 336
5 336
-1 -1 0 0 1 0 0 1 1 -m1^2-mm^2+t 
0 1 0 0 0 0 0 0 0 0 
-1 1 -1 1 0 1 -1 0 1 0 
-1 -1 0 0 0 1 0 1 1 -2*m1^2 
0 0 0 0 0 0 0 0 1 0 
-1 0 0 1 0 0 0 0 1 m1^2-mm^2+t 
0 0 0 0 0 0 1 0 0 0 
0 0 0 0 0 0 0 1 0 0 
0 0 0 0 1 0 0 0 0 0 

0
5 336
5 336
0 1 0 0 0 0 1 -1 0 -s+m1^2 
1 -1 1 -1 1 0 1 0 -1 -s-2*m1^2+mm^2-t 
1 -1 0 -1 1 -1 2 0 0 -2*s-3*m1^2+3*mm^2-2*t 
1 1 0 -1 1 -1 1 -1 0 -2*s-m1^2+3*mm^2-2*t 
0 0 0 0 0 0 0 0 1 0 
-1 0 0 1 0 0 0 0 1 m1^2-mm^2+t 
0 0 0 0 1 0 0 0 0 0 
2 0 1 -1 1 0 1 -1 -2 -2*s+2*mm^2-2*t 
0 0 0 0 0 0 1 0 0 0 

0
5 337
5 337
1 0 0 0 0 0 0 0 0 0 
1 -1 1 -1 1 0 1 0 -1 -s-2*m1^2+mm^2-t 
0 0 1 0 0 0 0 0 0 0 
0 0 0 1 0 0 0 0 0 0 
0 0 0 0 0 0 1 0 0 0 
1 0 0 -1 1 -1 1 0 0 -s-m1^2+2*mm^2-t 
0 0 0 0 1 0 0 0 0 0 
2 0 1 -1 1 0 1 -1 -2 -2*s+2*mm^2-2*t 
0 0 0 0 0 0 0 0 1 0 

0
5 338
5 338
-1 -1 0 0 1 0 0 1 1 -m1^2-mm^2+t 
0 1 0 0 0 0 0 0 0 0 
-1 1 -1 1 0 1 -1 0 1 0 
-1 -1 0 0 0 1 0 1 1 -2*m1^2 
0 0 0 0 0 0 0 0 1 0 
-1 0 0 1 0 0 0 0 1 m1^2-mm^2+t 
0 0 0 0 0 0 1 0 0 0 
0 0 0 0 0 0 0 1 0 0 
0 0 0 0 1 0 0 0 0 0 

0
5 340
5 340
1 0 0 0 0 0 0 0 0 0 
1 -1 1 -1 1 0 1 0 -1 -s-2*m1^2+mm^2-t 
0 0 1 0 0 0 0 0 0 0 
0 0 0 1 0 0 0 0 0 0 
0 0 0 0 0 0 1 0 0 0 
1 0 0 -1 1 -1 1 0 0 -s-m1^2+2*mm^2-t 
0 0 0 0 1 0 0 0 0 0 
2 0 1 -1 1 0 1 -1 -2 -2*s+2*mm^2-2*t 
0 0 0 0 0 0 0 0 1 0 

0
5 341
5 341
1 0 0 0 0 0 0 0 0 0 
1 -1 1 -1 1 0 1 0 -1 -s-2*m1^2+mm^2-t 
0 0 1 0 0 0 0 0 0 0 
0 0 0 1 0 0 0 0 0 0 
0 0 0 0 0 0 1 0 0 0 
1 0 0 -1 1 -1 1 0 0 -s-m1^2+2*mm^2-t 
0 0 0 0 1 0 0 0 0 0 
2 0 1 -1 1 0 1 -1 -2 -2*s+2*mm^2-2*t 
0 0 0 0 0 0 0 0 1 0 

0
5 344
5 344
1 0 0 0 0 0 0 0 0 0 
1 -1 1 -1 1 0 1 0 -1 -s-2*m1^2+mm^2-t 
0 0 1 0 0 0 0 0 0 0 
0 0 0 1 0 0 0 0 0 0 
0 0 0 0 0 0 1 0 0 0 
1 0 0 -1 1 -1 1 0 0 -s-m1^2+2*mm^2-t 
0 0 0 0 1 0 0 0 0 0 
2 0 1 -1 1 0 1 -1 -2 -2*s+2*mm^2-2*t 
0 0 0 0 0 0 0 0 1 0 

0
5 345
5 345
1 0 0 0 0 0 0 0 0 0 
1 -1 1 -1 1 0 1 0 -1 -s-2*m1^2+mm^2-t 
0 0 1 0 0 0 0 0 0 0 
0 0 0 1 0 0 0 0 0 0 
0 0 0 0 0 0 1 0 0 0 
1 0 0 -1 1 -1 1 0 0 -s-m1^2+2*mm^2-t 
0 0 0 0 1 0 0 0 0 0 
2 0 1 -1 1 0 1 -1 -2 -2*s+2*mm^2-2*t 
0 0 0 0 0 0 0 0 1 0 

0
5 348
5 348
1 0 0 0 0 0 0 0 0 0 
1 -1 1 -1 1 0 1 0 -1 -s-2*m1^2+mm^2-t 
0 0 1 0 0 0 0 0 0 0 
0 0 0 1 0 0 0 0 0 0 
0 0 0 0 0 0 1 0 0 0 
1 0 0 -1 1 -1 1 0 0 -s-m1^2+2*mm^2-t 
0 0 0 0 1 0 0 0 0 0 
2 0 1 -1 1 0 1 -1 -2 -2*s+2*mm^2-2*t 
0 0 0 0 0 0 0 0 1 0 

0
5 349
5 349
1 0 0 0 0 0 0 0 0 0 
1 -1 1 -1 1 0 1 0 -1 -s-2*m1^2+mm^2-t 
0 0 1 0 0 0 0 0 0 0 
0 0 0 1 0 0 0 0 0 0 
0 0 0 0 0 0 1 0 0 0 
1 0 0 -1 1 -1 1 0 0 -s-m1^2+2*mm^2-t 
0 0 0 0 1 0 0 0 0 0 
2 0 1 -1 1 0 1 -1 -2 -2*s+2*mm^2-2*t 
0 0 0 0 0 0 0 0 1 0 

0
5 356
5 356
1 0 0 0 0 0 0 0 0 0 
1 -1 1 -1 0 1 1 0 -1 -2*m1^2 
0 0 1 0 0 0 0 0 0 0 
0 0 0 1 0 0 0 0 0 0 
-1 0 0 1 -1 1 1 0 0 s+m1^2+t 
0 0 0 0 0 0 1 0 0 0 
0 0 0 0 0 1 0 0 0 0 
2 0 1 -1 0 1 1 -1 -2 -s 
0 0 0 0 0 0 0 0 1 0 

0
5 357
5 357
1 0 0 0 0 0 0 0 0 0 
1 -1 1 -1 0 1 1 0 -1 -2*m1^2 
0 0 1 0 0 0 0 0 0 0 
0 0 0 1 0 0 0 0 0 0 
-1 0 0 1 -1 1 1 0 0 s+m1^2+t 
0 0 0 0 0 0 1 0 0 0 
0 0 0 0 0 1 0 0 0 0 
2 0 1 -1 0 1 1 -1 -2 -s 
0 0 0 0 0 0 0 0 1 0 

0
5 360
5 360
1 0 0 0 0 0 0 0 0 0 
1 -1 1 -1 0 1 1 0 -1 -2*m1^2 
0 0 1 0 0 0 0 0 0 0 
0 0 0 1 0 0 0 0 0 0 
-1 0 0 1 -1 1 1 0 0 s+m1^2+t 
0 0 0 0 0 0 1 0 0 0 
0 0 0 0 0 1 0 0 0 0 
2 0 1 -1 0 1 1 -1 -2 -s 
0 0 0 0 0 0 0 0 1 0 

0
5 361
5 361
1 0 0 0 0 0 0 0 0 0 
1 -1 1 -1 0 1 1 0 -1 -2*m1^2 
0 0 1 0 0 0 0 0 0 0 
0 0 0 1 0 0 0 0 0 0 
-1 0 0 1 -1 1 1 0 0 s+m1^2+t 
0 0 0 0 0 0 1 0 0 0 
0 0 0 0 0 1 0 0 0 0 
2 0 1 -1 0 1 1 -1 -2 -s 
0 0 0 0 0 0 0 0 1 0 

0
5 364
5 364
1 0 0 0 0 0 0 0 0 0 
1 -1 1 -1 0 1 1 0 -1 -2*m1^2 
0 0 1 0 0 0 0 0 0 0 
0 0 0 1 0 0 0 0 0 0 
-1 0 0 1 -1 1 1 0 0 s+m1^2+t 
0 0 0 0 0 0 1 0 0 0 
0 0 0 0 0 1 0 0 0 0 
2 0 1 -1 0 1 1 -1 -2 -s 
0 0 0 0 0 0 0 0 1 0 

0
5 365
5 365
1 0 0 0 0 0 0 0 0 0 
1 -1 1 -1 0 1 1 0 -1 -2*m1^2 
0 0 1 0 0 0 0 0 0 0 
0 0 0 1 0 0 0 0 0 0 
-1 0 0 1 -1 1 1 0 0 s+m1^2+t 
0 0 0 0 0 0 1 0 0 0 
0 0 0 0 0 1 0 0 0 0 
2 0 1 -1 0 1 1 -1 -2 -s 
0 0 0 0 0 0 0 0 1 0 

0
5 368
5 368
0 1 0 0 0 0 1 -1 0 -s+m1^2 
-1 0 -1 1 0 0 0 0 2 -s-m1^2 
1 -1 0 -1 1 -1 2 0 0 -2*s-3*m1^2+3*mm^2-2*t 
1 1 0 -1 1 -1 1 -1 0 -2*s-m1^2+3*mm^2-2*t 
0 0 0 0 1 0 0 0 0 0 
0 0 0 0 0 1 0 0 0 0 
0 0 0 0 0 0 0 0 1 0 
-2 0 -1 1 0 0 0 0 3 -2*s 
0 0 0 0 0 0 1 0 0 0 

0
5 400
5 400
0 1 0 0 0 0 0 0 0 m1^2 
1 0 0 0 0 0 0 0 0 -m1^2 
1 -1 0 -1 1 -1 1 1 0 -3*m1^2+mm^2 
1 1 0 -1 1 -1 0 0 0 -m1^2+mm^2 
0 0 0 0 1 0 0 0 0 0 
0 0 0 0 0 1 0 0 0 0 
2 0 1 -1 0 0 0 0 -1 0 
0 0 0 0 0 0 0 0 1 0 
0 0 0 0 0 0 0 1 0 0 

0
5 400
5 400
1 0 0 0 0 0 0 0 0 0 
-1 -1 0 0 1 0 0 1 1 -2*m1^2-mm^2+t 
0 0 1 0 0 0 0 0 0 0 
0 0 0 1 0 0 0 0 0 0 
0 0 0 0 0 0 0 1 0 0 
1 0 0 -1 1 -1 0 1 0 -m1^2+t 
-2 0 -1 1 1 0 -1 1 2 -2*mm^2+2*t 
0 0 0 0 1 0 0 0 0 0 
0 0 0 0 0 0 0 0 1 0 

0
5 400
5 400
-1 -1 0 0 1 0 0 1 1 -m1^2-mm^2+t 
1 0 0 0 0 0 0 0 0 -m1^2 
-1 1 -1 1 0 1 -1 0 1 0 
-1 -1 0 0 0 1 0 1 1 -2*m1^2 
0 0 0 0 0 0 0 1 0 0 
1 0 0 -1 1 -1 0 1 0 -m1^2+t 
2 0 1 -1 0 0 0 0 -1 0 
0 0 0 0 0 0 0 0 1 0 
0 0 0 0 1 0 0 0 0 0 

0
5 400
5 400
-1 -1 0 0 1 0 0 1 1 -m1^2-mm^2+t 
0 1 0 0 0 0 0 0 0 0 
-1 1 -1 1 0 1 -1 0 1 0 
-1 -1 0 0 0 1 0 1 1 -2*m1^2 
0 0 0 0 0 0 0 0 1 0 
-1 0 0 1 0 0 0 0 1 m1^2-mm^2+t 
0 0 0 0 0 0 1 0 0 0 
0 0 0 0 0 0 0 1 0 0 
0 0 0 0 1 0 0 0 0 0 

0
5 400
5 400
0 1 0 0 0 0 0 0 0 m1^2 
-1 -1 0 0 1 0 0 1 1 -2*m1^2-mm^2+t 
1 -1 0 -1 1 -1 1 1 0 -3*m1^2+mm^2 
1 1 0 -1 1 -1 0 0 0 -m1^2+mm^2 
0 0 0 0 0 0 0 0 1 0 
-1 0 0 1 0 0 0 0 1 m1^2-mm^2+t 
-2 0 -1 1 1 0 -1 1 2 -2*mm^2+2*t 
0 0 0 0 1 0 0 0 0 0 
0 0 0 0 0 0 0 1 0 0 

0
5 401
5 401
1 0 0 0 0 0 0 0 0 0 
-1 -1 0 0 1 0 0 1 1 -2*m1^2-mm^2+t 
0 0 1 0 0 0 0 0 0 0 
0 0 0 1 0 0 0 0 0 0 
0 0 0 0 0 0 0 1 0 0 
1 0 0 -1 1 -1 0 1 0 -m1^2+t 
-2 0 -1 1 1 0 -1 1 2 -2*mm^2+2*t 
0 0 0 0 1 0 0 0 0 0 
0 0 0 0 0 0 0 0 1 0 

0
5 402
5 402
-1 -1 0 0 1 0 0 1 1 -m1^2-mm^2+t 
0 1 0 0 0 0 0 0 0 0 
-1 1 -1 1 0 1 -1 0 1 0 
-1 -1 0 0 0 1 0 1 1 -2*m1^2 
0 0 0 0 0 0 0 0 1 0 
-1 0 0 1 0 0 0 0 1 m1^2-mm^2+t 
0 0 0 0 0 0 1 0 0 0 
0 0 0 0 0 0 0 1 0 0 
0 0 0 0 1 0 0 0 0 0 

0
5 404
5 404
1 0 0 0 0 0 0 0 0 0 
-1 -1 0 0 1 0 0 1 1 -2*m1^2-mm^2+t 
0 0 1 0 0 0 0 0 0 0 
0 0 0 1 0 0 0 0 0 0 
0 0 0 0 0 0 0 1 0 0 
1 0 0 -1 1 -1 0 1 0 -m1^2+t 
-2 0 -1 1 1 0 -1 1 2 -2*mm^2+2*t 
0 0 0 0 1 0 0 0 0 0 
0 0 0 0 0 0 0 0 1 0 

0
5 405
5 405
1 0 0 0 0 0 0 0 0 0 
-1 -1 0 0 1 0 0 1 1 -2*m1^2-mm^2+t 
0 0 1 0 0 0 0 0 0 0 
0 0 0 1 0 0 0 0 0 0 
0 0 0 0 0 0 0 1 0 0 
1 0 0 -1 1 -1 0 1 0 -m1^2+t 
-2 0 -1 1 1 0 -1 1 2 -2*mm^2+2*t 
0 0 0 0 1 0 0 0 0 0 
0 0 0 0 0 0 0 0 1 0 

0
5 408
5 408
1 0 0 0 0 0 0 0 0 0 
-1 -1 0 0 1 0 0 1 1 -2*m1^2-mm^2+t 
0 0 1 0 0 0 0 0 0 0 
0 0 0 1 0 0 0 0 0 0 
0 0 0 0 0 0 0 1 0 0 
1 0 0 -1 1 -1 0 1 0 -m1^2+t 
-2 0 -1 1 1 0 -1 1 2 -2*mm^2+2*t 
0 0 0 0 1 0 0 0 0 0 
0 0 0 0 0 0 0 0 1 0 

0
5 409
5 409
1 0 0 0 0 0 0 0 0 0 
-1 -1 0 0 1 0 0 1 1 -2*m1^2-mm^2+t 
0 0 1 0 0 0 0 0 0 0 
0 0 0 1 0 0 0 0 0 0 
0 0 0 0 0 0 0 1 0 0 
1 0 0 -1 1 -1 0 1 0 -m1^2+t 
-2 0 -1 1 1 0 -1 1 2 -2*mm^2+2*t 
0 0 0 0 1 0 0 0 0 0 
0 0 0 0 0 0 0 0 1 0 

0
5 412
5 412
1 0 0 0 0 0 0 0 0 0 
-1 -1 0 0 1 0 0 1 1 -2*m1^2-mm^2+t 
0 0 1 0 0 0 0 0 0 0 
0 0 0 1 0 0 0 0 0 0 
0 0 0 0 0 0 0 1 0 0 
1 0 0 -1 1 -1 0 1 0 -m1^2+t 
-2 0 -1 1 1 0 -1 1 2 -2*mm^2+2*t 
0 0 0 0 1 0 0 0 0 0 
0 0 0 0 0 0 0 0 1 0 

0
5 413
5 413
1 0 0 0 0 0 0 0 0 0 
-1 -1 0 0 1 0 0 1 1 -2*m1^2-mm^2+t 
0 0 1 0 0 0 0 0 0 0 
0 0 0 1 0 0 0 0 0 0 
0 0 0 0 0 0 0 1 0 0 
1 0 0 -1 1 -1 0 1 0 -m1^2+t 
-2 0 -1 1 1 0 -1 1 2 -2*mm^2+2*t 
0 0 0 0 1 0 0 0 0 0 
0 0 0 0 0 0 0 0 1 0 

1
5 419
5 419
0 0 0 0 0 0 0 0 1 0 
0 1 0 0 0 0 0 0 0 0 
0 0 1 0 0 0 0 0 0 0 
0 0 1 0 0 0 0 0 0 0 
0 0 1 0 0 0 0 0 0 0 
0 0 0 0 0 1 0 0 0 0 
0 0 1 0 0 0 0 0 0 0 
0 0 0 0 0 0 0 1 0 0 
1 0 0 0 0 0 0 0 0 0 

0
5 420
5 420
1 0 0 0 0 0 0 0 0 0 
-1 -1 0 0 0 1 0 1 1 -2*m1^2 
0 0 1 0 0 0 0 0 0 0 
0 0 0 1 0 0 0 0 0 0 
-1 0 0 1 -1 1 0 1 0 m1^2+2*mm^2-t 
0 0 0 0 0 0 0 1 0 0 
-2 0 -1 1 0 1 -1 1 2 -s 
0 0 0 0 0 1 0 0 0 0 
0 0 0 0 0 0 0 0 1 0 

0
5 421
5 421
1 0 0 0 0 0 0 0 0 0 
-1 -1 0 0 0 1 0 1 1 -2*m1^2 
0 0 1 0 0 0 0 0 0 0 
0 0 0 1 0 0 0 0 0 0 
-1 0 0 1 -1 1 0 1 0 m1^2+2*mm^2-t 
0 0 0 0 0 0 0 1 0 0 
-2 0 -1 1 0 1 -1 1 2 -s 
0 0 0 0 0 1 0 0 0 0 
0 0 0 0 0 0 0 0 1 0 

0
5 424
5 424
1 0 0 0 0 0 0 0 0 0 
-1 -1 0 0 0 1 0 1 1 -2*m1^2 
0 0 1 0 0 0 0 0 0 0 
0 0 0 1 0 0 0 0 0 0 
-1 0 0 1 -1 1 0 1 0 m1^2+2*mm^2-t 
0 0 0 0 0 0 0 1 0 0 
-2 0 -1 1 0 1 -1 1 2 -s 
0 0 0 0 0 1 0 0 0 0 
0 0 0 0 0 0 0 0 1 0 

0
5 425
5 425
1 0 0 0 0 0 0 0 0 0 
-1 -1 0 0 0 1 0 1 1 -2*m1^2 
0 0 1 0 0 0 0 0 0 0 
0 0 0 1 0 0 0 0 0 0 
-1 0 0 1 -1 1 0 1 0 m1^2+2*mm^2-t 
0 0 0 0 0 0 0 1 0 0 
-2 0 -1 1 0 1 -1 1 2 -s 
0 0 0 0 0 1 0 0 0 0 
0 0 0 0 0 0 0 0 1 0 

0
5 428
5 428
1 0 0 0 0 0 0 0 0 0 
-1 -1 0 0 0 1 0 1 1 -2*m1^2 
0 0 1 0 0 0 0 0 0 0 
0 0 0 1 0 0 0 0 0 0 
-1 0 0 1 -1 1 0 1 0 m1^2+2*mm^2-t 
0 0 0 0 0 0 0 1 0 0 
-2 0 -1 1 0 1 -1 1 2 -s 
0 0 0 0 0 1 0 0 0 0 
0 0 0 0 0 0 0 0 1 0 

0
5 429
5 429
1 0 0 0 0 0 0 0 0 0 
-1 -1 0 0 0 1 0 1 1 -2*m1^2 
0 0 1 0 0 0 0 0 0 0 
0 0 0 1 0 0 0 0 0 0 
-1 0 0 1 -1 1 0 1 0 m1^2+2*mm^2-t 
0 0 0 0 0 0 0 1 0 0 
-2 0 -1 1 0 1 -1 1 2 -s 
0 0 0 0 0 1 0 0 0 0 
0 0 0 0 0 0 0 0 1 0 

0
5 432
5 432
0 1 0 0 0 0 0 0 0 m1^2 
1 0 0 0 0 0 0 0 0 -m1^2 
1 -1 0 -1 1 -1 1 1 0 -3*m1^2+mm^2 
1 1 0 -1 1 -1 0 0 0 -m1^2+mm^2 
0 0 0 0 1 0 0 0 0 0 
0 0 0 0 0 1 0 0 0 0 
2 0 1 -1 0 0 0 0 -1 0 
0 0 0 0 0 0 0 0 1 0 
0 0 0 0 0 0 0 1 0 0 

0
5 452
5 452
1 0 0 0 0 0 0 0 0 0 
0 -1 0 0 0 0 1 1 0 s-2*m1^2 
0 0 1 0 0 0 0 0 0 0 
0 0 0 1 0 0 0 0 0 0 
0 0 -1 3 -1 0 1 1 0 2*s+2*m1^2 
2 0 -1 1 0 -1 1 1 0 s 
0 0 0 0 0 0 0 1 0 0 
0 0 0 0 0 0 1 0 0 0 
0 0 0 0 0 0 0 0 1 0 

0
5 453
5 453
1 0 0 0 0 0 0 0 0 0 
0 -1 0 0 0 0 1 1 0 s-2*m1^2 
0 0 1 0 0 0 0 0 0 0 
0 0 0 1 0 0 0 0 0 0 
0 0 -1 3 -1 0 1 1 0 2*s+2*m1^2 
2 0 -1 1 0 -1 1 1 0 s 
0 0 0 0 0 0 0 1 0 0 
0 0 0 0 0 0 1 0 0 0 
0 0 0 0 0 0 0 0 1 0 

1
5 454
5 454
1 0 0 0 0 0 0 0 0 0 
0 1 0 0 0 0 0 0 0 0 
0 0 1 0 0 0 0 0 0 0 
1 0 0 0 0 0 0 0 0 0 
1 0 0 0 0 0 0 0 0 0 
1 0 0 0 0 0 0 0 0 0 
0 0 0 0 0 0 0 1 0 0 
0 0 0 0 0 0 1 0 0 0 
0 0 0 0 0 0 0 0 1 0 

1
5 455
5 455
1 0 0 0 0 0 0 0 0 0 
0 1 0 0 0 0 0 0 0 0 
0 0 1 0 0 0 0 0 0 0 
0 0 0 1 0 0 0 0 0 0 
0 0 0 1 0 0 0 0 0 0 
0 0 0 1 0 0 0 0 0 0 
0 0 0 0 0 0 0 1 0 0 
0 0 0 0 0 0 1 0 0 0 
0 0 0 0 0 0 0 0 1 0 

0
5 456
5 456
1 0 0 0 0 0 0 0 0 0 
0 -1 0 0 0 0 1 1 0 s-2*m1^2 
0 0 1 0 0 0 0 0 0 0 
0 0 0 1 0 0 0 0 0 0 
0 0 -1 3 -1 0 1 1 0 2*s+2*m1^2 
2 0 -1 1 0 -1 1 1 0 s 
0 0 0 0 0 0 0 1 0 0 
0 0 0 0 0 0 1 0 0 0 
0 0 0 0 0 0 0 0 1 0 

0
5 457
5 457
1 0 0 0 0 0 0 0 0 0 
0 -1 0 0 0 0 1 1 0 s-2*m1^2 
0 0 1 0 0 0 0 0 0 0 
0 0 0 1 0 0 0 0 0 0 
0 0 -1 3 -1 0 1 1 0 2*s+2*m1^2 
2 0 -1 1 0 -1 1 1 0 s 
0 0 0 0 0 0 0 1 0 0 
0 0 0 0 0 0 1 0 0 0 
0 0 0 0 0 0 0 0 1 0 

1
5 458
5 458
1 0 0 0 0 0 0 0 0 0 
0 1 0 0 0 0 0 0 0 0 
1 0 0 0 0 0 0 0 0 0 
0 0 0 1 0 0 0 0 0 0 
1 0 0 0 0 0 0 0 0 0 
1 0 0 0 0 0 0 0 0 0 
0 0 0 0 0 0 0 1 0 0 
0 0 0 0 0 0 1 0 0 0 
0 0 0 0 0 0 0 0 1 0 

1
5 459
5 459
1 0 0 0 0 0 0 0 0 0 
0 1 0 0 0 0 0 0 0 0 
0 0 1 0 0 0 0 0 0 0 
0 0 0 1 0 0 0 0 0 0 
0 0 1 0 0 0 0 0 0 0 
0 0 1 0 0 0 0 0 0 0 
0 0 0 0 0 0 0 1 0 0 
0 0 0 0 0 0 1 0 0 0 
0 0 0 0 0 0 0 0 1 0 

0
5 460
5 460
1 0 0 0 0 0 0 0 0 0 
0 -1 0 0 0 0 1 1 0 s-2*m1^2 
0 0 1 0 0 0 0 0 0 0 
0 0 0 1 0 0 0 0 0 0 
0 0 -1 3 -1 0 1 1 0 2*s+2*m1^2 
2 0 -1 1 0 -1 1 1 0 s 
0 0 0 0 0 0 0 1 0 0 
0 0 0 0 0 0 1 0 0 0 
0 0 0 0 0 0 0 0 1 0 

0
5 461
5 461
1 0 0 0 0 0 0 0 0 0 
0 -1 0 0 0 0 1 1 0 s-2*m1^2 
0 0 1 0 0 0 0 0 0 0 
0 0 0 1 0 0 0 0 0 0 
0 0 -1 3 -1 0 1 1 0 2*s+2*m1^2 
2 0 -1 1 0 -1 1 1 0 s 
0 0 0 0 0 0 0 1 0 0 
0 0 0 0 0 0 1 0 0 0 
0 0 0 0 0 0 0 0 1 0 

1
5 462
5 462
1 0 0 0 0 0 0 0 0 0 
0 1 0 0 0 0 0 0 0 0 
0 0 1 0 0 0 0 0 0 0 
0 0 0 1 0 0 0 0 0 0 
1 0 0 0 0 0 0 0 0 0 
1 0 0 0 0 0 0 0 0 0 
0 0 0 0 0 0 0 1 0 0 
0 0 0 0 0 0 1 0 0 0 
0 0 0 0 0 0 0 0 1 0 

1
5 463
5 463
1 0 0 0 0 0 0 0 0 0 
0 1 0 0 0 0 0 0 0 0 
0 0 1 0 0 0 0 0 0 0 
0 0 0 1 0 0 0 0 0 0 
0 0 0 0 1 0 0 0 0 0 
0 0 0 0 1 0 0 0 0 0 
0 0 0 0 0 0 0 1 0 0 
0 0 0 0 0 0 1 0 0 0 
0 0 0 0 0 0 0 0 1 0 

0
5 464
5 464
-1 -1 0 0 1 0 0 1 1 -m1^2-mm^2+t 
0 1 0 0 0 0 0 0 0 0 
-1 1 -1 1 0 1 -1 0 1 0 
-1 -1 0 0 0 1 0 1 1 -2*m1^2 
0 0 0 0 0 0 0 0 1 0 
-1 0 0 1 0 0 0 0 1 m1^2-mm^2+t 
0 0 0 0 0 0 1 0 0 0 
0 0 0 0 0 0 0 1 0 0 
0 0 0 0 1 0 0 0 0 0 

0
5 466
5 466
-1 -1 0 0 1 0 0 1 1 -m1^2-mm^2+t 
0 1 0 0 0 0 0 0 0 0 
-1 1 -1 1 0 1 -1 0 1 0 
-1 -1 0 0 0 1 0 1 1 -2*m1^2 
0 0 0 0 0 0 0 0 1 0 
-1 0 0 1 0 0 0 0 1 m1^2-mm^2+t 
0 0 0 0 0 0 1 0 0 0 
0 0 0 0 0 0 0 1 0 0 
0 0 0 0 1 0 0 0 0 0 

0
5 480
5 480
-1 -1 0 0 0 1 0 1 1 -m1^2 
0 1 0 0 0 0 0 0 0 0 
-1 1 -1 1 -1 2 -1 0 1 -s+3*mm^2-t 
-1 -1 0 0 -1 2 0 1 1 -2*m1^2+3*mm^2-t 
1 0 0 -1 0 0 0 0 1 -m1^2+3*mm^2-t 
0 0 0 0 0 0 0 0 1 0 
0 0 0 0 0 0 1 0 0 0 
0 0 0 0 0 0 0 1 0 0 
0 0 0 0 0 1 0 0 0 0 

0
5 482
5 482
-1 -1 0 0 0 1 0 1 1 -m1^2 
0 1 0 0 0 0 0 0 0 0 
-1 1 -1 1 -1 2 -1 0 1 -s+3*mm^2-t 
-1 -1 0 0 -1 2 0 1 1 -2*m1^2+3*mm^2-t 
1 0 0 -1 0 0 0 0 1 -m1^2+3*mm^2-t 
0 0 0 0 0 0 0 0 1 0 
0 0 0 0 0 0 1 0 0 0 
0 0 0 0 0 0 0 1 0 0 
0 0 0 0 0 1 0 0 0 0 

