0
5 2
2 1
2 -1 0 0 2*m1^2 
1 0 0 0 0 
1 -1 1 0 s+m1^2 
1 -1 0 1 m1^2-t 

0
5 3
2 3
0 1 0 0 0 
1 0 0 0 0 
1 1 -1 0 s+m1^2 
1 1 0 -1 m1^2+t 

0
5 6
4 6
-1 1 1 0 -s+m1^2 
0 0 1 0 0 
0 1 0 0 0 
0 1 1 -1 -s+m1^2 

1
5 7
4 7
1 0 0 0 0 
0 0 1 0 0 
0 1 0 0 0 
0 0 0 1 0 

0
5 9
0 9
1 0 0 0 0 
0 1 0 0 -m1^2 
0 0 1 0 0 
0 0 0 1 0 

1
5 10
2 3
0 0 1 0 0 
1 0 0 0 0 
0 0 1 0 0 
0 1 0 0 0 

1
5 11
4 13
1 0 0 0 0 
0 0 1 0 0 
0 1 0 0 0 
0 0 0 1 0 

1
5 13
0 11
1 0 0 0 0 
0 0 1 0 0 
0 1 0 0 0 
0 0 0 1 0 

1
5 14
4 7
0 0 0 1 0 
0 0 1 0 0 
0 1 0 0 0 
1 0 0 0 0 

1
5 15
4 15
1 0 0 0 0 
0 0 1 0 0 
0 1 0 0 0 
0 0 0 1 0 

