C5[0, 0, 1, 1, 1, 0, 0, 0, 0]
C5[0, 1, 1, 1, 0, 0, 0, 0, 0]
C5[0, 1, 1, 1, 1, 0, -1, 0, 0]
C5[0, 1, 1, 1, 1, 0, 0, 0, -1]
C5[0, 1, 1, 1, 1, 0, 0, 0, 0]
C5[1, -1, 1, 1, 1, 0, 0, 0, 0]
C5[1, 0, 0, 1, 1, 0, 0, 0, 0]
C5[1, 0, 1, 0, 1, 0, 0, 0, 0]
C5[1, 0, 1, 1, 0, 0, 0, 0, 0]
C5[1, 0, 1, 1, 1, -1, 0, 0, 0]
C5[1, 0, 1, 1, 1, 0, -1, 0, 0]
C5[1, 0, 1, 1, 1, 0, 0, -1, 0]
C5[1, 0, 1, 1, 1, 0, 0, 0, -1]
C5[1, 0, 1, 1, 1, 0, 0, 0, 0]
C5[1, 1, 0, 1, 0, 0, 0, 0, 0]
C5[1, 1, 0, 1, 1, 0, -1, 0, 0]
C5[1, 1, 0, 1, 1, 0, 0, 0, -1]
C5[1, 1, 0, 1, 1, 0, 0, 0, 0]
C5[1, 1, 1, 0, 0, 0, 0, 0, 0]
C5[1, 1, 1, 0, 1, 0, -1, 0, 0]
C5[1, 1, 1, 0, 1, 0, 0, 0, -1]
C5[1, 1, 1, 0, 1, 0, 0, 0, 0]
C5[1, 1, 1, 1, -1, 0, 0, 0, 0]
C5[1, 1, 1, 1, 0, -1, 0, 0, 0]
C5[1, 1, 1, 1, 0, 0, -1, 0, 0]
C5[1, 1, 1, 1, 0, 0, 0, -1, 0]
C5[1, 1, 1, 1, 0, 0, 0, 0, -1]
C5[1, 1, 1, 1, 0, 0, 0, 0, 0]
C5[1, 1, 1, 1, 1, -1, -1, 0, 0]
C5[1, 1, 1, 1, 1, -1, 0, 0, -1]
C5[1, 1, 1, 1, 1, -1, 0, 0, 0]
C5[1, 1, 1, 1, 1, 0, -2, 0, 0]
C5[1, 1, 1, 1, 1, 0, -1, -1, 0]
C5[1, 1, 1, 1, 1, 0, -1, 0, -1]
C5[1, 1, 1, 1, 1, 0, -1, 0, 0]
C5[1, 1, 1, 1, 1, 0, 0, -1, -1]
C5[1, 1, 1, 1, 1, 0, 0, -1, 0]
C5[1, 1, 1, 1, 1, 0, 0, 0, -2]
C5[1, 1, 1, 1, 1, 0, 0, 0, -1]
C5[1, 1, 1, 1, 1, 0, 0, 0, 0]
C5[-2, 1, 1, 1, 1, 1, 0, 0, 0]
C5[-1, 0, 1, 1, 1, 1, 0, 0, 0]
C5[-1, 1, 0, 1, 1, 1, 0, 0, 0]
C5[-1, 1, 1, 0, 1, 1, 0, 0, 0]
C5[-1, 1, 1, 1, 0, 1, 0, 0, 0]
C5[-1, 1, 1, 1, 1, 0, 0, 0, 0]
C5[-1, 1, 1, 1, 1, 1, -1, 0, 0]
C5[-1, 1, 1, 1, 1, 1, 0, -1, 0]
C5[-1, 1, 1, 1, 1, 1, 0, 0, -1]
C5[-1, 1, 1, 1, 1, 1, 0, 0, 0]
C5[0, -1, 1, 1, 1, 1, 0, 0, 0]
C5[0, 0, 0, 1, 1, 1, 0, 0, 0]
C5[0, 0, 1, 0, 1, 1, 0, 0, 0]
C5[0, 0, 1, 1, 0, 1, 0, 0, 0]
C5[0, 0, 1, 1, 1, 1, -1, 0, 0]
C5[0, 0, 1, 1, 1, 1, 0, -1, 0]
C5[0, 0, 1, 1, 1, 1, 0, 0, -1]
C5[0, 0, 1, 1, 1, 1, 0, 0, 0]
C5[0, 1, -1, 1, 1, 1, 0, 0, 0]
C5[0, 1, 0, 0, 1, 1, 0, 0, 0]
C5[0, 1, 0, 1, 0, 1, 0, 0, 0]
C5[0, 1, 0, 1, 1, 0, 0, 0, 0]
C5[0, 1, 0, 1, 1, 1, -1, 0, 0]
C5[0, 1, 0, 1, 1, 1, 0, -1, 0]
C5[0, 1, 0, 1, 1, 1, 0, 0, -1]
C5[0, 1, 0, 1, 1, 1, 0, 0, 0]
C5[0, 1, 1, -1, 1, 1, 0, 0, 0]
C5[0, 1, 1, 0, 0, 1, 0, 0, 0]
C5[0, 1, 1, 0, 1, 0, 0, 0, 0]
C5[0, 1, 1, 0, 1, 1, -1, 0, 0]
C5[0, 1, 1, 0, 1, 1, 0, -1, 0]
C5[0, 1, 1, 0, 1, 1, 0, 0, -1]
C5[0, 1, 1, 0, 1, 1, 0, 0, 0]
C5[0, 1, 1, 1, -1, 1, 0, 0, 0]
C5[0, 1, 1, 1, 0, 1, -1, 0, 0]
C5[0, 1, 1, 1, 0, 1, 0, -1, 0]
C5[0, 1, 1, 1, 0, 1, 0, 0, -1]
C5[0, 1, 1, 1, 0, 1, 0, 0, 0]
C5[0, 1, 1, 1, 1, -1, 0, 0, 0]
C5[0, 1, 1, 1, 1, 0, 0, -1, 0]
C5[0, 1, 1, 1, 1, 1, -2, 0, 0]
C5[0, 1, 1, 1, 1, 1, -1, -1, 0]
C5[0, 1, 1, 1, 1, 1, -1, 0, -1]
C5[0, 1, 1, 1, 1, 1, -1, 0, 0]
C5[0, 1, 1, 1, 1, 1, 0, -2, 0]
C5[0, 1, 1, 1, 1, 1, 0, -1, -1]
C5[0, 1, 1, 1, 1, 1, 0, -1, 0]
C5[0, 1, 1, 1, 1, 1, 0, 0, -2]
C5[0, 1, 1, 1, 1, 1, 0, 0, -1]
C5[0, 1, 1, 1, 1, 1, 0, 0, 0]
C5[1, -2, 1, 1, 1, 1, 0, 0, 0]
C5[1, -1, 0, 1, 1, 1, 0, 0, 0]
C5[1, -1, 1, 0, 1, 1, 0, 0, 0]
C5[1, -1, 1, 1, 0, 1, 0, 0, 0]
C5[1, -1, 1, 1, 1, 1, -1, 0, 0]
C5[1, -1, 1, 1, 1, 1, 0, -1, 0]
C5[1, -1, 1, 1, 1, 1, 0, 0, -1]
C5[1, -1, 1, 1, 1, 1, 0, 0, 0]
C5[1, 0, -1, 1, 1, 1, 0, 0, 0]
C5[1, 0, 0, 0, 1, 1, 0, 0, 0]
C5[1, 0, 0, 1, 0, 1, 0, 0, 0]
C5[1, 0, 0, 1, 1, 1, -1, 0, 0]
C5[1, 0, 0, 1, 1, 1, 0, -1, 0]
C5[1, 0, 0, 1, 1, 1, 0, 0, -1]
C5[1, 0, 0, 1, 1, 1, 0, 0, 0]
C5[1, 0, 1, -1, 1, 1, 0, 0, 0]
C5[1, 0, 1, 0, 0, 1, 0, 0, 0]
C5[1, 0, 1, 0, 1, 1, -1, 0, 0]
C5[1, 0, 1, 0, 1, 1, 0, -1, 0]
C5[1, 0, 1, 0, 1, 1, 0, 0, -1]
C5[1, 0, 1, 0, 1, 1, 0, 0, 0]
C5[1, 0, 1, 1, -1, 1, 0, 0, 0]
C5[1, 0, 1, 1, 0, 1, -1, 0, 0]
C5[1, 0, 1, 1, 0, 1, 0, -1, 0]
C5[1, 0, 1, 1, 0, 1, 0, 0, -1]
C5[1, 0, 1, 1, 0, 1, 0, 0, 0]
C5[1, 0, 1, 1, 1, 1, -2, 0, 0]
C5[1, 0, 1, 1, 1, 1, -1, -1, 0]
C5[1, 0, 1, 1, 1, 1, -1, 0, -1]
C5[1, 0, 1, 1, 1, 1, -1, 0, 0]
C5[1, 0, 1, 1, 1, 1, 0, -2, 0]
C5[1, 0, 1, 1, 1, 1, 0, -1, -1]
C5[1, 0, 1, 1, 1, 1, 0, -1, 0]
C5[1, 0, 1, 1, 1, 1, 0, 0, -2]
C5[1, 0, 1, 1, 1, 1, 0, 0, -1]
C5[1, 0, 1, 1, 1, 1, 0, 0, 0]
C5[1, 1, -2, 1, 1, 1, 0, 0, 0]
C5[1, 1, -1, 0, 1, 1, 0, 0, 0]
C5[1, 1, -1, 1, 0, 1, 0, 0, 0]
C5[1, 1, -1, 1, 1, 0, 0, 0, 0]
C5[1, 1, -1, 1, 1, 1, -1, 0, 0]
C5[1, 1, -1, 1, 1, 1, 0, -1, 0]
C5[1, 1, -1, 1, 1, 1, 0, 0, -1]
C5[1, 1, -1, 1, 1, 1, 0, 0, 0]
C5[1, 1, 0, -1, 1, 1, 0, 0, 0]
C5[1, 1, 0, 0, 0, 1, 0, 0, 0]
C5[1, 1, 0, 0, 1, 0, 0, 0, 0]
C5[1, 1, 0, 0, 1, 1, -1, 0, 0]
C5[1, 1, 0, 0, 1, 1, 0, -1, 0]
C5[1, 1, 0, 0, 1, 1, 0, 0, -1]
C5[1, 1, 0, 0, 1, 1, 0, 0, 0]
C5[1, 1, 0, 1, -1, 1, 0, 0, 0]
C5[1, 1, 0, 1, 0, 1, -1, 0, 0]
C5[1, 1, 0, 1, 0, 1, 0, -1, 0]
C5[1, 1, 0, 1, 0, 1, 0, 0, -1]
C5[1, 1, 0, 1, 0, 1, 0, 0, 0]
C5[1, 1, 0, 1, 1, -1, 0, 0, 0]
C5[1, 1, 0, 1, 1, 0, 0, -1, 0]
C5[1, 1, 0, 1, 1, 1, -2, 0, 0]
C5[1, 1, 0, 1, 1, 1, -1, -1, 0]
C5[1, 1, 0, 1, 1, 1, -1, 0, -1]
C5[1, 1, 0, 1, 1, 1, -1, 0, 0]
C5[1, 1, 0, 1, 1, 1, 0, -2, 0]
C5[1, 1, 0, 1, 1, 1, 0, -1, -1]
C5[1, 1, 0, 1, 1, 1, 0, -1, 0]
C5[1, 1, 0, 1, 1, 1, 0, 0, -2]
C5[1, 1, 0, 1, 1, 1, 0, 0, -1]
C5[1, 1, 0, 1, 1, 1, 0, 0, 0]
C5[1, 1, 1, -1, 0, 1, 0, 0, 0]
C5[1, 1, 1, -1, 1, 1, -1, 0, 0]
C5[1, 1, 1, -1, 1, 1, 0, 0, -1]
C5[1, 1, 1, -1, 1, 1, 0, 0, 0]
C5[1, 1, 1, 0, -1, 1, 0, 0, 0]
C5[1, 1, 1, 0, 0, 1, -1, 0, 0]
C5[1, 1, 1, 0, 0, 1, 0, -1, 0]
C5[1, 1, 1, 0, 0, 1, 0, 0, -1]
C5[1, 1, 1, 0, 0, 1, 0, 0, 0]
C5[1, 1, 1, 0, 1, 1, -2, 0, 0]
C5[1, 1, 1, 0, 1, 1, -1, -1, 0]
C5[1, 1, 1, 0, 1, 1, -1, 0, -1]
C5[1, 1, 1, 0, 1, 1, -1, 0, 0]
C5[1, 1, 1, 0, 1, 1, 0, -1, -1]
C5[1, 1, 1, 0, 1, 1, 0, -1, 0]
C5[1, 1, 1, 0, 1, 1, 0, 0, -2]
C5[1, 1, 1, 0, 1, 1, 0, 0, -1]
C5[1, 1, 1, 0, 1, 1, 0, 0, 0]
C5[1, 1, 1, 1, -1, 1, -1, 0, 0]
C5[1, 1, 1, 1, -1, 1, 0, -1, 0]
C5[1, 1, 1, 1, -1, 1, 0, 0, -1]
C5[1, 1, 1, 1, -1, 1, 0, 0, 0]
C5[1, 1, 1, 1, 0, 1, -2, 0, 0]
C5[1, 1, 1, 1, 0, 1, -1, -1, 0]
C5[1, 1, 1, 1, 0, 1, -1, 0, -1]
C5[1, 1, 1, 1, 0, 1, -1, 0, 0]
C5[1, 1, 1, 1, 0, 1, 0, -2, 0]
C5[1, 1, 1, 1, 0, 1, 0, -1, -1]
C5[1, 1, 1, 1, 0, 1, 0, -1, 0]
C5[1, 1, 1, 1, 0, 1, 0, 0, -2]
C5[1, 1, 1, 1, 0, 1, 0, 0, -1]
C5[1, 1, 1, 1, 0, 1, 0, 0, 0]
C5[1, 1, 1, 1, 1, 1, -3, 0, 0]
C5[1, 1, 1, 1, 1, 1, -2, -1, 0]
C5[1, 1, 1, 1, 1, 1, -2, 0, -1]
C5[1, 1, 1, 1, 1, 1, -2, 0, 0]
C5[1, 1, 1, 1, 1, 1, -1, -2, 0]
C5[1, 1, 1, 1, 1, 1, -1, -1, -1]
C5[1, 1, 1, 1, 1, 1, -1, -1, 0]
C5[1, 1, 1, 1, 1, 1, -1, 0, -2]
C5[1, 1, 1, 1, 1, 1, -1, 0, -1]
C5[1, 1, 1, 1, 1, 1, -1, 0, 0]
C5[1, 1, 1, 1, 1, 1, 0, -2, -1]
C5[1, 1, 1, 1, 1, 1, 0, -2, 0]
C5[1, 1, 1, 1, 1, 1, 0, -1, -2]
C5[1, 1, 1, 1, 1, 1, 0, -1, -1]
C5[1, 1, 1, 1, 1, 1, 0, -1, 0]
C5[1, 1, 1, 1, 1, 1, 0, 0, -3]
C5[1, 1, 1, 1, 1, 1, 0, 0, -2]
C5[1, 1, 1, 1, 1, 1, 0, 0, -1]
C5[1, 1, 1, 1, 1, 1, 0, 0, 0]