1
16 7
2 19
0 0 0 0 1 0 0 0 0 0 
0 1 0 0 0 0 0 0 0 0 
1 0 0 0 0 0 0 0 0 0 
0 0 1 0 0 0 0 0 0 0 
0 0 1 0 0 0 0 0 0 0 
0 0 1 0 0 0 0 0 0 0 
0 0 1 0 0 0 0 0 0 0 
0 0 1 0 0 0 0 0 0 0 
0 0 1 0 0 0 0 0 0 0 

0
16 12
5 17
-1 1 1 0 1 0 0 0 -1 0 
0 3 0 0 0 0 0 0 -2 0 
1 0 0 0 0 0 0 0 0 0 
0 0 0 0 1 0 0 0 0 0 
0 1 0 1 0 0 0 0 -1 s-m2^2 
1 0 -1 0 0 1 0 0 0 s 
0 4 0 0 0 0 0 0 -3 0 
-2 2 1 0 1 0 -1 1 -1 -m1^2-2*t 
0 2 0 0 0 0 1 0 -2 2*t 

0
16 13
5 21
0 0 1 0 0 0 0 0 0 0 
0 1 0 0 0 0 0 0 0 0 
0 0 0 0 1 0 0 0 0 0 
1 0 0 0 0 0 0 0 0 0 
0 3 0 -1 0 0 0 0 -1 s-m2^2 
0 1 -1 -1 1 1 0 0 0 s 
0 0 0 0 0 0 0 0 1 0 
-1 0 1 0 0 0 0 1 0 -m1^2-t 
0 2 0 0 0 0 -1 0 0 0 

0
16 14
5 19
1 -1 -1 0 1 0 0 0 1 2*m1^2 
0 1 0 0 0 0 0 0 0 0 
1 0 0 0 0 0 0 0 0 0 
0 0 0 0 1 0 0 0 0 0 
0 3 0 -1 0 0 0 0 -1 s-m2^2 
1 0 1 0 0 -1 0 0 0 s 
0 0 0 0 0 0 0 0 1 0 
2 -2 -1 0 1 0 1 -1 1 3*m1^2 
0 2 0 0 0 0 -1 0 0 0 

0
16 15
5 23
0 0 1 0 0 0 0 0 0 0 
0 1 0 0 0 0 0 0 0 0 
0 0 0 0 1 0 0 0 0 0 
1 0 0 0 0 0 0 0 0 0 
0 3 0 -1 0 0 0 0 -1 s-m2^2 
0 1 -1 -1 1 1 0 0 0 s 
0 0 0 0 0 0 0 0 1 0 
-1 0 1 0 0 0 0 1 0 -m1^2-t 
0 2 0 0 0 0 -1 0 0 0 

0
16 20
11 3
0 1 1 1 -1 1 0 0 0 -s+2*m2^2 
0 -1 0 1 0 0 0 0 1 -s 
1 0 0 0 0 0 0 0 0 0 
1 2 0 1 -1 1 0 0 -1 3*m2^2 
0 1 0 0 0 0 0 0 0 0 
1 0 -1 0 0 1 0 0 0 s 
0 -2 0 1 0 0 0 0 2 -2*s-m2^2 
-1 0 1 1 -1 1 1 1 0 -2*s+m2^2-m1^2-t 
0 0 0 1 0 0 -1 0 1 m2^2+t 

1
16 21
11 19
0 0 0 0 1 0 0 0 0 0 
0 0 1 0 0 0 0 0 0 0 
1 0 0 0 0 0 0 0 0 0 
0 0 1 0 0 0 0 0 0 0 
0 1 0 0 0 0 0 0 0 0 
0 0 1 0 0 0 0 0 0 0 
0 0 1 0 0 0 0 0 0 0 
0 0 1 0 0 0 0 0 0 0 
0 0 1 0 0 0 0 0 0 0 

1
16 22
12 7
0 0 0 1 0 0 0 0 0 0 
0 0 1 0 0 0 0 0 0 0 
0 1 0 0 0 0 0 0 0 0 
0 0 0 1 0 0 0 0 0 0 
1 0 0 0 0 0 0 0 0 0 
0 0 0 1 0 0 0 0 0 0 
0 0 0 1 0 0 0 0 0 0 
0 0 0 1 0 0 0 0 0 0 
0 0 0 1 0 0 0 0 0 0 

1
16 23
12 23
0 0 0 0 1 0 0 0 0 0 
0 0 1 0 0 0 0 0 0 0 
0 1 0 0 0 0 0 0 0 0 
0 0 0 1 0 0 0 0 0 0 
1 0 0 0 0 0 0 0 0 0 
0 0 0 1 0 0 0 0 0 0 
0 0 0 1 0 0 0 0 0 0 
0 0 0 1 0 0 0 0 0 0 
0 0 0 1 0 0 0 0 0 0 

0
16 24
11 3
0 0 1 0 0 0 0 0 0 0 
0 -1 0 1 0 0 0 0 1 -s 
1 -2 0 1 1 -1 0 0 1 -m2^2 
1 0 0 0 0 0 0 0 0 0 
0 1 0 0 0 0 0 0 0 0 
1 -1 -1 0 1 0 0 0 1 -m2^2 
0 -2 0 1 0 0 0 0 2 -2*s-m2^2 
-1 0 1 0 0 0 0 1 0 -m1^2-t 
0 0 0 1 0 0 -1 0 1 m2^2+t 

0
16 25
11 7
0 0 1 0 0 0 0 0 0 0 
0 -1 0 1 0 0 0 0 1 -s 
1 -2 0 1 1 -1 0 0 1 -m2^2 
1 0 0 0 0 0 0 0 0 0 
0 1 0 0 0 0 0 0 0 0 
1 -1 -1 0 1 0 0 0 1 -m2^2 
0 -2 0 1 0 0 0 0 2 -2*s-m2^2 
-1 0 1 0 0 0 0 1 0 -m1^2-t 
0 0 0 1 0 0 -1 0 1 m2^2+t 

1
16 26
12 7
0 0 0 1 0 0 0 0 0 0 
0 0 1 0 0 0 0 0 0 0 
0 0 0 1 0 0 0 0 0 0 
0 1 0 0 0 0 0 0 0 0 
1 0 0 0 0 0 0 0 0 0 
0 0 0 1 0 0 0 0 0 0 
0 0 0 1 0 0 0 0 0 0 
0 0 0 1 0 0 0 0 0 0 
0 0 0 1 0 0 0 0 0 0 

0
16 28
14 50
1 -1 -1 0 1 0 0 0 1 0 
1 0 0 0 0 0 0 0 0 0 
0 1 0 0 0 0 0 0 0 0 
0 0 0 0 1 0 0 0 0 0 
0 0 0 0 0 1 0 0 0 0 
0 0 0 1 0 0 0 0 0 0 
2 0 -1 0 0 0 0 0 0 0 
2 -2 -1 0 1 0 1 -1 1 -m1^2 
0 0 0 0 0 0 0 1 0 0 

0
16 30
14 51
1 -1 -1 0 1 0 0 0 1 0 
1 0 0 0 0 0 0 0 0 0 
0 1 0 0 0 0 0 0 0 0 
0 0 0 0 1 0 0 0 0 0 
0 0 0 0 0 1 0 0 0 0 
0 0 0 1 0 0 0 0 0 0 
2 0 -1 0 0 0 0 0 0 0 
2 -2 -1 0 1 0 1 -1 1 -m1^2 
0 0 0 0 0 0 0 1 0 0 

0
16 35
3 28
0 0 1 0 0 0 0 0 0 0 
0 0 0 1 0 0 0 0 0 0 
0 -1 1 1 1 -1 0 0 0 s 
1 0 0 0 0 0 0 0 0 -m1^2 
0 2 0 0 0 0 0 0 -1 -m2^2 
0 0 0 0 1 0 0 0 0 0 
0 -1 0 1 0 0 0 0 1 -s 
-1 0 1 0 0 0 0 1 0 -t 
0 1 0 1 0 0 -1 0 0 s 

0
16 39
6 30
0 0 1 0 0 0 0 0 0 0 
0 0 0 0 1 0 0 0 0 0 
0 1 0 0 0 0 0 0 0 0 
1 0 0 0 0 0 0 0 0 -m1^2 
1 -2 0 1 1 -1 0 0 1 -m2^2-m1^2 
0 0 0 1 0 0 0 0 0 0 
-1 1 1 0 1 0 0 0 -1 m1^2 
-1 0 1 0 0 0 0 1 0 -t 
1 -1 0 0 1 0 1 -1 0 -m1^2+t 

0
16 40
5 17
0 0 1 0 0 0 0 0 0 0 
0 0 0 -1 2 2 0 0 0 2*m1^2 
0 1 -1 -1 1 1 0 0 0 s 
1 0 0 0 0 0 0 0 0 0 
2 -2 0 0 2 0 0 0 1 -m2^2+4*m1^2 
0 0 0 0 1 0 0 0 0 0 
-2 1 2 -1 2 2 0 0 -1 -s 
-1 0 1 0 0 0 0 1 0 -m1^2-t 
2 -1 0 -1 2 2 1 -2 0 s+4*m1^2+2*t 

0
16 41
5 21
0 0 1 0 0 0 0 0 0 0 
0 0 0 -1 2 2 0 0 0 2*m1^2 
0 1 -1 -1 1 1 0 0 0 s 
1 0 0 0 0 0 0 0 0 0 
2 -2 0 0 2 0 0 0 1 -m2^2+4*m1^2 
0 0 0 0 1 0 0 0 0 0 
-2 1 2 -1 2 2 0 0 -1 -s 
-1 0 1 0 0 0 0 1 0 -m1^2-t 
2 -1 0 -1 2 2 1 -2 0 s+4*m1^2+2*t 

1
16 42
5 19
0 0 1 0 0 0 0 0 0 0 
0 1 0 0 0 0 0 0 0 0 
0 0 1 0 0 0 0 0 0 0 
1 0 0 0 0 0 0 0 0 0 
0 0 1 0 0 0 0 0 0 0 
0 0 0 0 1 0 0 0 0 0 
0 0 1 0 0 0 0 0 0 0 
0 0 1 0 0 0 0 0 0 0 
0 0 1 0 0 0 0 0 0 0 

0
16 43
5 29
0 0 1 0 0 0 0 0 0 0 
0 0 0 1 0 0 0 0 0 0 
0 -1 1 1 1 -1 0 0 0 s 
1 0 0 0 0 0 0 0 0 0 
0 2 0 0 0 0 0 0 -1 -m2^2 
0 0 0 0 1 0 0 0 0 0 
0 -1 0 1 0 0 0 0 1 -s 
-1 0 1 0 0 0 0 1 0 -m1^2-t 
0 1 0 1 0 0 -1 0 0 s 

0
16 44
8 26
-1 1 1 0 1 0 0 0 -1 2*m1^2 
-1 0 1 0 0 1 0 0 0 -s 
0 0 0 1 0 0 0 0 0 0 
0 0 0 0 1 0 0 0 0 0 
0 0 1 0 0 0 0 0 0 -m2^2 
0 1 0 0 0 0 0 0 0 0 
-2 0 2 0 0 1 0 0 0 -2*s 
-2 2 1 0 1 0 -1 1 -1 3*m1^2-2*t 
0 0 1 0 0 1 0 -1 0 2*t 

0
16 45
9 15
0 0 1 0 0 0 0 0 0 0 
0 0 0 0 1 0 0 0 0 0 
0 1 0 0 0 0 0 0 0 0 
1 0 0 0 0 0 0 0 0 0 
1 -2 0 1 1 -1 0 0 1 -m2^2 
0 0 0 1 0 0 0 0 0 0 
-1 1 1 0 1 0 0 0 -1 0 
-1 0 1 0 0 0 0 1 0 -m1^2-t 
1 -1 0 0 1 0 1 -1 0 t 

0
16 46
8 27
1 -1 -1 0 1 0 0 0 1 0 
1 0 0 0 0 0 0 0 0 0 
0 1 0 0 0 0 0 0 0 0 
0 0 0 0 1 0 0 0 0 0 
0 0 0 0 0 1 0 0 0 -m2^2 
0 0 0 1 0 0 0 0 0 0 
2 0 -1 0 0 0 0 0 0 0 
2 -2 -1 0 1 0 1 -1 1 -m1^2 
0 0 0 0 0 0 0 1 0 0 

0
16 47
9 31
0 0 1 0 0 0 0 0 0 0 
0 0 0 0 1 0 0 0 0 0 
0 1 0 0 0 0 0 0 0 0 
1 0 0 0 0 0 0 0 0 0 
1 -2 0 1 1 -1 0 0 1 -m2^2 
0 0 0 1 0 0 0 0 0 0 
-1 1 1 0 1 0 0 0 -1 0 
-1 0 1 0 0 0 0 1 0 -m1^2-t 
1 -1 0 0 1 0 1 -1 0 t 

0
16 48
11 3
2 -2 -2 0 1 0 0 0 2 -2*m2^2+2*m1^2 
0 -1 0 1 0 0 0 0 1 -s 
1 0 -1 0 0 1 0 0 0 s 
1 -1 -1 0 1 0 0 0 1 -m2^2 
0 1 0 0 0 0 0 0 0 0 
1 0 0 0 0 0 0 0 0 0 
0 -2 0 1 0 0 0 0 2 -2*s-m2^2 
3 -3 -2 0 1 0 1 -1 2 -3*m2^2+3*m1^2-t 
0 0 0 1 0 0 -1 0 1 m2^2+t 

0
16 49
11 19
0 0 0 0 1 0 0 0 0 0 
0 3 0 -1 0 0 0 0 -1 s+2*m2^2 
1 0 1 0 0 -1 0 0 0 s 
1 -1 -1 0 1 0 0 0 1 -m2^2 
0 1 0 0 0 0 0 0 0 0 
1 0 0 0 0 0 0 0 0 0 
0 4 0 -1 0 0 0 0 -2 3*m2^2 
-1 1 0 0 1 0 -1 1 0 m2^2-m1^2-t 
0 2 0 -1 0 0 1 0 -1 2*s+m2^2+t 

1
16 50
12 7
0 0 0 1 0 0 0 0 0 0 
0 0 1 0 0 0 0 0 0 0 
0 0 0 1 0 0 0 0 0 0 
0 0 0 1 0 0 0 0 0 0 
1 0 0 0 0 0 0 0 0 0 
0 1 0 0 0 0 0 0 0 0 
0 0 0 1 0 0 0 0 0 0 
0 0 0 1 0 0 0 0 0 0 
0 0 0 1 0 0 0 0 0 0 

1
16 51
12 29
0 0 0 0 1 0 0 0 0 0 
0 0 1 0 0 0 0 0 0 0 
0 1 0 0 0 0 0 0 0 0 
0 1 0 0 0 0 0 0 0 0 
1 0 0 0 0 0 0 0 0 0 
0 0 0 1 0 0 0 0 0 0 
0 1 0 0 0 0 0 0 0 0 
0 1 0 0 0 0 0 0 0 0 
0 1 0 0 0 0 0 0 0 0 

0
16 52
12 11
2 -3 -1 1 1 -1 0 0 2 -s+2*m2^2-2*m1^2 
2 0 0 0 0 -1 0 0 0 2*m2^2 
0 1 0 0 0 0 0 0 0 0 
1 -2 0 1 1 -1 0 0 1 m2^2-2*m1^2 
1 0 0 0 0 0 0 0 0 0 
0 0 0 1 0 0 0 0 0 0 
3 0 -1 0 0 -1 0 0 0 -s+3*m2^2 
3 -4 -1 1 1 -1 1 -1 2 -2*s+3*m2^2-3*m1^2-t 
1 0 0 0 0 -1 0 1 0 s+m2^2+t 

0
16 53
12 27
0 0 0 0 1 0 0 0 0 0 
0 0 0 0 0 1 0 0 0 0 
0 0 0 1 0 0 0 0 0 0 
1 -1 -1 0 1 0 0 0 1 m2^2-2*m1^2 
1 0 0 0 0 0 0 0 0 0 
0 1 0 0 0 0 0 0 0 0 
-1 0 1 0 0 1 0 0 0 -s-m2^2 
-1 1 0 0 1 0 -1 1 0 -m2^2+m1^2-t 
1 0 0 0 0 1 0 -1 0 s+m2^2+t 

1
16 54
12 15
0 0 0 0 1 0 0 0 0 0 
0 0 1 0 0 0 0 0 0 0 
0 1 0 0 0 0 0 0 0 0 
0 0 0 0 1 0 0 0 0 0 
1 0 0 0 0 0 0 0 0 0 
0 0 0 1 0 0 0 0 0 0 
0 0 0 0 1 0 0 0 0 0 
0 0 0 0 1 0 0 0 0 0 
0 0 0 0 1 0 0 0 0 0 

1
16 55
12 31
0 0 0 0 1 0 0 0 0 0 
0 0 1 0 0 0 0 0 0 0 
0 1 0 0 0 0 0 0 0 0 
0 0 0 0 0 1 0 0 0 0 
1 0 0 0 0 0 0 0 0 0 
0 0 0 1 0 0 0 0 0 0 
0 0 0 0 0 1 0 0 0 0 
0 0 0 0 0 1 0 0 0 0 
0 0 0 0 0 1 0 0 0 0 

0
16 56
14 56
-1 1 1 0 1 0 0 0 -1 2*m1^2 
-1 0 0 0 0 2 0 0 0 2*m2^2 
0 -1 0 2 0 0 0 0 0 2*s 
0 0 0 0 1 0 0 0 0 0 
0 0 0 0 0 1 0 0 0 0 
0 0 0 1 0 0 0 0 0 0 
-2 0 1 0 0 2 0 0 0 -2*s+2*m2^2 
-2 2 1 0 1 0 -1 1 -1 3*m1^2-2*t 
0 0 0 0 0 2 0 -1 0 2*s+2*m2^2+2*t 

0
16 58
14 57
0 1 0 1 0 0 0 0 -1 s+2*m1^2 
1 0 0 0 0 0 0 0 0 0 
0 -1 1 1 1 -1 0 0 0 s-m2^2 
0 0 0 1 0 0 0 0 0 0 
0 0 0 0 0 1 0 0 0 0 
0 0 0 0 1 0 0 0 0 0 
2 0 -1 0 0 0 0 0 0 0 
0 2 0 1 0 0 -1 0 -1 2*s+3*m1^2-t 
0 0 0 0 0 0 0 1 0 0 

0
16 60
14 58
1 -1 -1 0 1 0 0 0 1 0 
1 0 0 0 0 0 0 0 0 0 
0 1 0 0 0 0 0 0 0 0 
0 0 0 0 1 0 0 0 0 0 
0 0 0 0 0 1 0 0 0 0 
0 0 0 1 0 0 0 0 0 0 
2 0 -1 0 0 0 0 0 0 0 
2 -2 -1 0 1 0 1 -1 1 -m1^2 
0 0 0 0 0 0 0 1 0 0 

0
16 62
14 59
1 -1 -1 0 1 0 0 0 1 0 
1 0 0 0 0 0 0 0 0 0 
0 1 0 0 0 0 0 0 0 0 
0 0 0 0 1 0 0 0 0 0 
0 0 0 0 0 1 0 0 0 0 
0 0 0 1 0 0 0 0 0 0 
2 0 -1 0 0 0 0 0 0 0 
2 -2 -1 0 1 0 1 -1 1 -m1^2 
0 0 0 0 0 0 0 1 0 0 

