B21[0, -1, 1, 1, 1, 1, 0, 0, 0]
B21[0, 0, 1, 0, 1, 1, 0, 0, 0]
B21[0, 0, 1, 1, 0, 1, 0, 0, 0]
B21[0, 0, 1, 1, 1, 0, 0, 0, 0]
B21[0, 0, 1, 1, 1, 1, -1, 0, 0]
B21[0, 0, 1, 1, 1, 1, 0, 0, -1]
B21[0, 0, 1, 1, 1, 1, 0, 0, 0]
B21[0, 1, 0, 0, 1, 1, 0, 0, 0]
B21[0, 1, 1, -1, 1, 1, 0, 0, 0]
B21[0, 1, 1, 0, 0, 1, 0, 0, 0]
B21[0, 1, 1, 0, 1, 1, -1, 0, 0]
B21[0, 1, 1, 0, 1, 1, 0, 0, -1]
B21[0, 1, 1, 0, 1, 1, 0, 0, 0]
B21[1, -1, 0, 1, 1, 1, 0, 0, 0]
B21[1, -1, 1, 1, 1, 0, 0, 0, 0]
B21[1, -1, 1, 1, 1, 1, 0, -1, 0]
B21[1, -1, 1, 1, 1, 1, 0, 0, 0]
B21[1, 0, 0, 0, 1, 1, 0, 0, 0]
B21[1, 0, 0, 1, 0, 1, 0, 0, 0]
B21[1, 0, 0, 1, 1, 0, 0, 0, 0]
B21[1, 0, 0, 1, 1, 1, -1, 0, 0]
B21[1, 0, 0, 1, 1, 1, 0, 0, -1]
B21[1, 0, 0, 1, 1, 1, 0, 0, 0]
B21[1, 0, 1, 0, 1, 0, 0, 0, 0]
B21[1, 0, 1, 0, 1, 1, 0, -1, 0]
B21[1, 0, 1, 0, 1, 1, 0, 0, 0]
B21[1, 0, 1, 1, 0, 0, 0, 0, 0]
B21[1, 0, 1, 1, 0, 1, 0, -1, 0]
B21[1, 0, 1, 1, 0, 1, 0, 0, 0]
B21[1, 0, 1, 1, 1, -1, 0, 0, 0]
B21[1, 0, 1, 1, 1, 0, -1, 0, 0]
B21[1, 0, 1, 1, 1, 0, 0, -1, 0]
B21[1, 0, 1, 1, 1, 0, 0, 0, -1]
B21[1, 0, 1, 1, 1, 0, 0, 0, 0]
B21[1, 0, 1, 1, 1, 1, -1, -1, 0]
B21[1, 0, 1, 1, 1, 1, -1, 0, 0]
B21[1, 0, 1, 1, 1, 1, 0, -1, 0]
B21[1, 0, 1, 1, 1, 1, 0, 0, -1]
B21[1, 0, 1, 1, 1, 1, 0, 0, 0]
B21[1, 1, -1, 0, 1, 1, 0, 0, 0]
B21[1, 1, 0, -1, 1, 1, 0, 0, 0]
B21[1, 1, 0, 0, 0, 1, 0, 0, 0]
B21[1, 1, 0, 0, 1, 0, 0, 0, 0]
B21[1, 1, 0, 0, 1, 1, -1, 0, 0]
B21[1, 1, 0, 0, 1, 1, 0, -1, 0]
B21[1, 1, 0, 0, 1, 1, 0, 0, -1]
B21[1, 1, 0, 0, 1, 1, 0, 0, 0]
B21[1, 1, 1, -1, 1, 1, 0, -1, 0]
B21[1, 1, 1, -1, 1, 1, 0, 0, 0]
B21[1, 1, 1, 0, 0, 0, 0, 0, 0]
B21[1, 1, 1, 0, 0, 1, 0, -1, 0]
B21[1, 1, 1, 0, 0, 1, 0, 0, 0]
B21[1, 1, 1, 0, 1, 0, -1, 0, 0]
B21[1, 1, 1, 0, 1, 0, 0, 0, -1]
B21[1, 1, 1, 0, 1, 0, 0, 0, 0]
B21[1, 1, 1, 0, 1, 1, -1, -1, 0]
B21[1, 1, 1, 0, 1, 1, -1, 0, 0]
B21[1, 1, 1, 0, 1, 1, 0, -1, 0]
B21[1, 1, 1, 0, 1, 1, 0, 0, -1]
B21[1, 1, 1, 0, 1, 1, 0, 0, 0]
B21[0, -1, 1, 1, 1, 1, 0, 0, 0]
B21[0, 0, 1, 0, 1, 1, 0, 0, 0]
B21[0, 0, 1, 1, 0, 1, 0, 0, 0]
B21[0, 0, 1, 1, 1, 0, 0, 0, 0]
B21[0, 0, 1, 1, 1, 1, -1, 0, 0]
B21[0, 0, 1, 1, 1, 1, 0, 0, -1]
B21[0, 0, 1, 1, 1, 1, 0, 0, 0]
B21[0, 1, 0, 0, 1, 1, 0, 0, 0]
B21[0, 1, 1, -1, 1, 1, 0, 0, 0]
B21[0, 1, 1, 0, 0, 1, 0, 0, 0]
B21[0, 1, 1, 0, 1, 1, -1, 0, 0]
B21[0, 1, 1, 0, 1, 1, 0, 0, -1]
B21[0, 1, 1, 0, 1, 1, 0, 0, 0]
B21[1, -1, 0, 1, 1, 1, 0, 0, 0]
B21[1, -1, 1, 1, 1, 0, 0, 0, 0]
B21[1, -1, 1, 1, 1, 1, 0, -1, 0]
B21[1, -1, 1, 1, 1, 1, 0, 0, 0]
B21[1, 0, 0, 0, 1, 1, 0, 0, 0]
B21[1, 0, 0, 1, 0, 1, 0, 0, 0]
B21[1, 0, 0, 1, 1, 0, 0, 0, 0]
B21[1, 0, 0, 1, 1, 1, -1, 0, 0]
B21[1, 0, 0, 1, 1, 1, 0, 0, -1]
B21[1, 0, 0, 1, 1, 1, 0, 0, 0]
B21[1, 0, 1, 0, 1, 0, 0, 0, 0]
B21[1, 0, 1, 0, 1, 1, 0, -1, 0]
B21[1, 0, 1, 0, 1, 1, 0, 0, 0]
B21[1, 0, 1, 1, 0, 0, 0, 0, 0]
B21[1, 0, 1, 1, 0, 1, 0, -1, 0]
B21[1, 0, 1, 1, 0, 1, 0, 0, 0]
B21[1, 0, 1, 1, 1, -1, 0, 0, 0]
B21[1, 0, 1, 1, 1, 0, -1, 0, 0]
B21[1, 0, 1, 1, 1, 0, 0, -1, 0]
B21[1, 0, 1, 1, 1, 0, 0, 0, -1]
B21[1, 0, 1, 1, 1, 0, 0, 0, 0]
B21[1, 0, 1, 1, 1, 1, -1, -1, 0]
B21[1, 0, 1, 1, 1, 1, -1, 0, 0]
B21[1, 0, 1, 1, 1, 1, 0, -1, 0]
B21[1, 0, 1, 1, 1, 1, 0, 0, -1]
B21[1, 0, 1, 1, 1, 1, 0, 0, 0]
B21[1, 1, -1, 0, 1, 1, 0, 0, 0]
B21[1, 1, 0, -1, 1, 1, 0, 0, 0]
B21[1, 1, 0, 0, 0, 1, 0, 0, 0]
B21[1, 1, 0, 0, 1, 0, 0, 0, 0]
B21[1, 1, 0, 0, 1, 1, -1, 0, 0]
B21[1, 1, 0, 0, 1, 1, 0, -1, 0]
B21[1, 1, 0, 0, 1, 1, 0, 0, -1]
B21[1, 1, 0, 0, 1, 1, 0, 0, 0]
B21[1, 1, 1, -1, 1, 1, 0, -1, 0]
B21[1, 1, 1, -1, 1, 1, 0, 0, 0]
B21[1, 1, 1, 0, 0, 0, 0, 0, 0]
B21[1, 1, 1, 0, 0, 1, 0, -1, 0]
B21[1, 1, 1, 0, 0, 1, 0, 0, 0]
B21[1, 1, 1, 0, 1, 0, -1, 0, 0]
B21[1, 1, 1, 0, 1, 0, 0, 0, -1]
B21[1, 1, 1, 0, 1, 0, 0, 0, 0]
B21[1, 1, 1, 0, 1, 1, -1, -1, 0]
B21[1, 1, 1, 0, 1, 1, -1, 0, 0]
B21[1, 1, 1, 0, 1, 1, 0, -1, 0]
B21[1, 1, 1, 0, 1, 1, 0, 0, -1]
B21[1, 1, 1, 0, 1, 1, 0, 0, 0]