B64[-1, 0, 1, 1, 1, 1, 0]
B64[-1, 1, 1, 1, 1, 0, 0]
B64[-1, 1, 1, 1, 1, 1, 0]
B64[0, 0, 0, 1, 1, 1, 0]
B64[0, 0, 1, 1, 1, 1, -1]
B64[0, 0, 1, 1, 1, 1, 0]
B64[0, 1, 0, 0, 1, 1, 0]
B64[0, 1, 0, 1, 1, 0, 0]
B64[0, 1, 0, 1, 1, 1, 0]
B64[0, 1, 1, 0, 1, 1, -1]
B64[0, 1, 1, 0, 1, 1, 0]
B64[0, 1, 1, 1, 0, 1, 0]
B64[0, 1, 1, 1, 1, 0, 0]
B64[0, 1, 1, 1, 1, 1, -1]
B64[0, 1, 1, 1, 1, 1, 0]
B64[1, 0, 0, 1, 1, 1, -1]
B64[1, 0, 0, 1, 1, 1, 0]
B64[1, 1, -1, 0, 1, 1, 0]
B64[1, 1, -1, 1, 1, 0, 0]
B64[1, 1, -1, 1, 1, 1, 0]
B64[1, 1, 0, 0, 1, 1, -1]
B64[1, 1, 0, 0, 1, 1, 0]
B64[1, 1, 0, 1, 0, 1, 0]
B64[1, 1, 0, 1, 1, 0, 0]
B64[1, 1, 0, 1, 1, 1, -1]
B64[1, 1, 0, 1, 1, 1, 0]