B61[-1, 0, 1, 1, 1, 1, 0]
B61[-1, 1, 1, 0, 1, 1, 0]
B61[-1, 1, 1, 1, 1, 0, 0]
B61[-1, 1, 1, 1, 1, 1, 0]
B61[0, 0, 0, 1, 1, 1, 0]
B61[0, 0, 1, 0, 1, 1, 0]
B61[0, 0, 1, 1, 0, 1, 0]
B61[0, 0, 1, 1, 1, 1, -1]
B61[0, 0, 1, 1, 1, 1, 0]
B61[0, 1, 0, 0, 1, 1, 0]
B61[0, 1, 1, -1, 1, 1, 0]
B61[0, 1, 1, 0, 0, 1, 0]
B61[0, 1, 1, 0, 1, 0, 0]
B61[0, 1, 1, 0, 1, 1, -1]
B61[0, 1, 1, 0, 1, 1, 0]
B61[0, 1, 1, 1, 0, 0, 0]
B61[0, 1, 1, 1, 0, 1, 0]
B61[0, 1, 1, 1, 1, 0, 0]
B61[0, 1, 1, 1, 1, 1, -1]
B61[0, 1, 1, 1, 1, 1, 0]
B61[1, -1, 0, 1, 1, 1, 0]
B61[1, 0, -1, 1, 1, 1, 0]
B61[1, 0, 0, 0, 1, 1, 0]
B61[1, 0, 0, 1, 0, 1, 0]
B61[1, 0, 0, 1, 1, 0, 0]
B61[1, 0, 0, 1, 1, 1, -1]
B61[1, 0, 0, 1, 1, 1, 0]
B61[1, 1, -1, 0, 1, 1, 0]
B61[1, 1, -1, 1, 1, 0, 0]
B61[1, 1, -1, 1, 1, 1, 0]
B61[1, 1, 0, 0, 0, 1, 0]
B61[1, 1, 0, 0, 1, 1, -1]
B61[1, 1, 0, 0, 1, 1, 0]
B61[1, 1, 0, 1, 0, 0, 0]
B61[1, 1, 0, 1, 0, 1, 0]
B61[1, 1, 0, 1, 1, 0, 0]
B61[1, 1, 0, 1, 1, 1, -1]
B61[1, 1, 0, 1, 1, 1, 0]
B61[-1, 0, 1, 1, 1, 1, 0]
B61[-1, 1, 1, 0, 1, 1, 0]
B61[-1, 1, 1, 1, 1, 0, 0]
B61[-1, 1, 1, 1, 1, 1, 0]
B61[0, 0, 0, 1, 1, 1, 0]
B61[0, 0, 1, 0, 1, 1, 0]
B61[0, 0, 1, 1, 0, 1, 0]
B61[0, 0, 1, 1, 1, 1, -1]
B61[0, 0, 1, 1, 1, 1, 0]
B61[0, 1, 0, 0, 1, 1, 0]
B61[0, 1, 1, -1, 1, 1, 0]
B61[0, 1, 1, 0, 0, 1, 0]
B61[0, 1, 1, 0, 1, 0, 0]
B61[0, 1, 1, 0, 1, 1, -1]
B61[0, 1, 1, 0, 1, 1, 0]
B61[0, 1, 1, 1, 0, 0, 0]
B61[0, 1, 1, 1, 0, 1, 0]
B61[0, 1, 1, 1, 1, 0, 0]
B61[0, 1, 1, 1, 1, 1, -1]
B61[0, 1, 1, 1, 1, 1, 0]
B61[1, -1, 0, 1, 1, 1, 0]
B61[1, 0, -1, 1, 1, 1, 0]
B61[1, 0, 0, 0, 1, 1, 0]
B61[1, 0, 0, 1, 0, 1, 0]
B61[1, 0, 0, 1, 1, 0, 0]
B61[1, 0, 0, 1, 1, 1, -1]
B61[1, 0, 0, 1, 1, 1, 0]
B61[1, 1, -1, 0, 1, 1, 0]
B61[1, 1, -1, 1, 1, 0, 0]
B61[1, 1, -1, 1, 1, 1, 0]
B61[1, 1, 0, 0, 0, 1, 0]
B61[1, 1, 0, 0, 1, 1, -1]
B61[1, 1, 0, 0, 1, 1, 0]
B61[1, 1, 0, 1, 0, 0, 0]
B61[1, 1, 0, 1, 0, 1, 0]
B61[1, 1, 0, 1, 1, 0, 0]
B61[1, 1, 0, 1, 1, 1, -1]
B61[1, 1, 0, 1, 1, 1, 0]
B61[0, 1, 0, 1, 1, 1, 0]
B61[0, -1, 0, 1, 1, 2, 0]
B61[0, 0, 0, 0, 1, 2, 0]
B61[0, 0, 0, 1, 1, 2, 0]
B61[0, 1, 0, -1, 1, 2, 0]
B61[0, 1, 0, 0, 1, 2, 0]
B61[0, -1, 0, 1, 1, 2, 0]
B61[0, 0, 0, 0, 1, 2, 0]
B61[0, 0, 0, 1, 1, 2, 0]
B61[0, 1, 0, -1, 1, 2, 0]
B61[0, 1, 0, 0, 1, 2, 0]
B61[0, -1, 0, 2, 1, 1, 0]
B61[0, -1, 1, 1, 1, 1, 0]
B61[0, -1, 1, 2, 0, 1, 0]
B61[0, -1, 1, 2, 1, 1, 0]
B61[0, 0, 0, 2, 1, 0, 0]
B61[0, 0, 0, 2, 1, 1, 0]
B61[0, 0, 1, 1, 1, 0, 0]
B61[0, 0, 1, 2, 0, 0, 0]
B61[0, 0, 1, 2, 0, 1, 0]
B61[0, 0, 1, 2, 1, 0, 0]
B61[0, 0, 1, 2, 1, 1, 0]
B61[0, 1, 0, 1, 1, 0, 0]
B61[0, 1, 0, 1, 1, 1, 0]
B61[0, -1, 0, 2, 1, 1, 0]
B61[0, -1, 1, 1, 1, 1, 0]
B61[0, -1, 1, 2, 0, 1, 0]
B61[0, -1, 1, 2, 1, 1, 0]
B61[0, 0, 0, 2, 1, 0, 0]
B61[0, 0, 0, 2, 1, 1, 0]
B61[0, 0, 1, 1, 1, 0, 0]
B61[0, 0, 1, 2, 0, 0, 0]
B61[0, 0, 1, 2, 0, 1, 0]
B61[0, 0, 1, 2, 1, 0, 0]
B61[0, 0, 1, 2, 1, 1, 0]
B61[0, 1, 0, 1, 1, 0, 0]
B61[-1, 0, 1, 2, 1, 1, 0]
B61[0, 0, 1, 2, 1, 1, -1]
B61[0, 2, 0, -1, 1, 1, 0]
B61[0, 2, 0, 0, 1, 0, 0]
B61[0, 2, 0, 0, 1, 1, 0]
B61[1, 1, 0, -1, 1, 1, 0]
B61[1, 1, 0, 0, 1, 0, 0]
B61[1, 2, 0, -1, 0, 1, 0]
B61[1, 2, 0, -1, 1, 1, 0]
B61[1, 2, 0, 0, 0, 0, 0]
B61[1, 2, 0, 0, 0, 1, 0]
B61[1, 2, 0, 0, 1, 0, 0]
B61[1, 2, 0, 0, 1, 1, 0]
B61[0, 2, 0, -1, 1, 1, 0]
B61[0, 2, 0, 0, 1, 0, 0]
B61[0, 2, 0, 0, 1, 1, 0]
B61[1, 1, 0, -1, 1, 1, 0]
B61[1, 1, 0, 0, 1, 0, 0]
B61[1, 2, 0, -1, 0, 1, 0]
B61[1, 2, 0, -1, 1, 1, 0]
B61[1, 2, 0, 0, 0, 0, 0]
B61[1, 2, 0, 0, 0, 1, 0]
B61[1, 2, 0, 0, 1, 0, 0]
B61[1, 2, 0, 0, 1, 1, 0]
B61[1, 2, -1, 0, 1, 1, 0]
B61[1, 2, 0, 0, 1, 1, -1]