504 8983758861311025601 1 6
4 7 5 3 8 6 

500 16696610929435815931 1 6
4 8 6 7 5 2 

498 10066508053477184855 1 6
4 7 5 1 8 6 

497 16058661745846424523 1 6
4 8 6 7 5 0 

492 5157167213269850707 2 6
7 5 2 6 8 3 
7 5 2 8 6 3 

490 11644400199641714543 4 6
5 7 6 8 3 1 
5 7 8 6 3 1 
7 5 6 8 3 1 
7 5 8 6 3 1 

489 9162629912626132896 4 6
5 7 0 6 8 3 
5 7 0 8 6 3 
7 5 0 6 8 3 
7 5 0 8 6 3 

486 13860689838096188588 2 6
7 5 2 6 8 1 
7 5 2 8 6 1 

485 10672026938645979996 2 6
6 8 7 5 2 0 
8 6 7 5 2 0 

483 7556568390781151128 4 6
5 7 0 6 8 1 
5 7 0 8 6 1 
7 5 0 6 8 1 
7 5 0 8 6 1 

476 8445408137340160852 1 6
4 7 2 3 8 6 

206 14616632083562597693 2 5
2 7 3 6 1 
7 2 3 6 1 

205 7905877410704223438 4 5
3 6 2 7 0 
3 6 7 2 0 
6 3 2 7 0 
6 3 7 2 0 

462 17299725787024629657 4 6
2 7 6 8 3 1 
2 7 8 6 3 1 
7 2 6 8 3 1 
7 2 8 6 3 1 

171 4208969882742548835 4 5
1 3 5 7 0 
1 3 7 5 0 
3 1 5 7 0 
3 1 7 5 0 

428 7692348761547474963 2 5
3 8 7 5 2 
8 3 7 5 2 

143 9353911023410884434 4 5
1 3 2 7 0 
1 3 7 2 0 
3 1 2 7 0 
3 1 7 2 0 

400 3047226301015124850 2 3
4 7 8 
4 8 7 

124 9073964938554999908 1 5
4 6 3 5 2 

122 11641854303559109440 1 5
4 5 6 1 3 

121 7230885370479906646 1 5
4 6 3 0 5 

378 10793064682037979247 2 6
4 5 6 8 1 3 
4 5 8 6 1 3 

118 14297697324498089149 1 5
4 5 2 6 1 

117 16499560517107221959 1 5
4 6 0 5 2 

374 14220827792822674075 2 6
4 5 2 6 8 1 
4 5 2 8 6 1 

115 853961704484740827 1 5
4 6 1 0 5 

372 16494253854718270070 2 5
4 6 8 5 2 
4 8 6 5 2 

110 9790552062928102198 2 5
2 5 3 6 1 
5 2 3 6 1 

109 6002699760245130220 4 5
3 6 5 2 0 
3 6 2 5 0 
6 3 2 5 0 
6 3 5 2 0 

366 13793909043879996934 4 6
2 5 6 8 3 1 
2 5 8 6 3 1 
5 2 6 8 3 1 
5 2 8 6 3 1 

94 178716277397378625 1 5
4 2 3 6 1 

93 12627487079549279560 1 5
4 6 3 0 2 

350 15626208306921155621 2 6
4 2 6 8 3 1 
4 2 8 6 3 1 

91 7953397695523885456 1 5
4 0 6 3 1 

348 3767929981123368814 2 5
4 2 6 8 3 
4 2 8 6 3 

214 17275550479969605339 1 5
4 7 2 1 6 

87 12853073529214811243 2 5
4 0 2 6 1 
4 6 1 0 2 

344 6596899358322770402 2 4
4 6 8 3 
4 8 6 3 

62 3762456242715523987 4 5
4 2 5 1 3 
4 3 1 5 2 
4 1 3 2 5 
4 5 2 3 1 

188 10654999688332078279 1 5
4 3 7 5 2 

61 7111362521929414255 1 5
4 3 2 5 0 

318 12606460746925693641 1 6
4 5 2 8 3 1 

186 17310404104328967614 1 5
4 7 5 3 1 

59 2616171361033625661 1 5
4 1 3 5 0 

316 9073964938554999908 1 5
4 8 3 5 2 

182 2831696975759634956 1 5
4 1 7 5 2 

55 7111362521929414255 1 5
4 1 5 2 0 

312 3050327367987057067 1 4
4 5 8 3 

174 4197674047833339211 2 5
1 3 7 5 2 
3 1 7 5 2 

47 10729626786035307665 4 5
1 3 2 5 0 
1 3 5 2 0 
3 1 2 5 0 
3 1 5 2 0 

304 8533824145127251727 2 3
4 5 8 
4 8 5 

158 15795186639287284035 1 5
4 7 2 3 1 

31 2616171361033625661 1 5
4 3 1 2 0 

480 18159398951093837362 4 4
5 7 6 8 
5 7 8 6 
7 5 6 8 
7 5 8 6 

452 5568158931765736262 8 4
2 7 6 8 
2 7 8 6 
6 8 7 2 
6 8 2 7 
7 2 6 8 
7 2 8 6 
8 6 7 2 
8 6 2 7 

356 11817618753924715730 4 4
6 8 2 5 
6 8 5 2 
8 6 5 2 
8 6 2 5 

151 830062045661075645 1 5
4 1 7 2 0 

408 4157404743380198280 1 4
4 7 3 8 

278 4849430361981918121 2 4
4 2 1 8 
4 2 8 1 

232 5727391816622074593 4 4
5 7 6 3 
5 7 3 6 
7 5 6 3 
7 5 3 6 

88 11061276152206202204 2 3
4 3 6 
4 6 3 

345 11849484468264833386 1 5
4 0 6 8 3 

401 10346926734345230251 1 4
4 8 7 0 

147 916175729083138007 1 4
4 1 7 0 

404 14639998256009746887 1 4
4 8 7 2 

300 11784542988955640524 4 4
3 8 5 2 
3 8 2 5 
8 3 5 2 
8 3 2 5 

46 14380934779866056467 8 4
1 3 2 5 
1 3 5 2 
2 5 3 1 
2 5 1 3 
3 1 2 5 
3 1 5 2 
5 2 3 1 
5 2 1 3 

303 14898160288574049996 2 6
3 8 1 5 2 0 
3 8 1 2 5 0 

90 3630512092471117031 1 4
4 3 6 1 

347 9922981199135145909 1 6
4 0 6 8 3 1 

176 14763710330307144267 2 3
4 5 7 
4 7 5 

433 3129240813943212082 1 5
4 8 7 5 0 

185 11320040185623688620 1 5
4 3 7 5 0 

442 5449461735270083915 1 6
4 7 5 3 1 8 

58 18311064358276448373 1 4
4 5 1 3 

315 14070620920391185230 1 6
4 5 0 8 1 3 

402 5798445035733132083 1 4
4 7 1 8 

275 4849430361981918121 2 4
4 0 1 8 
4 0 8 1 

148 5697750978532764374 2 3
4 2 7 
4 7 2 

405 16370197442851068734 1 5
4 8 7 2 0 

157 10113216712279345695 1 5
4 3 7 2 0 

414 16799148102649461967 1 6
4 7 2 3 1 8 

284 10311077241947854996 1 4
4 2 3 8 

27 15341098496462360047 2 4
4 0 3 1 
4 0 1 3 

30 18311064358276448373 1 4
4 2 3 1 

287 16854730114601992142 1 6
4 2 0 3 8 1 

216 18428332002468905085 1 4
4 7 3 6 

473 1044123433882165418 1 6
4 7 0 3 8 6 

89 1138969267623575272 1 4
4 0 6 3 

346 3878353110944343332 2 5
4 6 8 3 1 
4 8 6 3 1 

276 14464322681345727777 2 3
4 2 8 
4 8 2 

19 14464322681345727777 2 3
4 1 0 
4 0 1 

149 6934963488335717096 2 4
4 2 7 0 
4 7 2 0 

406 11516531708579799059 1 5
4 7 2 1 8 

22 14464322681345727777 2 3
4 2 1 
4 1 2 

279 13359856559744027423 8 5
4 1 8 0 2 
4 1 8 2 0 
4 2 0 1 8 
4 2 0 8 1 
4 0 2 1 8 
4 0 2 8 1 
4 8 1 0 2 
4 8 1 2 0 

208 14464322681345727777 2 3
4 6 7 
4 7 6 

465 2552553552591044298 1 5
4 8 6 7 0 

81 5398266633630539269 2 3
4 0 6 
4 6 0 

338 6934963488335717096 2 4
4 6 8 1 
4 8 6 1 

211 11216585954434491421 2 5
4 1 6 7 0 
4 7 0 1 6 

468 17890715876618279519 2 5
4 7 2 8 6 
4 8 6 7 2 

84 14464322681345727777 2 3
4 2 6 
4 6 2 

341 771842205880220793 1 5
4 6 8 0 2 

152 7977311541644482511 2 3
4 3 7 
4 7 3 

409 3312668338326030515 1 5
4 7 0 3 8 

25 14464322681345727777 2 3
4 3 0 
4 0 3 

282 3630512092471117031 1 4
4 3 8 1 

212 6298028786061420797 2 4
4 6 2 7 
4 6 7 2 

469 16857934360656143257 1 6
4 8 6 7 2 0 

85 17968063984761347139 1 4
4 6 0 2 

342 11277496011525404436 2 5
4 2 6 8 1 
4 2 8 6 1 

155 3264907934763934922 1 5
4 7 0 3 1 

412 2528623595085148911 1 5
4 7 2 3 8 

28 7777280951167004470 2 3
4 3 2 
4 2 3 

285 9903936530372937637 1 5
4 3 8 2 0 

273 14464322681345727777 2 3
4 0 8 
4 8 0 

146 9790497849770534921 2 3
4 1 7 
4 7 1 

403 5095452747612361706 1 5
4 7 0 1 8 

213 12789004605022199965 2 5
4 6 2 7 0 
4 6 7 2 0 

470 6071858105637314475 1 6
4 7 2 1 8 6 

340 6298028786061420797 2 4
4 2 6 8 
4 2 8 6 

83 17968063984761347139 1 4
4 0 6 1 

86 4849430361981918121 2 4
4 2 1 6 
4 2 6 1 

343 4641645806693332200 1 6
4 0 2 6 8 1 

204 4257650133633766769 4 4
2 7 6 3 
2 7 3 6 
7 2 6 3 
7 2 3 6 

461 7462132151393589632 4 6
6 8 3 7 2 0 
6 8 3 2 7 0 
8 6 3 2 7 0 
8 6 3 7 2 0 

56 14464322681345727777 2 3
4 3 5 
4 5 3 

313 13390138917838740531 1 5
4 8 3 5 0 

179 5058253418011446599 1 5
4 1 7 5 0 

436 6425611491435901231 1 5
4 8 7 5 2 

306 12429872557421794535 1 4
4 5 8 1 

52 8634870613964526517 2 3
4 2 5 
4 5 2 

309 894951450646902563 1 5
4 8 5 2 0 

424 5727391816622074593 4 4
5 7 3 8 
5 7 8 3 
7 5 3 8 
7 5 8 3 

170 8518306885882634279 4 4
5 7 1 3 
5 7 3 1 
7 5 3 1 
7 5 1 3 

427 16952259715128097189 2 6
5 7 0 3 8 1 
7 5 0 3 8 1 

112 8533824145127251727 2 3
4 5 6 
4 6 5 

369 2677597217180333213 1 5
4 6 8 0 5 

181 3668030124471059285 1 5
4 7 5 2 0 

438 10965848553060872426 1 6
4 1 8 7 5 2 

308 17375172383236983018 1 4
4 8 5 2 

51 2312160739410427022 1 4
4 1 5 0 

54 18311064358276448373 1 4
4 1 5 2 

311 3048423394994016179 1 6
4 8 1 5 2 0 

240 5957220961581114427 1 4
4 6 5 7 

113 9342820779332737427 1 4
4 6 0 5 

370 7377595863736595446 2 5
4 5 6 8 1 
4 5 8 6 1 

116 17375172383236983018 1 4
4 6 5 2 

373 13170451116859145344 1 6
4 6 8 0 5 2 

60 18311064358276448373 1 4
4 3 2 5 

317 7785020127833461619 1 6
4 8 3 5 2 0 

432 4901044740930441352 1 4
4 8 7 5 

175 11492265054378255289 2 6
1 3 7 5 2 0 
3 1 7 5 2 0 

305 17602868424231897060 1 4
4 8 5 0 

178 4183753754397426794 1 4
4 1 7 5 

435 16265505885034891399 1 6
4 1 8 7 5 0 

464 14639998256009746887 1 4
4 7 8 6 

207 16535807008461638957 2 6
2 7 0 3 6 1 
7 2 0 3 6 1 

337 14609479646097825927 1 4
4 0 6 8 

210 916175729083138007 1 4
4 7 1 6 

467 12587564158442428059 1 6
4 7 0 1 8 6 

396 4257650133633766769 4 4
2 7 3 8 
2 7 8 3 
7 2 3 8 
7 2 8 3 

142 11817618753924715730 4 4
2 7 3 1 
2 7 1 3 
7 2 3 1 
7 2 1 3 

399 16535807008461638957 2 6
2 7 0 3 8 1 
7 2 0 3 8 1 

92 10311077241947854996 1 4
4 2 3 6 

349 9818337206873248212 1 6
4 0 2 6 8 3 

108 11784542988955640524 4 4
3 6 5 2 
3 6 2 5 
6 3 5 2 
6 3 2 5 

365 8976651791188439622 4 6
6 8 3 5 2 0 
6 8 3 2 5 0 
8 6 3 5 2 0 
8 6 3 2 5 0 

368 6018002103966405847 2 4
4 5 6 8 
4 5 8 6 

111 14898160288574049996 2 6
3 6 1 5 2 0 
3 6 1 2 5 0 

114 12429872557421794535 1 4
4 5 6 1 

371 3615562138260960244 1 6
4 0 5 6 8 1 

120 3050327367987057067 1 4
4 5 6 3 

377 12791453626580062382 1 6
4 0 5 6 8 3 

277 4849430361981918121 2 4
4 8 0 2 
4 8 2 0 

23 4849430361981918121 2 4
4 1 2 0 
4 1 0 2 

280 11061276152206202204 2 3
4 3 8 
4 8 3 

150 6041515667341660060 1 4
4 1 7 2 

407 5168822513000828277 1 6
4 1 8 7 2 0 

336 5697750978532764374 2 3
4 6 8 
4 8 6 

209 17968063984761347139 1 4
4 6 0 7 

466 12449304336708379570 1 5
4 7 1 8 6 

26 8634870613964526517 2 3
4 3 1 
4 1 3 

283 14001828452735926145 1 5
4 0 3 8 1 

153 4444199970412988080 1 4
4 3 7 0 

410 6277772690906393175 1 5
4 7 3 1 8 

281 14290825411384840519 2 4
4 0 3 8 
4 0 8 3 

154 7563883697891266351 1 4
4 7 3 1 

411 3667525298048364230 1 6
4 7 0 3 1 8 

29 2312160739410427022 1 4
4 3 2 0 

286 178716277397378625 1 5
4 2 3 8 1 

156 6466001861708672411 1 4
4 3 7 2 

413 5100638066232640774 1 6
4 3 8 7 2 0 

50 7777280951167004470 2 3
4 1 5 
4 5 1 

307 6971557178699073423 1 5
4 5 0 8 1 

177 3253909431682071593 2 4
4 5 7 0 
4 7 5 0 

434 1308251578141625553 1 5
4 7 5 1 8 

53 10237761291075094997 2 4
4 2 5 0 
4 5 2 0 

310 14297697324498089149 1 5
4 5 2 8 1 

180 822643310015681936 1 4
4 7 5 2 

437 6152138773745824155 1 6
4 8 7 5 2 0 

57 4849430361981918121 2 4
4 3 0 5 
4 3 5 0 

314 11641854303559109440 1 5
4 5 8 1 3 

184 6418106841632012880 1 4
4 3 7 5 

441 8927342449870607479 1 6
4 3 8 7 5 0 

217 17887527886917745774 1 5
4 3 6 7 0 

474 16167357333050111870 1 6
4 7 3 1 8 6 

218 2053909852281836959 1 5
4 7 3 1 6 

220 7104247808558583553 1 5
4 7 2 3 6 

233 7410842931247377153 4 5
3 6 5 7 0 
3 6 7 5 0 
6 3 5 7 0 
6 3 7 5 0 

234 5456443916536502693 2 5
5 7 3 6 1 
7 5 3 6 1 

236 7692348761547474963 2 5
3 6 7 5 2 
6 3 7 5 2 

241 2406807921649783678 1 5
4 6 5 7 0 

242 33839481274773656 1 5
4 7 5 1 6 

244 3789272378493105986 1 5
4 6 7 5 2 

248 13093591811495622377 1 5
4 7 5 3 6 

301 6002699760245130220 4 5
3 8 5 2 0 
3 8 2 5 0 
8 3 2 5 0 
8 3 5 2 0 

302 9790552062928102198 2 5
2 5 3 8 1 
5 2 3 8 1 

339 2932521075817152472 1 5
4 0 6 8 1 

357 14369608255985264164 4 5
6 8 5 2 0 
6 8 2 5 0 
8 6 5 2 0 
8 6 2 5 0 

358 9353911023410884434 4 5
2 5 6 8 1 
2 5 8 6 1 
5 2 6 8 1 
5 2 8 6 1 

364 18024137354122388793 4 5
2 5 6 8 3 
2 5 8 6 3 
5 2 6 8 3 
5 2 8 6 3 

376 13815215953765805337 2 5
4 5 6 8 3 
4 5 8 6 3 

119 5900872687390712354 1 6
4 6 1 0 5 2 

397 7905877410704223438 4 5
3 8 7 2 0 
3 8 2 7 0 
8 3 2 7 0 
8 3 7 2 0 

398 14616632083562597693 2 5
2 7 3 8 1 
7 2 3 8 1 

425 7410842931247377153 4 5
3 8 5 7 0 
3 8 7 5 0 
8 3 5 7 0 
8 3 7 5 0 

426 5456443916536502693 2 5
5 7 3 8 1 
7 5 3 8 1 

440 6017638800447673405 1 5
4 7 5 3 8 

183 14218890332470972375 1 6
4 1 7 5 2 0 

453 15486635454966755162 4 5
6 8 7 2 0 
6 8 2 7 0 
8 6 2 7 0 
8 6 7 2 0 

454 15486635454966755162 4 5
2 7 6 8 1 
2 7 8 6 1 
7 2 6 8 1 
7 2 8 6 1 

460 17155845982111654434 4 5
2 7 6 8 3 
2 7 8 6 3 
7 2 6 8 3 
7 2 8 6 3 

472 11363765909767569324 1 5
4 7 3 8 6 

215 304164329369562150 1 6
4 1 6 7 2 0 

481 4288392202833259753 4 5
6 8 7 5 0 
6 8 5 7 0 
8 6 5 7 0 
8 6 7 5 0 

482 471866663900493169 4 5
5 7 6 8 1 
5 7 8 6 1 
7 5 6 8 1 
7 5 8 6 1 

484 3021136800975965599 2 5
6 8 7 5 2 
8 6 7 5 2 

488 16501348674692068977 4 5
5 7 6 8 3 
5 7 8 6 3 
7 5 6 8 3 
7 5 8 6 3 

496 8781897887308974232 1 5
4 7 5 8 6 

63 16240631622866647204 2 6
4 1 3 2 5 0 
4 3 1 5 2 0 

95 8295326820076717626 1 6
4 0 2 6 3 1 

123 14736645439603413592 1 6
4 0 5 6 1 3 

380 11810940080261084876 2 6
4 5 2 6 8 3 
4 5 2 8 6 3 

125 17967633635082476981 1 6
4 6 3 0 5 2 

126 12606460746925693641 1 6
4 5 2 6 3 1 

159 66655058207306865 1 6
4 3 1 7 2 0 

187 4100909422493436693 1 6
4 3 1 7 5 0 

444 1778523176236837925 1 6
4 3 8 7 5 2 

189 11354577083130786838 1 6
4 3 7 5 2 0 

190 9306719472290875071 1 6
4 3 1 7 5 2 

219 16723244864892406072 1 6
4 7 0 3 1 6 

221 10416225258069659730 1 6
4 3 6 7 2 0 

222 7748332939017031251 1 6
4 7 2 3 1 6 

235 16952259715128097189 2 6
5 7 0 3 6 1 
7 5 0 3 6 1 

237 5529481698028835169 2 6
3 6 7 5 2 0 
6 3 7 5 2 0 

238 5296095162799833053 1 6
7 5 2 3 6 1 

243 202532180719193958 1 6
4 1 6 7 5 0 

245 13156606790529721861 1 6
4 6 7 5 2 0 

246 7517532388653329175 1 6
4 1 6 7 5 2 

249 10739518296109177617 1 6
4 3 6 7 5 0 

250 8477460306533450058 1 6
4 7 5 3 1 6 

252 8334478736061024399 1 6
4 3 6 7 5 2 

359 8170282926877314653 4 6
6 8 1 5 2 0 
6 8 1 2 5 0 
8 6 1 5 2 0 
8 6 1 2 5 0 

429 5529481698028835169 2 6
3 8 7 5 2 0 
8 3 7 5 2 0 

430 5296095162799833053 1 6
7 5 2 3 8 1 

455 7944229932947722664 8 6
2 7 0 6 8 1 
2 7 0 8 6 1 
6 8 1 7 2 0 
6 8 1 2 7 0 
7 2 0 6 8 1 
7 2 0 8 6 1 
8 6 1 2 7 0 
8 6 1 7 2 0 

