D1[-1, 0, 1, 1, 1, 1, 0, 0, 0]
D1[-1, 1, 1, 0, 1, 1, 0, 0, 0]
D1[-1, 1, 1, 1, 1, 0, 0, 0, 0]
D1[-1, 1, 1, 1, 1, 1, 0, 0, -1]
D1[-1, 1, 1, 1, 1, 1, 0, 0, 0]
D1[0, -1, 1, 1, 1, 1, 0, 0, 0]
D1[0, 0, 0, 1, 1, 1, 0, 0, 0]
D1[0, 0, 1, 0, 1, 1, 0, 0, 0]
D1[0, 0, 1, 1, 0, 1, 0, 0, 0]
D1[0, 0, 1, 1, 1, 0, 0, 0, 0]
D1[0, 0, 1, 1, 1, 1, -1, 0, 0]
D1[0, 0, 1, 1, 1, 1, 0, -1, 0]
D1[0, 0, 1, 1, 1, 1, 0, 0, -1]
D1[0, 0, 1, 1, 1, 1, 0, 0, 0]
D1[0, 1, 0, 0, 1, 1, 0, 0, 0]
D1[0, 1, 0, 1, 1, 0, 0, 0, 0]
D1[0, 1, 0, 1, 1, 1, 0, 0, -1]
D1[0, 1, 0, 1, 1, 1, 0, 0, 0]
D1[0, 1, 1, -1, 1, 1, 0, 0, 0]
D1[0, 1, 1, 0, 0, 1, 0, 0, 0]
D1[0, 1, 1, 0, 1, 0, 0, 0, 0]
D1[0, 1, 1, 0, 1, 1, -1, 0, 0]
D1[0, 1, 1, 0, 1, 1, 0, -1, 0]
D1[0, 1, 1, 0, 1, 1, 0, 0, -1]
D1[0, 1, 1, 0, 1, 1, 0, 0, 0]
D1[0, 1, 1, 1, 0, 0, 0, 0, 0]
D1[0, 1, 1, 1, 0, 1, 0, 0, -1]
D1[0, 1, 1, 1, 0, 1, 0, 0, 0]
D1[0, 1, 1, 1, 1, -1, 0, 0, 0]
D1[0, 1, 1, 1, 1, 0, -1, 0, 0]
D1[0, 1, 1, 1, 1, 0, 0, -1, 0]
D1[0, 1, 1, 1, 1, 0, 0, 0, -1]
D1[0, 1, 1, 1, 1, 0, 0, 0, 0]
D1[0, 1, 1, 1, 1, 1, -1, 0, -1]
D1[0, 1, 1, 1, 1, 1, -1, 0, 0]
D1[0, 1, 1, 1, 1, 1, 0, -1, -1]
D1[0, 1, 1, 1, 1, 1, 0, -1, 0]
D1[0, 1, 1, 1, 1, 1, 0, 0, -2]
D1[0, 1, 1, 1, 1, 1, 0, 0, -1]
D1[0, 1, 1, 1, 1, 1, 0, 0, 0]
D1[1, -2, 1, 1, 1, 1, 0, 0, 0]
D1[1, -1, 0, 1, 1, 1, 0, 0, 0]
D1[1, -1, 1, 1, 0, 1, 0, 0, 0]
D1[1, -1, 1, 1, 1, 0, 0, 0, 0]
D1[1, -1, 1, 1, 1, 1, -1, 0, 0]
D1[1, -1, 1, 1, 1, 1, 0, -1, 0]
D1[1, -1, 1, 1, 1, 1, 0, 0, -1]
D1[1, -1, 1, 1, 1, 1, 0, 0, 0]
D1[1, 0, -1, 1, 1, 1, 0, 0, 0]
D1[1, 0, 0, 0, 1, 1, 0, 0, 0]
D1[1, 0, 0, 1, 0, 1, 0, 0, 0]
D1[1, 0, 0, 1, 1, 0, 0, 0, 0]
D1[1, 0, 0, 1, 1, 1, -1, 0, 0]
D1[1, 0, 0, 1, 1, 1, 0, -1, 0]
D1[1, 0, 0, 1, 1, 1, 0, 0, -1]
D1[1, 0, 0, 1, 1, 1, 0, 0, 0]
D1[1, 0, 1, -1, 1, 1, 0, 0, 0]
D1[1, 0, 1, 0, 1, 0, 0, 0, 0]
D1[1, 0, 1, 0, 1, 1, -1, 0, 0]
D1[1, 0, 1, 0, 1, 1, 0, -1, 0]
D1[1, 0, 1, 0, 1, 1, 0, 0, -1]
D1[1, 0, 1, 0, 1, 1, 0, 0, 0]
D1[1, 0, 1, 1, 0, 0, 0, 0, 0]
D1[1, 0, 1, 1, 0, 1, -1, 0, 0]
D1[1, 0, 1, 1, 0, 1, 0, -1, 0]
D1[1, 0, 1, 1, 0, 1, 0, 0, -1]
D1[1, 0, 1, 1, 0, 1, 0, 0, 0]
D1[1, 0, 1, 1, 1, -1, 0, 0, 0]
D1[1, 0, 1, 1, 1, 0, -1, 0, 0]
D1[1, 0, 1, 1, 1, 0, 0, -1, 0]
D1[1, 0, 1, 1, 1, 0, 0, 0, -1]
D1[1, 0, 1, 1, 1, 0, 0, 0, 0]
D1[1, 0, 1, 1, 1, 1, -2, 0, 0]
D1[1, 0, 1, 1, 1, 1, -1, -1, 0]
D1[1, 0, 1, 1, 1, 1, -1, 0, -1]
D1[1, 0, 1, 1, 1, 1, -1, 0, 0]
D1[1, 0, 1, 1, 1, 1, 0, -2, 0]
D1[1, 0, 1, 1, 1, 1, 0, -1, -1]
D1[1, 0, 1, 1, 1, 1, 0, -1, 0]
D1[1, 0, 1, 1, 1, 1, 0, 0, -2]
D1[1, 0, 1, 1, 1, 1, 0, 0, -1]
D1[1, 0, 1, 1, 1, 1, 0, 0, 0]
D1[1, 1, -1, 0, 1, 1, 0, 0, 0]
D1[1, 1, -1, 1, 1, 0, 0, 0, 0]
D1[1, 1, -1, 1, 1, 1, 0, 0, -1]
D1[1, 1, -1, 1, 1, 1, 0, 0, 0]
D1[1, 1, 0, -1, 1, 1, 0, 0, 0]
D1[1, 1, 0, 0, 0, 1, 0, 0, 0]
D1[1, 1, 0, 0, 1, 0, 0, 0, 0]
D1[1, 1, 0, 0, 1, 1, -1, 0, 0]
D1[1, 1, 0, 0, 1, 1, 0, -1, 0]
D1[1, 1, 0, 0, 1, 1, 0, 0, -1]
D1[1, 1, 0, 0, 1, 1, 0, 0, 0]
D1[1, 1, 0, 1, 0, 0, 0, 0, 0]
D1[1, 1, 0, 1, 0, 1, 0, 0, -1]
D1[1, 1, 0, 1, 0, 1, 0, 0, 0]
D1[1, 1, 0, 1, 1, -1, 0, 0, 0]
D1[1, 1, 0, 1, 1, 0, -1, 0, 0]
D1[1, 1, 0, 1, 1, 0, 0, -1, 0]
D1[1, 1, 0, 1, 1, 0, 0, 0, -1]
D1[1, 1, 0, 1, 1, 0, 0, 0, 0]
D1[1, 1, 0, 1, 1, 1, -1, 0, -1]
D1[1, 1, 0, 1, 1, 1, -1, 0, 0]
D1[1, 1, 0, 1, 1, 1, 0, -1, -1]
D1[1, 1, 0, 1, 1, 1, 0, -1, 0]
D1[1, 1, 0, 1, 1, 1, 0, 0, -2]
D1[1, 1, 1, -1, 0, 1, 0, 0, 0]
D1[1, 1, 1, -1, 1, 1, -1, 0, 0]
D1[1, 1, 1, -1, 1, 1, 0, -1, 0]
D1[1, 1, 1, 0, 0, 0, 0, 0, 0]
D1[1, 1, 1, 0, 0, 1, -1, 0, 0]
D1[1, 1, 1, 0, 0, 1, 0, -1, 0]
D1[1, 1, 1, 0, 0, 1, 0, 0, -1]
D1[1, 1, 1, 0, 0, 1, 0, 0, 0]
D1[1, 1, 1, 0, 1, 0, -1, 0, 0]
D1[1, 1, 1, 0, 1, 0, 0, -1, 0]
D1[1, 1, 1, 0, 1, 1, -2, 0, 0]
D1[1, 1, 1, 0, 1, 1, -1, -1, 0]
D1[1, 1, 1, 0, 1, 1, -1, 0, -1]
D1[1, 1, 1, 0, 1, 1, -1, 0, 0]
D1[1, 1, 1, 0, 1, 1, 0, -2, 0]
D1[1, 1, 1, 0, 1, 1, 0, -1, -1]
D1[1, 1, 1, 0, 1, 1, 0, -1, 0]
D1[1, 1, 1, 1, -1, 1, 0, 0, 0]
D1[1, 1, 1, 1, 0, -1, 0, 0, 0]
D1[1, 1, 1, 1, 0, 0, -1, 0, 0]
D1[1, 1, 1, 1, 0, 0, 0, -1, 0]
D1[1, 1, 1, 1, 0, 0, 0, 0, -1]
D1[1, 1, 1, 1, 0, 0, 0, 0, 0]
D1[1, 1, 1, 1, 0, 1, -1, 0, -1]
D1[1, 1, 1, 1, 0, 1, -1, 0, 0]
D1[1, 1, 1, 1, 0, 1, 0, -1, -1]
D1[1, 1, 1, 1, 0, 1, 0, -1, 0]
D1[1, 1, 1, 1, 0, 1, 0, 0, -2]
D1[1, 1, 1, 1, 0, 1, 0, 0, -1]
D1[1, 1, 1, 1, 0, 1, 0, 0, 0]
D1[-1, 1, 0, 1, 1, 1, 0, 0, 0]
D1[-1, 2, 0, 0, 1, 1, 0, 0, 0]
D1[-1, 2, 0, 1, 1, 0, 0, 0, 0]
D1[-1, 2, 0, 1, 1, 1, 0, 0, -1]
D1[-1, 2, 0, 1, 1, 1, 0, 0, 0]
D1[0, 1, -1, 1, 1, 1, 0, 0, 0]
D1[0, 1, 0, 1, 0, 1, 0, 0, 0]
D1[0, 1, 0, 1, 1, 1, -1, 0, 0]
D1[0, 1, 0, 1, 1, 1, 0, -1, 0]
D1[0, 2, -1, 0, 1, 1, 0, 0, 0]
D1[0, 2, -1, 1, 1, 0, 0, 0, 0]
D1[0, 2, -1, 1, 1, 1, 0, 0, -1]
D1[0, 2, -1, 1, 1, 1, 0, 0, 0]
D1[0, 2, 0, -1, 1, 1, 0, 0, 0]
D1[0, 2, 0, 0, 0, 1, 0, 0, 0]
D1[0, 2, 0, 0, 1, 0, 0, 0, 0]
D1[0, 2, 0, 0, 1, 1, -1, 0, 0]
D1[0, 2, 0, 0, 1, 1, 0, -1, 0]
D1[0, 2, 0, 0, 1, 1, 0, 0, -1]
D1[0, 2, 0, 0, 1, 1, 0, 0, 0]
D1[0, 2, 0, 1, 0, 0, 0, 0, 0]
D1[0, 2, 0, 1, 0, 1, 0, 0, -1]
D1[0, 2, 0, 1, 0, 1, 0, 0, 0]
D1[0, 2, 0, 1, 1, -1, 0, 0, 0]
D1[0, 2, 0, 1, 1, 0, -1, 0, 0]
D1[0, 2, 0, 1, 1, 0, 0, -1, 0]
D1[0, 2, 0, 1, 1, 0, 0, 0, -1]
D1[0, 2, 0, 1, 1, 0, 0, 0, 0]
D1[0, 2, 0, 1, 1, 1, -1, 0, -1]
D1[0, 2, 0, 1, 1, 1, -1, 0, 0]
D1[0, 2, 0, 1, 1, 1, 0, -1, -1]
D1[0, 2, 0, 1, 1, 1, 0, -1, 0]
D1[0, 2, 0, 1, 1, 1, 0, 0, -2]
D1[0, 2, 0, 1, 1, 1, 0, 0, -1]
D1[0, 2, 0, 1, 1, 1, 0, 0, 0]
D1[1, 1, -2, 1, 1, 1, 0, 0, 0]
D1[1, 1, -1, 1, 0, 1, 0, 0, 0]
D1[1, 1, -1, 1, 1, 1, -1, 0, 0]
D1[1, 1, -1, 1, 1, 1, 0, -1, 0]
D1[1, 1, 0, 1, 0, 1, -1, 0, 0]
D1[1, 1, 0, 1, 0, 1, 0, -1, 0]
D1[1, 1, 0, 1, 1, 1, -2, 0, 0]
D1[1, 1, 0, 1, 1, 1, -1, -1, 0]
D1[1, 1, 0, 1, 1, 1, 0, -2, 0]
D1[1, 1, 0, 1, 1, 1, 0, 0, -1]
D1[1, 1, 0, 1, 1, 1, 0, 0, 0]
D1[1, 2, -2, 0, 1, 1, 0, 0, 0]
D1[1, 2, -2, 1, 1, 0, 0, 0, 0]
D1[1, 2, -2, 1, 1, 1, 0, 0, -1]
D1[1, 2, -2, 1, 1, 1, 0, 0, 0]
D1[1, 2, -1, -1, 1, 1, 0, 0, 0]
D1[1, 2, -1, 0, 0, 1, 0, 0, 0]
D1[1, 2, -1, 0, 1, 0, 0, 0, 0]
D1[1, 2, -1, 0, 1, 1, -1, 0, 0]
D1[1, 2, -1, 0, 1, 1, 0, -1, 0]
D1[1, 2, -1, 0, 1, 1, 0, 0, -1]
D1[1, 2, -1, 0, 1, 1, 0, 0, 0]
D1[1, 2, -1, 1, 0, 0, 0, 0, 0]
D1[1, 2, -1, 1, 0, 1, 0, 0, -1]
D1[1, 2, -1, 1, 0, 1, 0, 0, 0]
D1[1, 2, -1, 1, 1, -1, 0, 0, 0]
D1[1, 2, -1, 1, 1, 0, -1, 0, 0]
D1[1, 2, -1, 1, 1, 0, 0, -1, 0]
D1[1, 2, -1, 1, 1, 0, 0, 0, -1]
D1[1, 2, -1, 1, 1, 0, 0, 0, 0]
D1[1, 2, -1, 1, 1, 1, -1, 0, -1]
D1[1, 2, -1, 1, 1, 1, -1, 0, 0]
D1[1, 2, -1, 1, 1, 1, 0, -1, -1]
D1[1, 2, -1, 1, 1, 1, 0, -1, 0]
D1[1, 2, 0, -1, 0, 1, 0, 0, 0]
D1[1, 2, 0, -1, 1, 1, -1, 0, 0]
D1[1, 2, 0, -1, 1, 1, 0, -1, 0]
D1[1, 2, 0, 0, 0, 0, 0, 0, 0]
D1[1, 2, 0, 0, 0, 1, -1, 0, 0]
D1[1, 2, 0, 0, 0, 1, 0, -1, 0]
D1[1, 2, 0, 0, 0, 1, 0, 0, -1]
D1[1, 2, 0, 0, 0, 1, 0, 0, 0]
D1[1, 2, 0, 0, 1, 0, -1, 0, 0]
D1[1, 2, 0, 0, 1, 0, 0, -1, 0]
D1[1, 2, 0, 0, 1, 1, -2, 0, 0]
D1[1, 2, 0, 0, 1, 1, -1, -1, 0]
D1[1, 2, 0, 0, 1, 1, -1, 0, -1]
D1[1, 2, 0, 0, 1, 1, -1, 0, 0]
D1[1, 2, 0, 0, 1, 1, 0, -2, 0]
D1[1, 2, 0, 0, 1, 1, 0, -1, -1]
D1[1, 2, 0, 0, 1, 1, 0, -1, 0]
D1[1, 2, 0, 1, -1, 1, 0, 0, 0]
D1[1, 2, 0, 1, 0, -1, 0, 0, 0]
D1[1, 2, 0, 1, 0, 0, -1, 0, 0]
D1[1, 2, 0, 1, 0, 0, 0, -1, 0]
D1[1, 2, 0, 1, 0, 0, 0, 0, -1]
D1[1, 2, 0, 1, 0, 0, 0, 0, 0]
D1[1, 2, 0, 1, 0, 1, -1, 0, -1]
D1[1, 2, 0, 1, 0, 1, -1, 0, 0]
D1[1, 2, 0, 1, 0, 1, 0, -1, -1]
D1[1, 2, 0, 1, 0, 1, 0, -1, 0]
D1[1, 2, 0, 1, 0, 1, 0, 0, -2]
D1[1, 2, 0, 1, 0, 1, 0, 0, -1]
D1[1, 2, 0, 1, 0, 1, 0, 0, 0]
D1[-1, 0, 0, 1, 1, 1, 0, 0, 0]
D1[-1, 1, 0, 0, 1, 1, 0, 0, 0]
D1[-1, 1, 0, 1, 1, 0, 0, 0, 0]
D1[-1, 1, 0, 1, 1, 1, 0, 0, -1]
D1[0, -2, 0, 1, 1, 1, 0, 0, 0]
D1[0, -1, 0, 0, 1, 1, 0, 0, 0]
D1[0, -1, 0, 1, 1, 0, 0, 0, 0]
D1[0, -1, 0, 1, 1, 1, 0, 0, -1]
D1[0, -1, 0, 1, 1, 1, 0, 0, 0]
D1[0, 0, -1, 1, 1, 1, 0, 0, 0]
D1[0, 0, 0, -1, 1, 1, 0, 0, 0]
D1[0, 0, 0, 0, 1, 0, 0, 0, 0]
D1[0, 0, 0, 0, 1, 1, 0, 0, -1]
D1[0, 0, 0, 0, 1, 1, 0, 0, 0]
D1[0, 0, 0, 1, 0, 1, 0, 0, 0]
D1[0, 0, 0, 1, 1, -1, 0, 0, 0]
D1[0, 0, 0, 1, 1, 0, 0, 0, -1]
D1[0, 0, 0, 1, 1, 0, 0, 0, 0]
D1[0, 0, 0, 1, 1, 1, -1, 0, 0]
D1[0, 0, 0, 1, 1, 1, 0, -1, 0]
D1[0, 0, 0, 1, 1, 1, 0, 0, -2]
D1[0, 0, 0, 1, 1, 1, 0, 0, -1]
D1[0, 1, -1, 0, 1, 1, 0, 0, 0]
D1[0, 1, -1, 1, 1, 0, 0, 0, 0]
D1[0, 1, -1, 1, 1, 1, 0, 0, -1]
D1[0, 1, 0, -1, 1, 0, 0, 0, 0]
D1[0, 1, 0, -1, 1, 1, 0, 0, -1]
D1[0, 1, 0, -1, 1, 1, 0, 0, 0]
D1[0, 1, 0, 0, 0, 1, 0, 0, 0]
D1[0, 1, 0, 0, 1, -1, 0, 0, 0]
D1[0, 1, 0, 0, 1, 0, 0, 0, -1]
D1[0, 1, 0, 0, 1, 0, 0, 0, 0]
D1[0, 1, 0, 0, 1, 1, -1, 0, 0]
D1[0, 1, 0, 0, 1, 1, 0, -1, 0]
D1[0, 1, 0, 0, 1, 1, 0, 0, -2]
D1[0, 1, 0, 0, 1, 1, 0, 0, -1]
D1[0, 1, 0, 1, 0, 0, 0, 0, 0]
D1[0, 1, 0, 1, 0, 1, 0, 0, -1]
D1[0, 1, 0, 1, 1, -1, 0, 0, 0]
D1[0, 1, 0, 1, 1, 0, -1, 0, 0]
D1[0, 1, 0, 1, 1, 0, 0, -1, 0]
D1[0, 1, 0, 1, 1, 0, 0, 0, -1]
D1[0, 1, 0, 1, 1, 1, -1, 0, -1]
D1[0, 1, 0, 1, 1, 1, 0, -1, -1]
D1[0, 1, 0, 1, 1, 1, 0, 0, -2]
D1[1, -2, -1, 1, 1, 1, 0, 0, 0]
D1[1, -2, 0, 1, 1, 1, -1, 0, 0]
D1[1, -2, 0, 1, 1, 1, 0, -1, 0]
D1[1, -2, 0, 1, 1, 1, 0, 0, 0]
D1[1, -1, -1, 1, 1, 0, 0, 0, 0]
D1[1, -1, -1, 1, 1, 1, 0, 0, -1]
D1[1, -1, -1, 1, 1, 1, 0, 0, 0]
D1[1, -1, 0, 0, 1, 1, 0, -1, 0]
D1[1, -1, 0, 0, 1, 1, 0, 0, 0]
D1[1, -1, 0, 1, 0, 1, 0, 0, 0]
D1[1, -1, 0, 1, 1, 0, -1, 0, 0]
D1[1, -1, 0, 1, 1, 0, 0, -1, 0]
D1[1, -1, 0, 1, 1, 0, 0, 0, 0]
D1[1, -1, 0, 1, 1, 1, -1, 0, -1]
D1[1, -1, 0, 1, 1, 1, -1, 0, 0]
D1[1, -1, 0, 1, 1, 1, 0, -1, -1]
D1[1, -1, 0, 1, 1, 1, 0, -1, 0]
D1[1, -1, 0, 1, 1, 1, 0, 0, -1]
D1[1, 0, -2, 1, 1, 1, 0, 0, 0]
D1[1, 0, -1, -1, 1, 1, 0, 0, 0]
D1[1, 0, -1, 0, 1, 0, 0, 0, 0]
D1[1, 0, -1, 0, 1, 1, 0, 0, -1]
D1[1, 0, -1, 0, 1, 1, 0, 0, 0]
D1[1, 0, -1, 1, 0, 1, 0, 0, 0]
D1[1, 0, -1, 1, 1, 0, 0, 0, -1]
D1[1, 0, -1, 1, 1, 0, 0, 0, 0]
D1[1, 0, -1, 1, 1, 1, -1, 0, 0]
D1[1, 0, -1, 1, 1, 1, 0, -1, 0]
D1[1, 0, -1, 1, 1, 1, 0, 0, -2]
D1[1, 0, -1, 1, 1, 1, 0, 0, -1]
D1[1, 0, 0, -1, 1, 1, -1, 0, 0]
D1[1, 0, 0, -1, 1, 1, 0, -1, 0]
D1[1, 0, 0, -1, 1, 1, 0, 0, 0]
D1[1, 0, 0, 0, 0, 1, 0, 0, 0]
D1[1, 0, 0, 0, 1, 0, -1, 0, 0]
D1[1, 0, 0, 0, 1, 0, 0, -1, 0]
D1[1, 0, 0, 0, 1, 0, 0, 0, 0]
D1[1, 0, 0, 0, 1, 1, -1, 0, -1]
D1[1, 0, 0, 0, 1, 1, -1, 0, 0]
D1[1, 0, 0, 0, 1, 1, 0, -1, -1]
D1[1, 0, 0, 0, 1, 1, 0, -1, 0]
D1[1, 0, 0, 0, 1, 1, 0, 0, -1]
D1[1, 0, 0, 1, 0, 0, 0, 0, 0]
D1[1, 0, 0, 1, 0, 1, -1, 0, 0]
D1[1, 0, 0, 1, 0, 1, 0, -1, 0]
D1[1, 0, 0, 1, 0, 1, 0, 0, -1]
D1[1, 0, 0, 1, 1, -1, -1, 0, 0]
D1[1, 0, 0, 1, 1, -1, 0, 0, 0]
D1[1, 0, 0, 1, 1, 0, -1, 0, -1]
D1[1, 0, 0, 1, 1, 0, -1, 0, 0]
D1[1, 0, 0, 1, 1, 0, 0, -1, -1]
D1[1, 0, 0, 1, 1, 0, 0, -1, 0]
D1[1, 0, 0, 1, 1, 0, 0, 0, -1]
D1[1, 0, 0, 1, 1, 1, -2, 0, 0]
D1[1, 0, 0, 1, 1, 1, -1, -1, 0]
D1[1, 0, 0, 1, 1, 1, -1, 0, -2]
D1[1, 0, 0, 1, 1, 1, -1, 0, -1]
D1[1, 0, 0, 1, 1, 1, 0, -2, 0]
D1[1, 0, 0, 1, 1, 1, 0, -1, -2]
D1[1, 0, 0, 1, 1, 1, 0, -1, -1]
D1[1, 0, 0, 1, 1, 1, 0, 0, -2]
D1[1, 1, -2, 0, 1, 1, 0, 0, 0]
D1[1, 1, -2, 1, 1, 0, 0, 0, 0]
D1[1, 1, -2, 1, 1, 1, 0, 0, -1]
D1[1, 1, -1, -1, 1, 1, 0, 0, -1]
D1[1, 1, -1, -1, 1, 1, 0, 0, 0]
D1[1, 1, -1, 0, 0, 1, 0, 0, 0]
D1[1, 1, -1, 0, 1, 0, 0, 0, -1]
D1[1, 1, -1, 0, 1, 0, 0, 0, 0]
D1[1, 1, -1, 0, 1, 1, -1, 0, 0]
D1[1, 1, -1, 0, 1, 1, 0, -1, 0]
D1[1, 1, -1, 0, 1, 1, 0, 0, -2]
D1[1, 1, -1, 0, 1, 1, 0, 0, -1]
D1[1, 1, -1, 1, 0, 0, 0, 0, 0]
D1[1, 1, -1, 1, 0, 1, 0, 0, -1]
D1[1, 1, -1, 1, 1, -1, 0, 0, 0]
D1[1, 1, -1, 1, 1, 0, -1, 0, 0]
D1[1, 1, -1, 1, 1, 0, 0, -1, 0]
D1[1, 1, -1, 1, 1, 0, 0, 0, -1]
D1[1, 1, -1, 1, 1, 1, -1, 0, -1]
D1[1, 1, -1, 1, 1, 1, 0, -1, -1]
D1[1, 1, -1, 1, 1, 1, 0, 0, -2]
D1[1, 1, 0, -1, 0, 1, 0, 0, 0]
D1[1, 1, 0, -1, 1, 0, -1, 0, 0]
D1[1, 1, 0, -1, 1, 1, -1, 0, -1]
D1[1, 1, 0, -1, 1, 1, -1, 0, 0]
D1[1, 1, 0, -1, 1, 1, 0, -1, -1]
D1[1, 1, 0, -1, 1, 1, 0, -1, 0]
D1[1, 1, 0, 0, 0, 0, 0, 0, 0]
D1[1, 1, 0, 0, 0, 1, -1, 0, 0]
D1[1, 1, 0, 0, 0, 1, 0, -1, 0]
D1[1, 1, 0, 0, 0, 1, 0, 0, -1]
D1[1, 1, 0, 0, 1, -1, -1, 0, 0]
D1[1, 1, 0, 0, 1, 0, -1, 0, -1]
D1[1, 1, 0, 0, 1, 0, -1, 0, 0]
D1[1, 1, 0, 0, 1, 0, 0, -1, -1]
D1[1, 1, 0, 0, 1, 0, 0, -1, 0]
D1[1, 1, 0, 0, 1, 1, -2, 0, 0]
D1[1, 1, 0, 0, 1, 1, -1, -1, 0]
D1[1, 1, 0, 0, 1, 1, -1, 0, -2]
D1[1, 1, 0, 0, 1, 1, -1, 0, -1]
D1[1, 1, 0, 0, 1, 1, 0, -2, 0]
D1[1, 1, 0, 0, 1, 1, 0, -1, -2]
D1[1, 1, 0, 0, 1, 1, 0, -1, -1]
D1[1, 1, 0, 1, -1, 1, 0, 0, 0]
D1[1, 1, 0, 1, 0, -1, 0, 0, 0]
D1[1, 1, 0, 1, 0, 0, -1, 0, 0]
D1[1, 1, 0, 1, 0, 0, 0, -1, 0]
D1[1, 1, 0, 1, 0, 0, 0, 0, -1]
D1[1, 1, 0, 1, 0, 1, -1, 0, -1]
D1[1, 1, 0, 1, 0, 1, 0, -1, -1]
D1[1, 1, 0, 1, 0, 1, 0, 0, -2]