0
4 2
2 4
1 -1 1 0 s+m1^2 
0 0 1 0 0 
0 -1 2 0 2*s+2*m1^2 
0 -1 1 1 s+m1^2 

1
4 3
2 5
1 0 0 0 0 
0 0 1 0 0 
0 1 0 0 0 
0 1 0 0 0 

0
4 6
2 6
-1 1 1 0 -s+m1^2 
0 0 1 0 0 
0 1 0 0 0 
0 1 1 -1 -s+m1^2 

1
4 7
2 7
1 0 0 0 0 
0 0 1 0 0 
0 1 0 0 0 
0 0 0 1 0 

0
4 9
0 9
1 0 0 0 0 
0 1 0 0 -m1^2 
0 0 1 0 0 
0 0 0 1 0 

1
4 10
2 5
0 1 0 0 0 
0 0 1 0 0 
0 1 0 0 0 
1 0 0 0 0 

1
4 11
2 13
1 0 0 0 0 
0 0 1 0 0 
0 1 0 0 0 
0 0 0 1 0 

1
4 13
0 11
1 0 0 0 0 
0 0 1 0 0 
0 1 0 0 0 
0 0 0 1 0 

1
4 14
2 7
0 0 0 1 0 
0 0 1 0 0 
0 1 0 0 0 
1 0 0 0 0 

1
4 15
2 15
1 0 0 0 0 
0 0 1 0 0 
0 1 0 0 0 
0 0 0 1 0 

