504 12339141576973426266 1 6
4 7 5 8 6 3 

500 3584395129971741946 1 6
4 8 6 7 5 2 

498 7487682944308024305 1 6
4 7 5 8 6 1 

497 6677228646249063837 1 6
4 8 6 7 5 0 

492 18180480552040533161 2 6
6 8 3 5 2 7 
8 6 3 5 2 7 

490 10468902918399141481 2 6
5 7 6 8 3 1 
5 7 8 6 3 1 

489 18045615634198911098 2 6
6 8 3 5 0 7 
8 6 3 5 0 7 

486 12556366081724914815 2 6
6 8 1 5 2 7 
8 6 1 5 2 7 

485 15606848378789195513 2 6
6 8 5 2 0 7 
8 6 5 2 0 7 

483 14098386909240548618 2 6
6 8 1 5 0 7 
8 6 1 5 0 7 

476 6996482696859932002 1 6
4 7 2 8 6 3 

474 15115048467355896058 1 6
4 7 8 6 3 1 

473 3745745838648086417 1 6
4 7 0 8 6 3 

470 4738779601142201055 1 6
4 7 2 8 6 1 

469 10233198092280716254 1 6
4 8 6 7 2 0 

467 3768505487465184566 1 6
4 7 0 8 6 1 

462 12007047166240588870 2 6
2 7 6 8 3 1 
2 7 8 6 3 1 

461 9366883998178614662 2 6
6 8 3 2 0 7 
8 6 3 2 0 7 

455 1742037253307744390 2 6
6 8 1 2 0 7 
8 6 1 2 0 7 

444 1847634063245622196 1 6
4 8 3 7 2 5 

442 16493151907842771632 1 6
4 7 5 8 1 3 

441 18274916976065166910 1 6
4 8 3 7 5 0 

438 2133990841044812196 1 6
4 8 1 7 5 2 

437 10787150720222255700 1 6
4 8 7 5 2 0 

435 9416619455774667142 1 6
4 8 1 7 5 0 

430 13289339303758380276 1 6
3 1 8 5 2 7 

429 17742134981220456484 1 6
3 8 5 2 0 7 

427 6399013081615377092 1 6
3 1 8 5 0 7 

423 6859548845111760763 1 6
1 8 5 2 0 7 

414 4344833736912968526 1 6
4 7 2 8 3 1 

413 6451922848766609246 1 6
4 8 3 7 2 0 

411 4141754091568292079 1 6
4 7 0 8 3 1 

407 16039953109727375270 1 6
4 8 1 7 2 0 

399 12878401696805738169 1 6
3 1 8 2 0 7 

380 8750392330524692810 2 6
4 2 5 6 8 3 
4 2 5 8 6 3 

378 4265174465039867925 2 6
5 4 6 8 1 3 
5 4 8 6 1 3 

377 15906509207851589838 1 6
4 5 0 6 8 3 

374 11570756892363333688 2 6
4 5 2 6 8 1 
4 5 2 8 6 1 

373 9897992242681782078 1 6
4 6 8 5 2 0 

371 17992692901811131141 1 6
4 5 0 6 8 1 

366 14769496935416866205 4 6
2 5 6 8 3 1 
2 5 8 6 3 1 
5 2 6 8 3 1 
5 2 8 6 3 1 

365 251640169616531934 4 6
6 8 3 5 2 0 
6 8 3 2 5 0 
8 6 3 5 2 0 
8 6 3 2 5 0 

363 10366174133871607473 2 6
5 0 6 8 3 1 
5 0 8 6 3 1 

359 14097022204383356131 4 6
6 8 1 5 2 0 
6 8 1 2 5 0 
8 6 1 5 2 0 
8 6 1 2 5 0 

350 1753309653937902086 2 6
2 4 6 8 3 1 
2 4 8 6 3 1 

349 6879879929777514324 1 6
4 2 0 6 8 3 

347 9327708468433395154 1 6
4 0 6 8 3 1 

343 11578070091978442752 1 6
4 2 0 6 8 1 

335 10366174133871607473 2 6
2 0 6 8 3 1 
2 0 8 6 3 1 

318 12089704403460965768 1 6
4 5 2 3 1 8 

317 5639300910844815464 1 6
4 3 8 2 5 0 

315 8119064680313510092 1 6
4 5 0 1 3 8 

311 9176917179743848090 1 6
4 1 8 5 2 0 

303 3276828946167827904 2 6
3 1 8 5 2 0 
3 1 8 2 5 0 

287 14697319619007646089 1 6
4 2 0 3 1 8 

252 15494383809879597599 1 6
4 3 6 2 5 7 

250 6346672242179109173 1 6
4 5 7 1 3 6 

249 16090589951079881151 1 6
4 3 6 5 0 7 

246 2849181549757719062 1 6
4 1 6 5 2 7 

245 18225126093866207108 1 6
4 6 5 2 0 7 

243 17638131353808816132 1 6
4 1 6 5 0 7 

238 13289339303758380276 1 6
3 1 6 5 2 7 

237 17742134981220456484 1 6
3 6 5 2 0 7 

235 6399013081615377092 1 6
3 1 6 5 0 7 

231 6859548845111760763 1 6
1 6 5 2 0 7 

222 14634719276585074023 1 6
4 2 7 3 1 6 

221 2136405457925786609 1 6
4 3 6 2 0 7 

219 11966301728355270841 1 6
4 0 7 3 1 6 

215 12701452434024868646 1 6
4 1 6 2 0 7 

207 12878401696805738169 1 6
3 1 6 2 0 7 

190 5966501479978539812 1 6
4 3 1 5 2 7 

189 3708770967851870351 1 6
3 4 2 5 0 7 

187 15014850006547387495 1 6
4 1 3 5 0 7 

183 10243300726203663010 1 6
1 4 5 2 0 7 

175 547023944986845936 2 6
1 3 5 2 0 7 
3 1 5 2 0 7 

159 16988526663886888469 1 6
4 3 1 2 0 7 

126 12089704403460965768 1 6
4 5 2 3 1 6 

125 11241087345750387624 1 6
4 3 6 2 5 0 

123 9125102303741344943 1 6
4 5 0 1 3 6 

119 17286369410823824971 1 6
4 1 6 5 2 0 

111 3276828946167827904 2 6
3 1 6 5 2 0 
3 1 6 2 5 0 

95 8175815230763097471 1 6
4 2 0 3 1 6 

63 5071294387084350180 2 6
4 1 3 2 5 0 
4 3 1 5 2 0 

496 3613979513056275333 1 5
4 8 6 7 5 

488 7604691558754406136 2 5
5 7 6 8 3 
5 7 8 6 3 

484 6949378247666790460 2 5
6 8 5 2 7 
8 6 5 2 7 

482 8685416341893808765 2 5
5 7 6 8 1 
5 7 8 6 1 

481 12091780681055080408 2 5
6 8 5 0 7 
8 6 5 0 7 

472 15113196280332341264 1 5
4 7 8 6 3 

468 10415312585763498554 1 5
4 8 6 7 2 

466 16079542389996200977 1 5
4 7 8 6 1 

465 2552553552591044298 1 5
4 8 6 7 0 

460 18376958306160676724 2 5
2 7 6 8 3 
2 7 8 6 3 

454 8722498764074176125 2 5
2 7 6 8 1 
2 7 8 6 1 

453 10169117296424942188 2 5
6 8 2 0 7 
8 6 2 0 7 

440 2150262487721701697 1 5
4 8 3 7 5 

436 1026522635261848984 1 5
4 8 7 5 2 

434 12082293933010913533 1 5
4 8 1 7 5 

433 8177268801713806244 1 5
4 8 7 5 0 

428 889989268258728134 1 5
3 8 5 2 7 

426 12447497389870311300 1 5
5 7 3 1 8 

425 15068867098131839648 1 5
3 8 5 0 7 

422 11738797206326633433 1 5
1 8 5 2 7 

291 5690721828131018447 2 4
1 8 5 0 
5 0 1 8 

34 11458095499876941894 2 2
1 5 
5 1 

270 9693922300512107380 1 4
2 3 1 8 

13 6997263561283798516 1 3
3 2 0 

263 5690721828131018447 2 4
1 8 2 0 
2 0 1 8 

6 11458095499876941894 2 2
1 2 
2 1 

120 18152866579055490326 1 4
5 4 3 6 

116 12181802938490461678 1 4
4 6 5 2 

114 16111807830461215160 1 4
5 4 1 6 

240 265821317991060869 1 4
4 6 5 7 

113 12796492012222642070 1 4
4 6 5 0 

370 11716206039042127164 2 5
5 4 6 8 1 
5 4 8 6 1 

108 10302271245558752154 2 4
2 5 3 6 
5 2 3 6 

106 9693922300512107380 1 4
5 3 1 6 

232 4494495779597029040 1 4
3 6 5 7 

105 16962704733622080935 1 4
3 6 5 0 

362 10898373428720571172 2 5
5 6 8 3 1 
5 8 6 3 1 

102 14212240197867736828 2 4
2 5 1 6 
5 2 1 6 

226 16279653778666235500 1 4
1 6 5 7 

99 5690721828131018447 2 4
1 6 5 0 
5 0 1 6 

356 12515101411917882250 4 4
6 8 2 5 
6 8 5 2 
8 6 5 2 
8 6 2 5 

92 8704736548576705072 1 4
2 4 3 6 

90 10373105116843450514 1 4
4 3 1 6 

216 244254447449370585 1 4
4 7 3 6 

89 10977433399787881549 1 4
4 0 3 6 

346 12042248289136424661 2 5
4 6 8 3 1 
4 8 6 3 1 

86 11958317692960894251 1 4
2 4 1 6 

212 8986769374682080578 1 4
4 6 2 7 

85 11677579445056724794 1 4
4 6 2 0 

342 10371865615191443311 2 5
2 4 6 8 1 
2 4 8 6 1 

210 6722805762965819403 1 4
4 7 1 6 

83 11677579445056724794 1 4
4 0 1 6 

340 17003168746745711569 2 4
2 4 6 8 
2 4 8 6 

78 9693922300512107380 1 4
2 3 1 6 

204 14040593907903960111 1 4
3 6 2 7 

77 16962704733622080935 1 4
3 6 2 0 

334 10898373428720571172 2 5
2 6 8 3 1 
2 8 6 3 1 

198 7465914642827554044 1 4
1 6 2 7 

71 5690721828131018447 2 4
1 6 2 0 
2 0 1 6 

60 3627807657670705814 1 4
3 4 2 5 

58 3627807657670705814 1 4
5 4 1 3 

184 9615848726902002750 1 4
3 4 5 7 

57 11958317692960894251 1 4
3 4 5 0 

314 16370265932885368440 1 5
5 4 1 3 8 

54 3627807657670705814 1 4
1 4 5 2 

180 11554333843066581690 1 4
4 5 2 7 

53 9296089515728611949 2 4
4 2 5 0 
4 5 2 0 

310 17465118758858374480 1 5
4 1 8 5 2 

178 16180543300009512003 1 4
1 4 5 7 

51 595111842803598750 1 4
1 4 5 0 

308 12181802938490461678 1 4
4 8 5 2 

46 8815148591022843563 8 4
1 3 2 5 
1 3 5 2 
2 5 3 1 
2 5 1 3 
3 1 2 5 
3 1 5 2 
5 2 3 1 
5 2 1 3 

172 11814671470158925625 1 4
3 5 2 7 

45 12669635200295280739 2 4
3 2 5 0 
3 5 2 0 

302 3128485613046402085 2 5
2 5 3 1 8 
5 2 3 1 8 

170 3133313633653201616 2 4
1 3 5 7 
3 1 5 7 

43 14212240197867736828 2 4
1 3 5 0 
3 1 5 0 

300 10302271245558752154 2 4
2 5 3 8 
5 2 3 8 

166 11814671470158925625 1 4
1 5 2 7 

39 12669635200295280739 2 4
1 2 5 0 
1 5 2 0 

296 13001400643428566402 1 3
5 3 8 

284 8704736548576705072 1 4
2 4 3 8 

27 10471629355100509364 2 4
4 0 3 1 
4 0 1 3 

30 3627807657670705814 1 4
2 4 3 1 

156 3051956157540578216 1 4
3 4 2 7 

29 595111842803598750 1 4
3 4 2 0 

286 16705967020289552729 1 5
2 4 3 1 8 

281 14083491171223893525 1 4
4 0 3 8 

24 16057663672689140328 1 2
3 4 

154 11690420302752710113 1 4
4 7 3 1 

56 4817618029268971058 2 3
3 5 4 
5 3 4 

313 8357666417029248751 1 5
4 5 0 3 8 

52 11732794835329956294 2 3
4 2 5 
4 5 2 

309 13157020787978373052 1 5
4 8 5 2 0 

44 7590509903095700417 2 3
3 2 5 
3 5 2 

301 10840128222255251438 2 5
3 8 5 2 0 
3 8 2 5 0 

38 7590509903095700417 2 3
1 2 5 
1 5 2 

295 10993471751883845126 2 5
1 8 2 5 0 
1 8 5 2 0 

282 10373105116843450514 1 4
4 3 1 8 

25 8314182141702135009 1 3
3 4 0 

28 6869057770693839397 2 3
2 3 4 
3 2 4 

285 6382434718651752233 1 5
4 3 8 2 0 

153 16789418960742477221 1 4
3 4 0 7 

410 10679723397993405132 1 5
4 7 8 3 1 

280 5019863189302586700 1 3
4 3 8 

23 11958317692960894251 1 4
1 4 2 0 

26 11732794835329956294 2 3
4 3 1 
4 1 3 

283 6471606338801017674 1 5
4 0 3 1 8 

135 16115336843401146666 1 4
1 2 0 7 

262 6997263561283798516 1 3
2 1 8 

84 8314182141702135009 1 3
2 4 6 

341 6094343064678642512 1 5
4 6 8 2 0 

162 9812546268050838391 1 3
1 5 7 

419 17513481630340775093 1 5
1 8 5 0 7 

35 6997263561283798516 1 3
1 5 0 

12 11458095499876941894 2 2
2 3 
3 2 

269 16962704733622080935 1 4
3 8 2 0 

76 13001400643428566402 1 3
2 3 6 

333 12539466663044169036 2 5
2 0 6 8 3 
2 0 8 6 3 

18 16057663672689140328 1 2
1 4 

275 3549739056365016550 1 4
4 0 1 8 

147 6502829551041250716 1 4
1 4 0 7 

404 16207652048134524848 1 4
4 8 7 2 

274 108422713436611649 1 3
4 1 8 

20 16057663672689140328 1 2
2 4 

277 3549739056365016550 1 4
4 8 2 0 

278 11958317692960894251 1 4
2 4 1 8 

21 108422713436611649 1 3
4 2 0 

152 3185011667795496105 1 3
3 4 7 

409 8486087889861461863 1 5
4 8 3 7 0 

41 6997263561283798516 1 3
3 5 0 

298 9693922300512107380 1 4
5 3 1 8 

168 9812546268050838391 1 3
3 5 7 

40 11458095499876941894 2 2
3 5 
5 3 

297 16962704733622080935 1 4
3 8 5 0 

149 8882638344883972349 1 4
4 2 0 7 

406 12411975119032530190 1 5
4 8 1 7 2 

22 4817618029268971058 2 3
1 2 4 
2 1 4 

279 6778960254547771778 2 5
4 1 8 2 0 
4 2 0 1 8 

276 8314182141702135009 1 3
2 4 8 

19 8314182141702135009 1 3
1 4 0 

48 16057663672689140328 1 2
5 4 

305 6868419624985508517 1 4
4 8 5 0 

140 5642886185802119763 1 3
3 2 7 

397 16886093423358395127 1 5
3 8 2 0 7 

209 17968063984761347139 1 4
4 6 0 7 

336 5697750978532764374 2 3
4 6 8 
4 8 6 

79 1204757115710133061 1 5
2 0 3 1 6 

82 108422713436611649 1 3
4 1 6 

339 15574180205941793344 1 5
4 0 6 8 1 

150 7137232296016631683 1 4
1 4 2 7 

88 5019863189302586700 1 3
4 3 6 

345 18167875995900543860 1 5
4 0 6 8 3 

70 6997263561283798516 1 3
2 1 6 

327 11598575735584680256 2 5
2 0 6 8 1 
2 0 8 6 1 

324 5080913640879023083 2 3
2 6 8 
2 8 6 

104 13001400643428566402 1 3
5 3 6 

361 12539466663044169036 2 5
5 0 6 8 3 
5 0 8 6 3 

112 9246985618930380126 1 3
5 4 6 

369 3534708867440004357 1 5
4 6 8 5 0 

7 6997263561283798516 1 3
1 2 0 

134 5642886185802119763 1 3
1 2 7 

391 10058682054288560343 1 5
1 8 2 0 7 

148 4869945010678904462 1 3
4 2 7 

405 465556553311721592 1 5
4 8 7 2 0 

49 108422713436611649 1 3
4 5 0 

306 16111807830461215160 1 4
5 4 1 8 

176 9092131938686820227 1 3
4 5 7 

81 5398266633630539269 2 3
4 0 6 
4 6 0 

338 4835524456154860140 2 4
4 6 8 1 
4 8 6 1 

208 14464322681345727777 2 3
4 6 7 
4 7 6 

141 16115336843401146666 1 4
3 2 0 7 

398 16812462941414753028 1 5
2 7 3 1 8 

14 7590509903095700417 2 3
2 1 3 
2 3 1 

271 1204757115710133061 1 5
2 0 3 1 8 

268 13001400643428566402 1 3
2 3 8 

163 15450706416184987976 1 4
1 5 0 7 

290 6997263561283798516 1 3
5 1 8 

169 15450706416184987976 1 4
3 5 0 7 

42 7590509903095700417 2 3
5 3 1 
5 1 3 

299 1204757115710133061 1 5
5 0 3 1 8 

177 12815071327694841775 1 4
4 5 0 7 

50 6869057770693839397 2 3
1 5 4 
5 1 4 

307 4424769048480995216 1 5
4 5 0 1 8 

304 9246985618930380126 1 3
5 4 8 

47 9160537721979189196 4 5
1 3 2 5 0 
1 3 5 2 0 
3 1 2 5 0 
3 1 5 2 0 

98 6997263561283798516 1 3
5 1 6 

355 11598575735584680256 2 5
5 0 6 8 1 
5 0 8 6 1 

352 5080913640879023083 2 3
5 6 8 
5 8 6 

146 14257338419100160284 1 3
1 4 7 

403 1907235065565856659 1 5
4 8 1 7 0 

273 14464322681345727777 2 3
4 0 8 
4 8 0 

400 3047226301015124850 2 3
4 7 8 
4 8 7 

143 14007296176680644672 2 5
1 3 2 0 7 
3 1 2 0 7 

142 7228835898914178061 2 4
1 3 2 7 
3 1 2 7 

15 14212240197867736828 2 4
1 3 2 0 
3 1 2 0 

294 14212240197867736828 2 4
2 5 1 8 
5 2 1 8 

312 18152866579055490326 1 4
5 4 3 8 

55 7234238517698647734 1 5
1 4 5 2 0 

325 4031891465063058232 2 4
6 8 2 0 
8 6 2 0 

326 2468621873451478170 2 4
2 6 8 1 
2 8 6 1 

332 12204887911433595916 2 4
2 6 8 3 
2 8 6 3 

337 14609479646097825927 1 4
4 0 6 8 

344 6017716321959990522 2 4
4 6 8 3 
4 8 6 3 

87 5327815139475145651 2 5
4 1 6 2 0 
4 2 0 1 6 

353 4031891465063058232 2 4
6 8 5 0 
8 6 5 0 

354 2468621873451478170 2 4
5 6 8 1 
5 8 6 1 

360 12204887911433595916 2 4
5 6 8 3 
5 8 6 3 

103 10993471751883845126 2 5
1 6 2 5 0 
1 6 5 2 0 

368 15088478831565327740 2 4
5 4 6 8 
5 4 8 6 

390 7465914642827554044 1 4
1 8 2 7 

396 14040593907903960111 1 4
3 8 2 7 

401 10346926734345230251 1 4
4 8 7 0 

402 12022290454959287687 1 4
4 7 8 1 

408 5654002067913850877 1 4
4 7 8 3 

151 13822488375844673958 1 5
1 4 2 0 7 

418 16279653778666235500 1 4
1 8 5 7 

424 4494495779597029040 1 4
3 8 5 7 

167 10742834629459184141 1 5
1 5 2 0 7 

432 9160322842534451932 1 4
4 8 7 5 

452 5618055198463322343 2 4
6 8 2 7 
8 6 2 7 

464 14639998256009746887 1 4
4 7 8 6 

480 9485601687842839468 2 4
6 8 5 7 
8 6 5 7 

31 4608331741104548872 1 5
4 2 0 3 1 

59 4608331741104548872 1 5
4 5 0 1 3 

316 9684657140582286009 1 5
4 3 8 2 5 

61 7234238517698647734 1 5
3 4 2 5 0 

62 3705442160214757803 4 5
4 2 5 1 3 
4 3 1 5 2 
4 1 3 2 5 
4 5 2 3 1 

91 17800530419346009860 1 5
4 0 3 1 6 

348 10160552651398115790 2 5
2 4 6 8 3 
2 4 8 6 3 

93 8098871280675100776 1 5
4 3 6 2 0 

94 16705967020289552729 1 5
2 4 3 1 6 

107 1204757115710133061 1 5
5 0 3 1 6 

364 8798391246486559705 4 5
2 5 6 8 3 
2 5 8 6 3 
5 2 6 8 3 
5 2 8 6 3 

109 10840128222255251438 2 5
3 6 5 2 0 
3 6 2 5 0 

110 3128485613046402085 2 5
2 5 3 1 6 
5 2 3 1 6 

115 5450080302949575323 1 5
4 5 0 1 6 

372 11132284831794828173 2 5
4 6 8 5 2 
4 8 6 5 2 

117 547898187996042712 1 5
4 6 5 2 0 

118 17465118758858374480 1 5
4 1 6 5 2 

121 15514141100848520944 1 5
4 5 0 3 6 

122 16370265932885368440 1 5
5 4 1 3 6 

124 9684657140582286009 1 5
4 3 6 2 5 

155 10926697699377316415 1 5
4 3 1 0 7 

412 5063552909905647987 1 5
4 8 3 7 2 

157 5871514598221911822 1 5
3 4 2 0 7 

158 17710788207054348739 1 5
4 2 7 3 1 

171 9832332284266778065 2 5
1 3 5 0 7 
3 1 5 0 7 

173 10742834629459184141 1 5
3 5 2 0 7 

174 16222078938326816816 2 5
1 3 5 2 7 
3 1 5 2 7 

179 11470112156533930509 1 5
1 4 5 0 7 

181 6465303512170262161 1 5
4 5 2 0 7 

182 16925339760073659748 1 5
1 4 5 2 7 

185 10468434304854113815 1 5
3 4 5 0 7 

186 6830302848727642991 1 5
4 5 7 1 3 

188 3621000946560571434 1 5
3 4 2 5 7 

199 10058682054288560343 1 5
1 6 2 0 7 

205 16886093423358395127 1 5
3 6 2 0 7 

206 16812462941414753028 1 5
2 7 3 1 6 

211 12529210620988251555 1 5
4 0 7 1 6 

213 7389252858087950534 1 5
4 6 2 0 7 

214 18430361732172280703 1 5
4 2 7 1 6 

217 11816678250608568531 1 5
4 3 6 0 7 

218 13369820978358613231 1 5
4 7 3 1 6 

220 1711139743374879161 1 5
4 2 7 3 6 

227 17513481630340775093 1 5
1 6 5 0 7 

230 11738797206326633433 1 5
1 6 5 2 7 

233 15068867098131839648 1 5
3 6 5 0 7 

234 12447497389870311300 1 5
5 7 3 1 6 

236 889989268258728134 1 5
3 6 5 2 7 

241 12598271075808549725 1 5
4 6 5 0 7 

242 5030360649372903449 1 5
4 5 7 1 6 

244 10551526873002739134 1 5
4 6 5 2 7 

248 8464028932677644150 1 5
4 5 7 3 6 

357 8543488736576877915 4 5
6 8 5 2 0 
6 8 2 5 0 
8 6 5 2 0 
8 6 2 5 0 

358 2516740532797053581 4 5
2 5 6 8 1 
2 5 8 6 1 
5 2 6 8 1 
5 2 8 6 1 

376 7938468722314830511 2 5
5 4 6 8 3 
5 4 8 6 3 

