0
19 6
15 18
1 -1 -1 0 1 0 0 0 1 0 
0 1 0 0 0 0 0 0 0 0 
0 0 0 0 1 0 0 0 0 0 
0 0 0 1 0 0 0 0 0 0 
0 2 -1 0 2 0 0 0 0 4*m2^2-m1^2 
0 1 -1 -1 1 1 0 0 0 s+m1^2 
0 0 0 0 0 0 1 0 0 0 
0 0 -1 0 1 0 -1 1 1 m2^2 
0 0 0 0 0 0 0 0 1 0 

0
19 7
17 13
1 0 0 0 0 0 0 0 0 0 
0 0 1 0 0 0 0 0 0 0 
0 0 0 1 0 0 0 0 0 0 
0 0 2 0 0 -1 0 0 0 2*s 
0 2 0 0 0 0 -1 0 0 -m1^2 
0 -2 1 1 1 -1 1 0 0 s+m1^2 
1 1 1 0 0 0 0 -1 -1 m2^2 
2 0 0 0 0 0 0 -1 0 0 
-1 -1 1 1 0 0 1 0 0 2*m2^2 

0
19 12
15 18
0 0 0 0 0 0 0 0 1 0 
0 1 -1 -1 1 1 0 0 0 s+m1^2 
0 1 0 0 0 0 0 0 0 0 
0 0 0 0 1 0 0 0 0 0 
0 4 -2 -2 2 1 0 0 0 2*s+4*m2^2 
0 2 0 -1 0 0 0 0 0 2*s 
1 0 -1 -1 1 1 1 -1 0 2*s+m1^2+t 
0 1 0 0 0 0 -1 0 1 m2^2+t 
1 0 -2 -1 1 1 0 0 1 2*s+m1^2 

0
19 13
17 13
1 0 0 0 0 0 0 0 0 0 
0 0 0 0 0 1 0 0 0 0 
0 0 0 1 0 0 0 0 0 0 
0 0 1 0 0 0 0 0 0 0 
0 0 0 0 1 0 0 0 0 0 
0 -2 1 1 1 -1 1 0 0 s+m1^2 
1 1 0 0 0 1 0 -1 -1 s+m2^2 
2 0 0 0 0 0 0 -1 0 0 
-1 -1 0 1 0 1 1 0 0 s+2*m2^2 

0
19 14
15 26
1 -1 -1 0 1 0 0 0 1 0 
0 0 0 1 0 0 0 0 0 0 
0 0 0 0 1 0 0 0 0 0 
0 1 0 0 0 0 0 0 0 0 
0 0 0 0 0 1 0 0 0 0 
0 1 -1 -1 1 1 0 0 0 s+m1^2 
0 1 0 1 0 0 -1 0 0 s+2*m2^2 
0 0 -1 0 1 0 -1 1 1 m2^2 
0 1 0 1 0 0 0 0 -1 s+2*m2^2 

0
19 15
17 45
1 0 0 0 0 0 0 0 0 0 
0 0 1 0 0 0 0 0 0 0 
0 0 0 1 0 0 0 0 0 0 
0 0 0 0 0 1 0 0 0 0 
0 -2 2 2 0 0 1 0 0 4*m2^2-m1^2 
0 -2 1 1 1 -1 1 0 0 s+m1^2 
-1 -1 1 0 0 0 0 1 1 m2^2 
2 0 0 0 0 0 0 -1 0 0 
1 1 1 -1 0 0 -1 0 0 0 

0
19 18
11 3
2 4 0 0 -1 0 0 0 -2 4*m2^2+2*m1^2 
0 1 0 0 0 0 0 0 0 0 
1 3 1 0 -1 0 0 0 -1 2*m2^2+m1^2 
0 0 0 1 0 0 0 0 0 0 
1 0 0 0 0 0 0 0 0 0 
1 2 0 1 -1 1 0 0 -1 2*m2^2+m1^2 
0 0 0 0 0 0 1 0 0 0 
1 3 0 0 -1 0 1 1 -2 3*m2^2+m1^2+t 
0 0 0 0 0 0 0 0 1 0 

0
19 19
11 19
0 0 0 0 1 0 0 0 0 0 
0 1 0 0 0 0 0 0 0 0 
1 -1 -1 0 1 0 0 0 1 -2*m2^2+m1^2 
0 0 0 1 0 0 0 0 0 0 
1 0 0 0 0 0 0 0 0 0 
1 -2 0 1 1 -1 0 0 1 -2*m2^2+m1^2 
0 0 0 0 0 0 1 0 0 0 
1 -1 0 0 1 0 1 -1 0 -m2^2+m1^2+t 
0 0 0 0 0 0 0 0 1 0 

0
19 20
11 3
0 0 0 0 0 0 0 0 1 0 
1 3 1 0 -1 0 0 0 -1 2*m2^2+m1^2 
0 1 0 0 0 0 0 0 0 0 
1 4 2 -1 -1 -1 0 0 -1 2*s+2*m2^2+m1^2 
1 0 0 0 0 0 0 0 0 0 
0 2 0 -1 0 0 0 0 0 2*s 
2 4 1 0 -1 0 -1 -1 -1 4*m2^2+2*m1^2 
0 1 0 0 0 0 -1 0 1 m2^2+t 
2 4 0 0 -1 0 0 0 -2 4*m2^2+2*m1^2 

0
19 21
12 7
0 0 1 0 0 0 0 0 0 0 
1 -1 -1 0 1 0 0 0 1 -m1^2 
1 0 0 0 0 0 0 0 0 0 
1 -2 0 1 1 -1 0 0 1 -m1^2 
0 1 0 0 0 0 0 0 0 0 
1 0 1 0 0 -1 0 0 0 s 
2 -2 -1 0 1 0 1 -1 1 2*m2^2-2*m1^2 
1 0 1 0 0 0 0 -1 0 m2^2+t 
2 -2 -2 0 1 0 0 0 2 2*m2^2-2*m1^2 

0
19 22
15 56
1 -1 -1 0 1 0 0 0 1 0 
0 0 0 1 0 0 0 0 0 0 
0 0 0 0 1 0 0 0 0 0 
0 1 0 0 0 0 0 0 0 0 
0 0 0 0 0 1 0 0 0 0 
0 1 -1 -1 1 1 0 0 0 s+m1^2 
0 1 0 1 0 0 -1 0 0 s+2*m2^2 
0 0 -1 0 1 0 -1 1 1 m2^2 
0 1 0 1 0 0 0 0 -1 s+2*m2^2 

0
19 23
17 57
1 0 0 0 0 0 0 0 0 0 
0 0 0 0 0 1 0 0 0 0 
0 0 0 1 0 0 0 0 0 0 
0 0 1 0 0 0 0 0 0 0 
0 0 0 0 1 0 0 0 0 0 
0 -2 1 1 1 -1 1 0 0 s+m1^2 
1 1 0 0 0 1 0 -1 -1 s+m2^2 
2 0 0 0 0 0 0 -1 0 0 
-1 -1 0 1 0 1 1 0 0 s+2*m2^2 

0
19 24
11 3
2 5 1 -1 -1 -1 0 0 -2 s+4*m2^2+2*m1^2 
0 2 0 -1 0 0 0 0 0 2*s 
1 4 2 -1 -1 -1 0 0 -1 2*s+2*m2^2+m1^2 
0 1 0 0 0 0 0 0 0 0 
1 0 0 0 0 0 0 0 0 0 
1 3 1 0 -1 0 0 0 -1 2*m2^2+m1^2 
0 1 0 -1 0 0 1 0 0 3*s 
1 4 1 -1 -1 -1 1 1 -2 2*s+3*m2^2+m1^2+t 
0 1 0 -1 0 0 0 0 1 3*s 

1
19 25
11 19
0 0 0 0 1 0 0 0 0 0 
0 0 1 0 0 0 0 0 0 0 
0 0 1 0 0 0 0 0 0 0 
0 1 0 0 0 0 0 0 0 0 
1 0 0 0 0 0 0 0 0 0 
0 0 1 0 0 0 0 0 0 0 
0 0 1 0 0 0 0 0 0 0 
0 0 1 0 0 0 0 0 0 0 
0 0 1 0 0 0 0 0 0 0 

0
19 26
11 11
2 -3 -1 1 1 -1 0 0 2 -s-2*m2^2+2*m1^2 
0 0 0 1 0 0 0 0 0 0 
1 -2 0 1 1 -1 0 0 1 -2*m2^2+m1^2 
0 1 0 0 0 0 0 0 0 0 
1 0 0 0 0 0 0 0 0 0 
1 -1 -1 0 1 0 0 0 1 -2*m2^2+m1^2 
0 1 0 1 0 0 -1 0 0 s+2*m2^2 
1 -2 -1 1 1 -1 -1 1 2 -m2^2+m1^2+t 
0 1 0 1 0 0 0 0 -1 s+2*m2^2 

0
19 27
11 27
0 0 0 0 1 0 0 0 0 0 
0 1 0 0 0 0 0 0 0 0 
1 -1 -1 0 1 0 0 0 1 -2*m2^2+m1^2 
0 0 0 1 0 0 0 0 0 0 
1 0 0 0 0 0 0 0 0 0 
1 -2 0 1 1 -1 0 0 1 -2*m2^2+m1^2 
0 0 0 0 0 0 1 0 0 0 
1 -1 0 0 1 0 1 -1 0 -m2^2+m1^2+t 
0 0 0 0 0 0 0 0 1 0 

0
19 28
15 50
0 2 0 0 0 0 0 0 -1 2*m2^2 
0 1 -1 -1 1 1 0 0 0 s+m1^2 
0 1 0 0 0 0 0 0 0 0 
0 0 0 0 1 0 0 0 0 0 
0 0 0 0 0 1 0 0 0 0 
0 0 0 1 0 0 0 0 0 0 
1 0 -1 -1 1 1 1 -1 0 2*s+m1^2+t 
0 1 0 0 0 0 1 0 -1 m2^2+t 
1 0 -2 -1 1 1 0 0 1 2*s+m1^2 

0
19 29
17 29
1 0 0 0 0 0 0 0 0 0 
0 0 0 0 0 1 0 0 0 0 
0 0 0 1 0 0 0 0 0 0 
0 0 1 0 0 0 0 0 0 0 
0 0 0 0 1 0 0 0 0 0 
0 -2 1 1 1 -1 1 0 0 s+m1^2 
1 1 0 0 0 1 0 -1 -1 s+m2^2 
2 0 0 0 0 0 0 -1 0 0 
-1 -1 0 1 0 1 1 0 0 s+2*m2^2 

0
19 30
15 58
1 -1 -1 0 1 0 0 0 1 0 
0 0 0 1 0 0 0 0 0 0 
0 0 0 0 1 0 0 0 0 0 
0 1 0 0 0 0 0 0 0 0 
0 0 0 0 0 1 0 0 0 0 
0 1 -1 -1 1 1 0 0 0 s+m1^2 
0 1 0 1 0 0 -1 0 0 s+2*m2^2 
0 0 -1 0 1 0 -1 1 1 m2^2 
0 1 0 1 0 0 0 0 -1 s+2*m2^2 

0
19 31
17 61
1 0 0 0 0 0 0 0 0 0 
0 0 0 0 0 1 0 0 0 0 
0 0 0 1 0 0 0 0 0 0 
0 0 1 0 0 0 0 0 0 0 
0 0 0 0 1 0 0 0 0 0 
0 -2 1 1 1 -1 1 0 0 s+m1^2 
1 1 0 0 0 1 0 -1 -1 s+m2^2 
2 0 0 0 0 0 0 -1 0 0 
-1 -1 0 1 0 1 1 0 0 s+2*m2^2 

0
19 34
15 18
1 -2 0 1 1 -1 0 0 1 -m1^2 
0 1 0 0 0 0 0 0 0 0 
0 -1 1 1 1 -1 0 0 0 s-m1^2 
0 0 0 1 0 0 0 0 0 0 
0 0 0 2 2 -1 0 0 0 4*m2^2-2*m1^2 
0 0 0 0 1 0 0 0 0 0 
0 0 0 0 0 0 1 0 0 0 
0 -1 0 1 1 -1 -1 1 1 s+m2^2-m1^2 
0 0 0 0 0 0 0 0 1 0 

1
19 35
17 13
1 0 0 0 0 0 0 0 0 0 
0 0 1 0 0 0 0 0 0 0 
0 1 0 0 0 0 0 0 0 0 
0 1 0 0 0 0 0 0 0 0 
0 1 0 0 0 0 0 0 0 0 
0 0 0 1 0 0 0 0 0 0 
0 1 0 0 0 0 0 0 0 0 
0 1 0 0 0 0 0 0 0 0 
0 1 0 0 0 0 0 0 0 0 

0
19 38
15 26
0 -1 0 1 0 0 0 0 1 -s 
0 0 0 0 1 0 0 0 0 0 
0 0 0 1 0 0 0 0 0 0 
0 -1 1 1 1 -1 0 0 0 s-m1^2 
0 0 0 2 2 -1 0 0 0 4*m2^2-2*m1^2 
0 1 0 0 0 0 0 0 0 0 
1 -1 0 0 1 0 1 -1 0 t 
0 0 0 1 0 0 -1 0 1 m2^2+t 
1 -1 -1 0 1 0 0 0 1 0 

0
19 40
15 18
1 -2 0 1 1 -1 0 0 1 -m1^2 
0 2 0 -1 0 0 0 0 0 2*s 
0 -1 1 1 1 -1 0 0 0 s-m1^2 
0 1 0 0 0 0 0 0 0 0 
0 2 -1 0 2 0 0 0 0 4*m2^2-m1^2 
0 0 0 0 1 0 0 0 0 0 
0 1 0 -1 0 0 1 0 0 3*s 
0 -1 0 1 1 -1 -1 1 1 s+m2^2-m1^2 
0 1 0 -1 0 0 0 0 1 3*s 

1
19 41
17 13
1 0 0 0 0 0 0 0 0 0 
0 1 0 0 0 0 0 0 0 0 
0 1 0 0 0 0 0 0 0 0 
0 0 1 0 0 0 0 0 0 0 
0 1 0 0 0 0 0 0 0 0 
0 0 0 1 0 0 0 0 0 0 
0 1 0 0 0 0 0 0 0 0 
0 1 0 0 0 0 0 0 0 0 
0 1 0 0 0 0 0 0 0 0 

0
19 42
15 26
1 -2 0 1 1 -1 0 0 1 -m1^2 
0 1 0 0 0 0 0 0 0 0 
0 -1 1 1 1 -1 0 0 0 s-m1^2 
0 0 0 1 0 0 0 0 0 0 
0 0 0 2 2 -1 0 0 0 4*m2^2-2*m1^2 
0 0 0 0 1 0 0 0 0 0 
0 0 0 0 0 0 1 0 0 0 
0 -1 0 1 1 -1 -1 1 1 s+m2^2-m1^2 
0 0 0 0 0 0 0 0 1 0 

1
19 43
17 45
1 0 0 0 0 0 0 0 0 0 
0 0 1 0 0 0 0 0 0 0 
0 1 0 0 0 0 0 0 0 0 
0 0 0 0 0 1 0 0 0 0 
0 1 0 0 0 0 0 0 0 0 
0 0 0 1 0 0 0 0 0 0 
0 1 0 0 0 0 0 0 0 0 
0 1 0 0 0 0 0 0 0 0 
0 1 0 0 0 0 0 0 0 0 

0
19 44
15 26
0 -1 0 1 0 0 0 0 1 -s 
0 1 -1 -1 1 1 0 0 0 s+m1^2 
0 0 0 1 0 0 0 0 0 0 
0 0 0 0 1 0 0 0 0 0 
0 2 -1 0 2 0 0 0 0 4*m2^2-m1^2 
0 1 0 0 0 0 0 0 0 0 
1 0 -1 -1 1 1 1 -1 0 2*s+m1^2+t 
0 0 0 1 0 0 -1 0 1 m2^2+t 
1 0 -2 -1 1 1 0 0 1 2*s+m1^2 

0
19 45
19 39
1 0 0 0 0 0 0 0 0 0 
0 2 0 -1 0 0 0 0 0 2*s 
0 0 1 0 0 0 0 0 0 0 
0 1 0 0 0 0 0 0 0 0 
0 1 -1 -1 1 1 0 0 0 s 
0 0 0 0 0 1 0 0 0 0 
0 1 0 -1 0 0 1 0 0 3*s 
0 0 0 0 0 0 0 1 0 0 
0 1 0 -1 0 0 0 0 1 3*s 

0
19 48
11 3
0 -1 0 1 0 0 0 0 1 -s 
1 2 0 1 -1 1 0 0 -1 2*m2^2+m1^2 
0 0 0 1 0 0 0 0 0 0 
1 3 1 0 -1 0 0 0 -1 2*m2^2+m1^2 
1 0 0 0 0 0 0 0 0 0 
0 1 0 0 0 0 0 0 0 0 
2 3 0 1 -1 1 -1 -1 -1 s+4*m2^2+2*m1^2 
0 0 0 1 0 0 -1 0 1 m2^2+t 
2 3 -1 1 -1 1 0 0 -2 s+4*m2^2+2*m1^2 

1
19 49
12 7
0 0 1 0 0 0 0 0 0 0 
0 0 0 1 0 0 0 0 0 0 
0 0 0 1 0 0 0 0 0 0 
0 0 0 1 0 0 0 0 0 0 
0 1 0 0 0 0 0 0 0 0 
1 0 0 0 0 0 0 0 0 0 
0 0 0 1 0 0 0 0 0 0 
0 0 0 1 0 0 0 0 0 0 
0 0 0 1 0 0 0 0 0 0 

0
19 50
15 50
-1 2 0 -1 1 1 0 0 -1 2*m2^2+m1^2 
0 1 0 0 0 0 0 0 0 0 
0 1 -1 -1 1 1 0 0 0 s+m1^2 
0 0 0 1 0 0 0 0 0 0 
0 0 0 0 0 1 0 0 0 0 
0 0 0 0 1 0 0 0 0 0 
0 0 0 0 0 0 1 0 0 0 
0 1 0 -1 1 1 1 -1 -1 s+m2^2+m1^2+2*t 
0 0 0 0 0 0 0 0 1 0 

1
19 51
17 29
1 0 0 0 0 0 0 0 0 0 
0 0 1 0 0 0 0 0 0 0 
0 1 0 0 0 0 0 0 0 0 
0 1 0 0 0 0 0 0 0 0 
0 0 0 0 1 0 0 0 0 0 
0 0 0 1 0 0 0 0 0 0 
0 1 0 0 0 0 0 0 0 0 
0 1 0 0 0 0 0 0 0 0 
0 1 0 0 0 0 0 0 0 0 

0
19 52
11 11
0 2 0 0 0 0 0 0 -1 2*m2^2 
1 -1 -1 0 1 0 0 0 1 -2*m2^2+m1^2 
0 1 0 0 0 0 0 0 0 0 
1 -2 0 1 1 -1 0 0 1 -2*m2^2+m1^2 
1 0 0 0 0 0 0 0 0 0 
0 0 0 1 0 0 0 0 0 0 
2 -2 -1 0 1 0 1 -1 1 -2*m2^2+2*m1^2 
0 1 0 0 0 0 1 0 -1 m2^2+t 
2 -2 -2 0 1 0 0 0 2 -2*m2^2+2*m1^2 

0
19 54
15 58
0 -1 0 1 0 0 0 0 1 -s 
0 0 0 0 1 0 0 0 0 0 
0 0 0 1 0 0 0 0 0 0 
0 1 -1 -1 1 1 0 0 0 s+m1^2 
0 0 0 0 0 1 0 0 0 0 
0 1 0 0 0 0 0 0 0 0 
-1 1 0 0 1 0 -1 1 0 2*m2^2-t 
0 0 0 1 0 0 -1 0 1 m2^2+t 
-1 1 1 0 1 0 0 0 -1 2*m2^2 

0
19 56
15 56
1 -2 0 1 1 -1 0 0 1 -m1^2 
0 -1 0 2 0 0 0 0 0 2*s 
0 -1 1 1 1 -1 0 0 0 s-m1^2 
0 0 0 1 0 0 0 0 0 0 
0 0 0 0 0 1 0 0 0 0 
0 0 0 0 1 0 0 0 0 0 
0 0 0 2 0 0 -1 0 0 4*s+2*m2^2 
0 -1 0 1 1 -1 -1 1 1 s+m2^2-m1^2 
0 0 0 2 0 0 0 0 -1 4*s+2*m2^2 

1
19 57
17 57
1 0 0 0 0 0 0 0 0 0 
0 1 0 0 0 0 0 0 0 0 
0 1 0 0 0 0 0 0 0 0 
0 0 0 0 0 1 0 0 0 0 
0 0 0 0 1 0 0 0 0 0 
0 0 0 1 0 0 0 0 0 0 
0 1 0 0 0 0 0 0 0 0 
0 1 0 0 0 0 0 0 0 0 
0 1 0 0 0 0 0 0 0 0 

0
19 58
15 58
-1 2 0 -1 1 1 0 0 -1 2*m2^2+m1^2 
0 1 0 0 0 0 0 0 0 0 
0 1 -1 -1 1 1 0 0 0 s+m1^2 
0 0 0 1 0 0 0 0 0 0 
0 0 0 0 0 1 0 0 0 0 
0 0 0 0 1 0 0 0 0 0 
0 0 0 0 0 0 1 0 0 0 
0 1 0 -1 1 1 1 -1 -1 s+m2^2+m1^2+2*t 
0 0 0 0 0 0 0 0 1 0 

1
19 59
17 61
1 0 0 0 0 0 0 0 0 0 
0 0 1 0 0 0 0 0 0 0 
0 1 0 0 0 0 0 0 0 0 
0 0 0 0 0 1 0 0 0 0 
0 0 0 0 1 0 0 0 0 0 
0 0 0 1 0 0 0 0 0 0 
0 1 0 0 0 0 0 0 0 0 
0 1 0 0 0 0 0 0 0 0 
0 1 0 0 0 0 0 0 0 0 

0
19 60
15 58
0 2 0 0 0 0 0 0 -1 2*m2^2 
0 1 -1 -1 1 1 0 0 0 s+m1^2 
0 1 0 0 0 0 0 0 0 0 
0 0 0 0 1 0 0 0 0 0 
0 0 0 0 0 1 0 0 0 0 
0 0 0 1 0 0 0 0 0 0 
1 0 -1 -1 1 1 1 -1 0 2*s+m1^2+t 
0 1 0 0 0 0 1 0 -1 m2^2+t 
1 0 -2 -1 1 1 0 0 1 2*s+m1^2 

1
19 61
19 55
1 0 0 0 0 0 0 0 0 0 
0 0 0 1 0 0 0 0 0 0 
0 0 0 0 0 1 0 0 0 0 
0 1 0 0 0 0 0 0 0 0 
0 0 0 0 1 0 0 0 0 0 
0 0 1 0 0 0 0 0 0 0 
0 0 0 1 0 0 0 0 0 0 
0 0 0 1 0 0 0 0 0 0 
0 0 0 1 0 0 0 0 0 0 

