B11bis[0,-1,0,0,0,0,0,0,1]*(a8*t)
B11bis[0,0,0,1,0,0,-1,0,0]*(s*a3)
B11bis[0,0,0,0,1,0,0,0,0]*(-2*m2^2*t*a4)
B11bis[-1,0,0,0,0,1,0,0,0]*(a5*t)
B11bis[0,0,0,0,0,1,0,-1,0]*(a5*s)
B11bis[0,0,0,0,0,1,0,0,0]*(-m2^2*a5*s-m2^2*a5*t)
B11bis[0,-1,0,0,0,0,1,0,0]*(-a6*t)
B11bis[0,0,0,0,0,0,0,0,0]*(-a8*t+a6*t-a2*t+a7*t)
B11bis[0,0,0,0,0,0,1,0,0]*(-m2^2*a6*t)
B11bis[-1,0,0,0,0,0,0,1,0]*(-a7*t)
B11bis[-1,0,1,0,0,0,0,0,0]*(a2*t)
B11bis[0,0,0,0,0,0,0,0,1]*(m2^2*a8*t)
B11bis[0,0,1,0,0,0,0,0,0]*(-m2^2*a2*t)
B11bis[0,0,-1,0,0,1,0,0,0]*(-a5*s-a5*t)
B11bis[0,-1,0,0,1,0,0,0,0]*(-t*a4)
B11bis[0,0,0,1,0,0,0,0,-1]*(-s*a3)
B11bis[0,0,0,0,1,0,0,0,-1]*(t*a4)
B11bis[0,0,-1,0,1,0,0,0,0]*(-t*a4)
B11bis[-1,0,0,0,1,0,0,0,0]*(t*a4)

B11bis[0,-1,0,1,0,0,0,0,0]*(-3*s*a3)
B11bis[0,0,0,1,0,0,-1,0,0]*(2*s*a3)
B11bis[0,0,0,1,0,0,0,0,0]*(-2*m2^2*s*a3-s^2*a3)
B11bis[-1,0,0,0,0,1,0,0,0]*(-a5*s)
B11bis[0,0,0,0,0,1,0,-1,0]*(a5*s)
B11bis[0,0,0,0,0,0,-1,0,1]*(-a8*s)
B11bis[0,-1,0,0,0,0,1,0,0]*(s*a6)
B11bis[0,0,0,0,0,0,0,0,0]*(s*a3-s*a7+a5*s+a5*t-a2*t-s*a6)
B11bis[0,0,0,0,0,0,1,0,0]*(m2^2*s*a6)
B11bis[-1,0,0,0,0,0,0,1,0]*(s*a7)
B11bis[0,0,0,0,0,0,0,0,1]*(-a8*s*t+m2^2*a8*s)
B11bis[0,0,0,-1,1,0,0,0,0]*(-t*a4)
B11bis[0,0,0,0,1,0,0,0,0]*(-m2^2*s*a4+s*t*a4)
B11bis[0,0,-1,0,0,1,0,0,0]*(-a5*s-a5*t)
B11bis[0,0,0,-1,0,0,0,0,1]*(a8*t)
B11bis[0,-1,0,0,0,0,0,0,1]*(-a8*t+a8*s)
B11bis[0,-1,0,0,1,0,0,0,0]*(t*a4-s*a4)
B11bis[0,0,0,0,1,0,0,-1,0]*(-s*a4)
B11bis[-1,0,0,0,1,0,0,0,0]*(s*a4)
B11bis[0,0,0,0,1,0,-1,0,0]*(s*a4)
B11bis[-1,0,1,0,0,0,0,0,0]*(s*a2)
B11bis[0,0,1,0,0,0,0,-1,0]*(-s*a2)
B11bis[0,0,1,0,0,-1,0,0,0]*(a2*t)
B11bis[0,0,-1,0,1,0,0,0,0]*(-t*a4)
B11bis[0,0,0,0,1,-1,0,0,0]*(t*a4)

B11bis[0,-1,0,1,0,0,0,0,0]*(3*s*a3)
B11bis[0,0,0,0,0,0,0,0,0]*(a8*t-s*a3-a5*s+s*a2-a6*t+a2*t-a7*t+a8*s)
B11bis[0,0,0,1,0,0,-1,0,0]*(-s*a3)
B11bis[0,0,0,1,0,0,0,0,0]*(2*m2^2*s*a3+s^2*a3)
B11bis[0,0,0,0,0,0,0,0,1]*(-m2^2*a8*t-m2^2*a8*s)
B11bis[0,0,0,1,0,0,0,0,-1]*(-s*a3)
B11bis[-1,0,0,0,1,0,0,0,0]*(-t*a4-s*a4)
B11bis[-1,0,0,0,0,1,0,0,0]*(a5*s-a5*t)
B11bis[0,0,-1,0,0,1,0,0,0]*(a5*s+a5*t)
B11bis[0,-1,0,0,0,0,0,0,1]*(-a8*t-a8*s)
B11bis[0,0,0,0,0,1,0,-1,0]*(-a5*s)
B11bis[0,0,0,0,0,1,0,0,0]*(m2^2*a5*t)
B11bis[0,0,-1,0,1,0,0,0,0]*(t*a4+s*a4)
B11bis[0,0,1,0,0,0,0,0,0]*(m2^2*s*a2+m2^2*a2*t)
B11bis[0,-1,0,0,1,0,0,0,0]*(t*a4+s*a4)
B11bis[0,-1,0,0,0,0,1,0,0]*(2*a6*t-s*a6)
B11bis[0,0,0,-1,0,0,1,0,0]*(-a6*t)
B11bis[0,0,0,0,1,0,0,0,0]*(2*m2^2*t*a4+2*m2^2*s*a4)
B11bis[0,0,0,0,0,0,1,0,0]*(s*a6*t+m2^2*a6*t-m2^2*s*a6)
B11bis[-1,0,1,0,0,0,0,0,0]*(-s*a2-a2*t)
B11bis[0,0,0,0,0,0,1,0,-1]*(s*a6)
B11bis[0,0,0,0,0,0,0,1,0]*(m2^2*s*a7)
B11bis[-1,0,0,0,0,0,0,1,0]*(-s*a7+a7*t)
B11bis[0,0,-1,0,0,0,0,1,0]*(s*a7+a7*t)
B11bis[0,0,0,0,0,-1,0,1,0]*(-a7*t)
B11bis[0,0,0,0,1,0,0,0,-1]*(-t*a4-s*a4)

