504 15212848257647787718 1 6
5 3 7 6 4 8 

500 2137200763941329902 1 6
7 5 2 4 6 8 

498 1939445408306151686 2 6
5 7 4 6 8 1 
7 5 4 6 8 1 

497 17850606902295646332 1 6
5 7 0 4 6 8 

492 3604247444685896650 2 6
5 2 3 7 6 8 
5 2 6 8 3 7 

490 10429866654841894976 1 6
5 3 7 6 8 1 

489 10429866654841894976 1 6
5 6 8 3 7 0 

486 14696676549390635124 1 6
7 5 2 6 8 1 

485 15710104843728346790 1 6
6 8 7 0 5 2 

483 4058371989244382324 1 6
5 7 0 6 8 1 

476 7679673378805088543 1 6
2 7 3 4 6 8 

474 453742048848003632 2 6
3 7 4 6 8 1 
7 3 4 6 8 1 

473 15410818709535742473 2 6
4 6 8 3 7 0 
4 6 8 7 3 0 

227 7718137734683636529 1 5
5 7 0 6 1 

484 2033434964348816699 1 5
7 6 8 5 2 

218 17920030991832331272 4 5
3 7 4 6 1 
3 7 6 4 1 
7 3 4 6 1 
7 3 6 4 1 

217 14789895976321991831 4 5
4 6 3 7 0 
4 6 7 3 0 
6 4 3 7 0 
6 4 7 3 0 

213 9564097586524167225 1 5
2 6 4 7 0 

470 12152465641903677477 2 6
2 7 4 6 8 1 
7 2 4 6 8 1 

206 16649560760011161762 1 5
2 7 3 6 1 

199 12062232550149559934 2 5
2 6 1 7 0 
2 7 0 6 1 

456 1244744976000477749 8 4
3 7 6 8 
3 7 8 6 
6 8 7 3 
6 8 3 7 
7 3 6 8 
7 3 8 6 
8 6 7 3 
8 6 3 7 

179 8223319054886981991 1 5
5 7 0 4 1 

436 17770642774778642068 1 5
7 4 8 5 2 

167 9097417079745722050 1 5
1 5 2 7 0 

424 3986504250757056135 2 4
5 8 3 7 
8 5 3 7 

151 441299891571850404 2 5
2 4 1 7 0 
2 7 0 4 1 

408 220491240105459521 4 4
4 8 7 3 
4 8 3 7 
8 4 7 3 
8 4 3 7 

124 14567447929161219631 1 5
3 6 4 5 2 

122 7657069320458439365 2 5
3 5 6 4 1 
5 3 6 4 1 

121 7730810213588332057 1 5
5 6 4 3 0 

378 12309002383432619684 2 6
3 5 6 4 8 1 
5 3 6 4 8 1 

118 4353786858671202151 4 5
2 5 4 6 1 
2 5 6 4 1 
5 2 4 6 1 
5 2 6 4 1 

117 3111689087057720950 4 5
0 4 6 5 2 
0 4 6 2 5 
0 6 4 5 2 
0 6 4 2 5 

374 14479913995902553489 2 6
2 5 4 6 8 1 
5 2 4 6 8 1 

115 2374415683190543239 4 5
0 5 4 6 1 
0 5 6 4 1 
5 0 4 6 1 
5 0 6 4 1 

372 15415436410286873225 2 5
2 5 4 6 8 
5 2 4 6 8 

110 6649284551587871113 1 5
3 5 2 6 1 

236 12233765280801507451 1 5
6 5 2 3 7 

109 6649284551587871113 1 5
6 5 2 3 0 

366 17957636456696901918 1 6
3 5 2 6 8 1 

234 9660815669329210392 1 5
5 6 1 3 7 

107 14739837329737416951 2 5
5 3 0 6 1 
5 6 1 3 0 

364 12233765280801507451 1 5
3 5 2 6 8 

230 12602586255660598718 1 5
7 6 1 5 2 

103 16361123817481253198 1 5
0 5 2 1 6 

360 14746533923942629022 2 4
3 5 6 8 
5 3 6 8 

94 8838112659539816674 2 5
2 3 4 6 1 
3 2 4 6 1 

220 2632186392643767091 1 5
2 6 4 7 3 

93 1569986153688868234 1 5
2 4 6 3 0 

350 12970356553285786410 2 6
2 3 4 6 8 1 
3 2 4 6 8 1 

214 10213386229808423532 2 5
2 7 6 4 1 
7 2 6 4 1 

87 18270631231599804052 4 5
0 2 4 6 1 
0 2 6 4 1 
2 0 4 6 1 
2 0 6 4 1 

62 16361123817481253198 1 5
3 2 5 4 1 

188 9607436083604364894 1 5
4 7 3 5 2 

61 16361123817481253198 1 5
4 2 5 3 0 

318 7593851331577613328 1 6
3 5 2 8 4 1 

186 14418950538750571988 1 5
5 7 3 4 1 

59 9637728406436976828 2 5
5 1 4 0 3 
5 0 3 1 4 

316 3221030757356925640 1 5
3 8 4 5 2 

182 6735198331751838761 1 5
7 4 1 5 2 

55 16361123817481253198 1 5
0 5 2 1 4 

312 15684399310074452655 2 4
3 5 8 4 
5 3 8 4 

174 17028826836645903710 1 5
1 7 3 5 2 

47 16361123817481253198 1 5
1 5 2 0 3 

158 2943372003709166383 1 5
2 7 3 4 1 

31 9637728406436976828 2 5
2 3 0 4 1 
2 4 1 3 0 

229 3513855941096690009 1 5
6 7 0 5 2 

356 3832969048922006237 4 4
6 8 2 5 
6 8 5 2 
8 6 5 2 
8 6 2 5 

99 7636520805661878029 2 4
0 5 1 6 
5 0 1 6 

205 6617359137190300738 2 5
2 6 7 3 0 
6 2 7 3 0 

462 3887764454751416353 2 6
2 3 7 6 8 1 
2 7 3 8 6 1 

332 4710925155386411691 2 4
2 3 8 6 
3 2 8 6 

185 18199650894480170131 2 5
4 5 7 3 0 
5 4 7 3 0 

442 9059603390674920715 1 6
5 3 7 8 4 1 

181 8406888603868562609 1 5
4 7 0 5 2 

438 13790680615012178775 1 6
7 5 2 4 8 1 

308 8518306885882634279 4 4
4 8 5 2 
4 8 2 5 
8 4 5 2 
8 4 2 5 

51 7636520805661878029 2 4
0 5 1 4 
5 0 1 4 

171 5024315683603795752 2 5
1 5 7 3 0 
5 1 7 3 0 

428 2033434964348816699 1 5
8 3 7 5 2 

298 1145265670692512130 2 4
3 5 8 1 
5 3 8 1 

172 3832969048922006237 4 4
3 7 5 2 
3 7 2 5 
7 3 5 2 
7 3 2 5 

429 14696676549390635124 1 6
8 5 2 3 7 0 

233 1475767629727622326 2 5
5 6 3 7 0 
6 5 3 7 0 

106 603533652253054409 2 4
3 5 6 1 
5 3 6 1 

363 15792416628095828164 1 6
5 3 0 6 8 1 

224 7658636075273647947 6 3
5 6 7 
5 7 6 
6 5 7 
6 7 5 
7 6 5 
7 5 6 

481 10914547795024368109 1 5
5 6 8 7 0 

173 14914749096633998267 4 5
2 5 3 7 0 
2 5 7 3 0 
5 2 3 7 0 
5 2 7 3 0 

430 15710104843728346790 1 6
3 7 8 1 5 2 

300 14515402054322567970 2 4
3 8 5 2 
8 3 5 2 

43 7636520805661878029 2 4
1 5 0 3 
5 1 0 3 

46 2915755619415678227 4 4
1 3 2 5 
1 3 5 2 
3 1 2 5 
3 1 5 2 

303 2104517575036350477 1 6
8 1 3 0 5 2 

92 16893691265632116824 2 4
2 3 4 6 
3 2 4 6 

349 13039041544189417343 1 6
2 3 0 4 6 8 

148 15477413051805133046 6 3
2 4 7 
2 7 4 
4 2 7 
4 7 2 
7 4 2 
7 2 4 

405 8215339245048222057 1 5
2 4 8 7 0 

216 17729065671218839669 4 4
4 6 3 7 
4 6 7 3 
6 4 3 7 
6 4 7 3 

53 2915755619415678227 4 4
0 4 2 5 
0 4 5 2 
4 0 2 5 
4 0 5 2 

310 4208969882742548835 4 5
2 5 4 8 1 
2 5 8 4 1 
5 2 4 8 1 
5 2 8 4 1 

180 12872401847319649801 2 4
4 7 5 2 
7 4 5 2 

437 8886762409215545072 1 6
4 8 7 0 5 2 

104 14555551497720450468 6 3
3 5 6 
3 6 5 
5 3 6 
5 6 3 
6 5 3 
6 3 5 

361 9660815669329210392 1 5
5 3 0 6 8 

417 11211917229882112836 2 4
5 8 7 0 
8 5 7 0 

163 15609632890079636842 2 4
1 5 7 0 
5 1 7 0 

420 8916441978684384228 2 4
7 8 5 2 
8 7 5 2 

60 12657553381509885184 2 4
3 4 2 5 
4 3 2 5 

317 656735507805693235 1 6
8 4 3 0 5 2 

296 7658636075273647947 6 3
3 5 8 
3 8 5 
5 3 8 
5 8 3 
8 5 3 
8 3 5 

39 12657553381509885184 2 4
0 1 5 2 
1 0 5 2 

176 8922397766556314475 6 3
4 5 7 
4 7 5 
5 4 7 
5 7 4 
7 5 4 
7 4 5 

433 858050255977881010 1 5
5 4 8 7 0 

432 12495551341959652235 2 4
5 7 4 8 
7 5 4 8 

175 1905555974122215081 1 6
1 5 2 7 3 0 

305 16954421592595156864 2 4
0 5 8 4 
5 0 8 4 

178 12408983781698118751 2 4
5 7 4 1 
7 5 4 1 

435 5173026582112591261 1 6
5 7 0 4 8 1 

101 2915755619415678227 4 4
0 6 5 2 
0 6 2 5 
6 0 5 2 
6 0 2 5 

358 14914749096633998267 4 5
2 5 6 8 1 
2 5 8 6 1 
5 2 6 8 1 
5 2 8 6 1 

228 14515402054322567970 2 4
6 7 5 2 
7 6 5 2 

196 17458855618286389883 6 3
2 6 7 
2 7 6 
6 2 7 
6 7 2 
7 6 2 
7 2 6 

453 16649560760011161762 1 5
2 6 8 7 0 

108 7132223025472482075 2 4
3 6 5 2 
6 3 5 2 

365 14458276760657840038 1 6
3 0 5 2 6 8 

480 3986504250757056135 2 4
5 7 6 8 
7 5 6 8 

353 8282920585875856789 2 4
0 5 8 6 
5 0 8 6 

226 2443612105887142106 2 4
5 7 6 1 
7 5 6 1 

28 14008880805489720900 6 3
2 3 4 
2 4 3 
3 2 4 
3 4 2 
4 3 2 
4 2 3 

285 13830121668567888474 1 5
2 8 4 3 0 

116 15681220750808639507 4 4
4 6 5 2 
4 6 2 5 
6 4 5 2 
6 4 2 5 

373 3556900365547275713 1 6
0 5 2 4 6 8 

268 17458855618286389883 6 3
2 3 8 
2 8 3 
3 2 8 
3 8 2 
8 3 2 
8 2 3 

289 5180365401916553282 6 3
0 5 8 
0 8 5 
5 0 8 
5 8 0 
8 5 0 
8 0 5 

416 10315312338500415028 6 3
5 7 8 
5 8 7 
7 5 8 
7 8 5 
8 7 5 
8 5 7 

159 18174724228095451674 1 6
2 4 1 7 3 0 

162 5180365401916553282 6 3
1 5 7 
1 7 5 
5 1 7 
5 7 1 
7 5 1 
7 1 5 

419 16276188588167056763 2 5
5 7 0 8 1 
5 8 1 7 0 

35 14008880805489720900 6 3
0 1 5 
0 5 1 
1 0 5 
1 5 0 
5 1 0 
5 0 1 

85 456064701037471828 4 4
0 2 4 6 
0 2 6 4 
2 0 4 6 
2 0 6 4 

212 7782094676227168484 2 4
2 7 6 4 
7 2 6 4 

469 56286196489999251 1 6
2 7 0 4 6 8 

120 11928603397283744152 2 4
3 5 6 4 
5 3 6 4 

377 17201591877948617587 1 6
5 3 0 6 4 8 

396 4710925155386411691 2 4
2 8 3 7 
8 2 3 7 

269 844027089328211766 2 4
2 8 3 0 
8 2 3 0 

142 6373279040703870645 4 4
1 2 3 7 
1 2 7 3 
2 1 3 7 
2 1 7 3 

399 2936522965357204825 1 6
2 8 1 3 7 0 

149 10460062785444194406 2 4
2 4 7 0 
4 2 7 0 

406 16182494665536053516 2 5
2 7 4 8 1 
7 2 4 8 1 

29 7636520805661878029 2 4
2 4 3 0 
4 2 3 0 

286 8233833192571147484 2 5
2 3 8 4 1 
3 2 8 4 1 

156 14595231723500746791 2 4
2 4 7 3 
4 2 7 3 

413 1478828705624413001 1 6
2 8 4 3 7 0 

293 13697909126296567058 2 4
0 8 5 2 
8 0 5 2 

166 13697909126296567058 2 4
1 7 5 2 
7 1 5 2 

423 3080708605128288259 2 6
5 2 7 0 8 1 
5 2 8 1 7 0 

225 1145265670692512130 2 4
5 6 7 0 
6 5 7 0 

482 2335551029978452954 2 5
5 7 6 8 1 
7 5 6 8 1 

157 4879517568987306396 2 5
2 4 7 3 0 
4 2 7 3 0 

414 5865055065802215127 1 6
2 3 7 8 4 1 

30 7636520805661878029 2 4
2 3 4 1 
3 2 4 1 

287 7838113844204396244 1 6
2 3 0 8 4 1 

284 8494560722300355860 2 4
2 3 8 4 
3 2 8 4 

297 2443612105887142106 2 4
5 8 3 0 
8 5 3 0 

170 8282920585875856789 2 4
1 5 7 3 
5 1 7 3 

427 4058371989244382324 1 6
5 8 1 3 7 0 

177 7753845519296969428 2 4
4 5 7 0 
5 4 7 0 

434 5560841040313386741 2 5
5 7 4 8 1 
7 5 4 8 1 

184 7788742094658638388 2 4
4 5 7 3 
5 4 7 3 

441 17993480437367327553 1 6
5 8 4 3 7 0 

197 844027089328211766 2 4
2 6 7 0 
6 2 7 0 

454 6617359137190300738 2 5
2 7 6 8 1 
7 2 6 8 1 

452 4710925155386411691 2 4
2 7 6 8 
7 2 6 8 

325 6373279040703870645 4 4
0 2 6 8 
0 2 8 6 
2 0 6 8 
2 0 8 6 

198 844027089328211766 2 4
2 7 6 1 
7 2 6 1 

455 2936522965357204825 1 6
2 7 0 6 8 1 

204 4710925155386411691 2 4
2 6 7 3 
6 2 7 3 

461 3887764454751416353 2 6
2 6 8 3 7 0 
2 8 6 7 3 0 

105 603533652253054409 2 4
5 6 3 0 
6 5 3 0 

362 1475767629727622326 2 5
3 5 6 8 1 
5 3 6 8 1 

232 14746533923942629022 2 4
5 6 3 7 
6 5 3 7 

418 11211917229882112836 2 4
5 7 8 1 
7 5 8 1 

291 15609632890079636842 2 4
0 5 8 1 
5 0 8 1 

113 456064701037471828 4 4
0 5 4 6 
0 5 6 4 
5 0 4 6 
5 0 6 4 

240 18023217960715058201 2 4
5 7 6 4 
7 5 6 4 

143 15300487174151817408 4 5
1 2 3 7 0 
1 2 7 3 0 
2 1 3 7 0 
2 1 7 3 0 

270 844027089328211766 2 4
2 3 8 1 
3 2 8 1 

404 10346812999106177369 2 4
2 7 4 8 
7 2 4 8 

150 10460062785444194406 2 4
2 7 4 1 
7 2 4 1 

407 13163847272202965460 1 6
2 7 0 4 8 1 

277 1132125041046106274 4 4
0 2 4 8 
0 2 8 4 
2 0 4 8 
2 0 8 4 

241 5339001099181831387 1 5
5 6 4 7 0 

242 17780203614996702965 2 5
5 7 6 4 1 
7 5 6 4 1 

244 4142872632148159405 1 5
7 6 4 5 2 

248 6119788363352059588 1 5
5 6 4 3 7 

271 12062232550149559934 2 5
2 3 0 8 1 
2 8 1 3 0 

279 3723977674723190586 4 5
0 2 4 8 1 
0 2 8 4 1 
2 0 4 8 1 
2 0 8 4 1 

295 9097417079745722050 1 5
0 5 2 8 1 

299 7718137734683636529 1 5
5 8 1 3 0 

301 12602586255660598718 1 5
8 3 0 5 2 

302 3513855941096690009 1 5
3 8 1 5 2 

307 9006857509548947486 2 5
0 5 8 4 1 
5 0 8 4 1 

309 3848715426718891207 1 5
0 8 4 5 2 

313 7927594611865751472 1 5
5 8 4 3 0 

314 15701938834173561949 2 5
3 5 8 4 1 
5 3 8 4 1 

327 15300487174151817408 4 5
0 2 6 8 1 
0 2 8 6 1 
2 0 6 8 1 
2 0 8 6 1 

333 16649560760011161762 1 5
2 8 6 3 0 

334 6617359137190300738 2 5
2 3 8 6 1 
3 2 8 6 1 

341 14548790457033551304 2 5
0 2 4 6 8 
2 0 4 6 8 

348 4129901694820506397 2 5
2 3 4 6 8 
3 2 4 6 8 

355 5024315683603795752 2 5
0 5 8 6 1 
5 0 8 6 1 

357 17028826836645903710 1 5
0 8 6 5 2 

369 10482512492506546083 2 5
0 5 4 6 8 
5 0 4 6 8 

376 6841670874083141845 2 5
3 5 6 4 8 
5 3 6 4 8 

119 8388338426313078149 2 6
0 5 2 4 6 1 
0 5 2 6 4 1 

397 6617359137190300738 2 5
2 8 3 7 0 
8 2 3 7 0 

398 16649560760011161762 1 5
2 3 7 8 1 

409 131778040186276246 4 5
4 8 7 3 0 
4 8 3 7 0 
8 4 3 7 0 
8 4 7 3 0 

410 15514958610944813956 4 5
3 7 4 8 1 
3 7 8 4 1 
7 3 4 8 1 
7 3 8 4 1 

412 6122645637321290171 1 5
2 8 4 3 7 

421 14961732136520319850 1 5
8 5 2 7 0 

422 14961732136520319850 1 5
7 5 2 8 1 

425 2335551029978452954 2 5
5 8 3 7 0 
8 5 3 7 0 

426 10914547795024368109 1 5
5 3 7 8 1 

440 3669803513928268713 1 5
5 8 4 3 7 

183 14391110033463965388 1 6
7 0 4 1 5 2 

457 9980566091267099844 4 5
6 8 7 3 0 
6 8 3 7 0 
8 6 3 7 0 
8 6 7 3 0 

458 9980566091267099844 4 5
3 7 6 8 1 
3 7 8 6 1 
7 3 6 8 1 
7 3 8 6 1 

460 11697287908733873319 4 5
2 3 7 6 8 
2 6 8 3 7 
2 7 3 8 6 
2 8 6 7 3 

468 7535801514964386597 2 5
2 7 4 6 8 
7 2 4 6 8 

472 1023089137658979720 2 5
3 7 4 6 8 
7 3 4 6 8 

215 5797504304621743911 1 6
2 7 0 6 4 1 

488 5421376293945635305 2 5
5 3 7 6 8 
5 6 8 3 7 

231 2104517575036350477 1 6
7 0 6 1 5 2 

496 16354513746469361527 2 5
5 7 4 6 8 
7 5 4 6 8 

63 871419031609791470 4 6
2 5 0 3 1 4 
2 5 1 4 0 3 
5 2 3 0 4 1 
5 2 4 1 3 0 

95 4016686838717960019 1 6
2 3 0 4 6 1 

111 9769004679619419268 2 6
5 2 3 0 6 1 
5 2 6 1 3 0 

123 6068895565825112128 1 6
5 3 0 6 4 1 

380 2522785618838790227 1 6
3 5 2 6 4 8 

125 16092380346955106712 1 6
6 4 5 2 3 0 

126 11137530219334582196 1 6
3 5 2 6 4 1 

187 5542171202549780862 1 6
5 4 1 7 3 0 

444 14035094577018887663 1 6
8 4 3 7 5 2 

189 7688672023018886029 1 6
4 5 2 7 3 0 

190 10096380306983062192 1 6
7 3 4 1 5 2 

207 2936522965357204825 1 6
2 6 1 7 3 0 

219 6808914665070452736 4 6
4 6 1 3 7 0 
4 6 1 7 3 0 
6 4 1 3 7 0 
6 4 1 7 3 0 

221 13635174420999196818 1 6
2 6 4 7 3 0 

222 4833139202755712086 1 6
2 7 3 6 4 1 

235 15792416628095828164 1 6
5 6 1 3 7 0 

237 17957636456696901918 1 6
6 5 2 3 7 0 

238 14458276760657840038 1 6
6 1 5 2 3 7 

243 7410393346489425870 1 6
5 7 0 6 4 1 

245 14430728478799029997 1 6
6 4 7 0 5 2 

246 14708165862949513634 1 6
7 5 2 6 4 1 

249 13366112284473957540 1 6
5 6 4 3 7 0 

250 11056588403049688314 1 6
5 3 7 6 4 1 

252 3903069161291399205 1 6
6 4 5 2 3 7 

311 4544301588869094210 1 6
0 5 2 8 4 1 

315 16903597495639459648 1 6
5 3 0 8 4 1 

335 2936522965357204825 1 6
2 3 0 8 6 1 

343 3530181385031041261 2 6
0 2 4 6 8 1 
2 0 4 6 8 1 

359 1905555974122215081 1 6
0 5 2 8 6 1 

371 3893154747920231351 2 6
0 5 4 6 8 1 
5 0 4 6 8 1 

411 4026724222126763580 4 6
4 8 1 7 3 0 
4 8 1 3 7 0 
8 4 1 3 7 0 
8 4 1 7 3 0 

459 16117817475225828693 8 6
3 7 0 6 8 1 
3 7 0 8 6 1 
6 8 1 7 3 0 
6 8 1 3 7 0 
7 3 0 6 8 1 
7 3 0 8 6 1 
8 6 1 3 7 0 
8 6 1 7 3 0 

