0
2 11
2 11
1 0 0 0 0 0 0 0 0 0 
0 0 0 1 0 0 0 0 0 0 
0 0 1 0 0 0 0 0 0 0 
0 1 0 0 0 0 0 0 0 0 
0 1 1 1 -1 1 0 0 0 -s 
0 0 0 0 0 1 0 0 0 0 
0 1 0 1 0 0 -1 0 0 s 
0 0 0 0 0 0 0 1 0 0 
0 1 0 1 0 0 0 0 -1 s 

0
2 15
2 15
1 0 0 0 0 0 0 0 0 0 
0 0 0 1 0 0 0 0 0 0 
0 0 1 0 0 0 0 0 0 0 
0 1 0 0 0 0 0 0 0 0 
0 1 1 1 -1 1 0 0 0 -s 
0 0 0 0 0 1 0 0 0 0 
0 1 0 1 0 0 -1 0 0 s 
0 0 0 0 0 0 0 1 0 0 
0 1 0 1 0 0 0 0 -1 s 

0
2 19
2 19
1 0 0 0 0 0 0 0 0 0 
0 0 0 0 1 0 0 0 0 0 
0 0 1 0 0 0 0 0 0 0 
0 1 -1 -1 1 1 0 0 0 s 
0 1 0 0 0 0 0 0 0 0 
0 0 0 0 0 1 0 0 0 0 
-1 1 0 0 1 0 -1 1 0 -m1^2-t 
0 0 0 0 0 0 0 1 0 0 
-1 1 1 0 1 0 0 0 -1 -m1^2 

0
2 23
2 23
1 0 0 0 0 0 0 0 0 0 
0 0 0 0 1 0 0 0 0 0 
0 0 1 0 0 0 0 0 0 0 
0 1 -1 -1 1 1 0 0 0 s 
0 1 0 0 0 0 0 0 0 0 
0 0 0 0 0 1 0 0 0 0 
-1 1 0 0 1 0 -1 1 0 -m1^2-t 
0 0 0 0 0 0 0 1 0 0 
-1 1 1 0 1 0 0 0 -1 -m1^2 

1
2 27
2 27
1 0 0 0 0 0 0 0 0 0 
0 0 0 1 0 0 0 0 0 0 
0 0 1 0 0 0 0 0 0 0 
0 1 0 0 0 0 0 0 0 0 
0 0 0 0 1 0 0 0 0 0 
0 0 1 0 0 0 0 0 0 0 
0 0 1 0 0 0 0 0 0 0 
0 0 1 0 0 0 0 0 0 0 
0 0 1 0 0 0 0 0 0 0 

0
2 29
2 29
1 0 0 0 0 0 0 0 0 0 
0 -1 1 1 1 -1 0 0 0 s 
0 0 1 0 0 0 0 0 0 0 
0 0 0 0 1 0 0 0 0 0 
0 0 0 1 0 0 0 0 0 0 
0 0 0 0 0 1 0 0 0 0 
-1 0 1 1 1 -1 -1 1 0 2*s-m1^2-t 
0 0 0 0 0 0 0 1 0 0 
-1 0 2 1 1 -1 0 0 -1 2*s-m1^2 

0
2 47
2 47
1 0 0 0 0 0 0 0 0 0 
0 0 0 1 0 0 0 0 0 0 
0 0 1 0 0 0 0 0 0 0 
0 1 0 0 0 0 0 0 0 0 
0 1 1 1 -1 1 0 0 0 -s 
0 0 0 0 0 1 0 0 0 0 
0 1 0 1 0 0 -1 0 0 s 
0 0 0 0 0 0 0 1 0 0 
0 1 0 1 0 0 0 0 -1 s 

1
2 47
2 47
1 0 0 0 0 0 0 0 0 0 
0 1 0 0 0 0 0 0 0 0 
0 0 0 0 0 1 0 0 0 0 
0 0 0 1 0 0 0 0 0 0 
0 0 0 0 1 0 0 0 0 0 
0 0 1 0 0 0 0 0 0 0 
0 0 0 0 1 0 0 0 0 0 
0 0 0 0 1 0 0 0 0 0 
0 0 0 0 1 0 0 0 0 0 

1
2 47
2 47
1 0 0 0 0 0 0 0 0 0 
0 0 0 1 0 0 0 0 0 0 
0 0 0 0 0 1 0 0 0 0 
0 1 0 0 0 0 0 0 0 0 
0 0 0 0 1 0 0 0 0 0 
0 0 1 0 0 0 0 0 0 0 
0 0 0 0 1 0 0 0 0 0 
0 0 0 0 1 0 0 0 0 0 
0 0 0 0 1 0 0 0 0 0 

0
2 55
2 55
1 0 0 0 0 0 0 0 0 0 
0 0 0 0 1 0 0 0 0 0 
0 0 1 0 0 0 0 0 0 0 
0 1 -1 -1 1 1 0 0 0 s 
0 1 0 0 0 0 0 0 0 0 
0 0 0 0 0 1 0 0 0 0 
-1 1 0 0 1 0 -1 1 0 -m1^2-t 
0 0 0 0 0 0 0 1 0 0 
-1 1 1 0 1 0 0 0 -1 -m1^2 

1
2 63
2 63
1 0 0 0 0 0 0 0 0 0 
0 0 0 1 0 0 0 0 0 0 
0 0 0 0 0 1 0 0 0 0 
0 1 0 0 0 0 0 0 0 0 
0 0 0 0 1 0 0 0 0 0 
0 0 1 0 0 0 0 0 0 0 
0 0 0 0 0 0 1 0 0 0 
0 0 0 0 0 0 1 0 0 0 
0 0 0 0 0 0 1 0 0 0 

