D13[0, 0, 1, 0, 1, 1, 0, 0, 0]
D13[0, 0, 1, 1, 1, 0, 0, 0, 0]
D13[0, 1, 1, -1, 1, 1, 0, 0, 0]
D13[0, 1, 1, 0, 1, 0, 0, 0, 0]
D13[0, 1, 1, 0, 1, 1, 0, 0, -1]
D13[0, 1, 1, 0, 1, 1, 0, 0, 0]
D13[0, 1, 1, 1, 1, -1, 0, 0, 0]
D13[0, 1, 1, 1, 1, 0, 0, 0, -1]
D13[0, 1, 1, 1, 1, 0, 0, 0, 0]
D13[1, 0, 1, 0, 1, 1, -1, 0, 0]
D13[1, 0, 1, 0, 1, 1, 0, -1, 0]
D13[1, 0, 1, 0, 1, 1, 0, 0, 0]
D13[1, 0, 1, 1, 1, 0, -1, 0, 0]
D13[1, 0, 1, 1, 1, 0, 0, -1, 0]
D13[1, 0, 1, 1, 1, 0, 0, 0, 0]
D13[1, 1, 0, 0, 1, 1, 0, 0, 0]
D13[1, 1, 0, 1, 1, 0, 0, 0, 0]
D13[1, 1, 1, -1, 1, 1, -1, 0, 0]
D13[1, 1, 1, -1, 1, 1, 0, 0, 0]
D13[1, 1, 1, 0, 0, 1, 0, 0, 0]
D13[1, 1, 1, 0, 1, 0, -1, 0, 0]
D13[1, 1, 1, 0, 1, 0, 0, 0, 0]
D13[1, 1, 1, 0, 1, 1, -1, 0, -1]
D13[1, 1, 1, 0, 1, 1, -1, 0, 0]
D13[1, 1, 1, 0, 1, 1, 0, -1, -1]
D13[1, 1, 1, 0, 1, 1, 0, -1, 0]
D13[1, 1, 1, 0, 1, 1, 0, 0, -1]
D13[1, 1, 1, 0, 1, 1, 0, 0, 0]
D13[1, 1, 1, 1, 0, 0, 0, 0, 0]
D13[1, 1, 1, 1, 1, -1, -1, 0, 0]
D13[1, 1, 1, 1, 1, -1, 0, 0, 0]
D13[1, 1, 1, 1, 1, 0, -1, 0, -1]
D13[1, 1, 1, 1, 1, 0, -1, 0, 0]
D13[1, 1, 1, 1, 1, 0, 0, -1, -1]
D13[1, 1, 1, 1, 1, 0, 0, -1, 0]
D13[1, 1, 1, 1, 1, 0, 0, 0, -1]
D13[1, 1, 1, 1, 1, 0, 0, 0, 0]
D13[1, 2, 0, -1, 1, 1, 0, 0, 0]
D13[1, 2, 0, 0, 1, 0, 0, 0, 0]
D13[1, 2, 0, 0, 1, 1, 0, 0, -1]
D13[1, 2, 0, 0, 1, 1, 0, 0, 0]
D13[1, 2, 0, 1, 1, -1, 0, 0, 0]
D13[1, 2, 0, 1, 1, 0, 0, 0, -1]
D13[1, 2, 0, 1, 1, 0, 0, 0, 0]