C3[0, 0, 1, 1, 1, 0, 0, 0, 0]
C3[0, 1, 1, 1, 0, 0, 0, 0, 0]
C3[0, 1, 1, 1, 1, 0, -1, 0, 0]
C3[0, 1, 1, 1, 1, 0, 0, 0, -1]
C3[0, 1, 1, 1, 1, 0, 0, 0, 0]
C3[1, -1, 1, 1, 1, 0, 0, 0, 0]
C3[1, 0, 0, 1, 1, 0, 0, 0, 0]
C3[1, 0, 1, 0, 1, 0, 0, 0, 0]
C3[1, 0, 1, 1, 0, 0, 0, 0, 0]
C3[1, 0, 1, 1, 1, -1, 0, 0, 0]
C3[1, 0, 1, 1, 1, 0, -1, 0, 0]
C3[1, 0, 1, 1, 1, 0, 0, -1, 0]
C3[1, 0, 1, 1, 1, 0, 0, 0, -1]
C3[1, 0, 1, 1, 1, 0, 0, 0, 0]
C3[1, 1, 0, 1, 1, 0, -1, 0, 0]
C3[1, 1, 0, 1, 1, 0, 0, 0, -1]
C3[1, 1, 0, 1, 1, 0, 0, 0, 0]
C3[1, 1, 1, 0, 0, 0, 0, 0, 0]
C3[1, 1, 1, 0, 1, 0, -1, 0, 0]
C3[1, 1, 1, 0, 1, 0, 0, 0, -1]
C3[1, 1, 1, 0, 1, 0, 0, 0, 0]
C3[1, 1, 1, 1, 0, 0, -1, 0, 0]
C3[1, 1, 1, 1, 0, 0, 0, -1, 0]
C3[1, 1, 1, 1, 0, 0, 0, 0, -1]
C3[1, 1, 1, 1, 0, 0, 0, 0, 0]
C3[1, 1, 1, 1, 1, -1, -1, 0, 0]
C3[1, 1, 1, 1, 1, -1, 0, 0, -1]
C3[1, 1, 1, 1, 1, -1, 0, 0, 0]
C3[1, 1, 1, 1, 1, 0, -2, 0, 0]
C3[1, 1, 1, 1, 1, 0, -1, -1, 0]
C3[1, 1, 1, 1, 1, 0, -1, 0, -1]
C3[1, 1, 1, 1, 1, 0, -1, 0, 0]
C3[1, 1, 1, 1, 1, 0, 0, -1, -1]
C3[1, 1, 1, 1, 1, 0, 0, -1, 0]
C3[1, 1, 1, 1, 1, 0, 0, 0, -2]
C3[1, 1, 1, 1, 1, 0, 0, 0, -1]
C3[1, 1, 1, 1, 1, 0, 0, 0, 0]
C3[1, 1, 0, 1, 0, 0, 0, 0, 0]
C3[1, 1, 1, 1, -1, 0, 0, 0, 0]
C3[1, 1, 1, 1, 0, -1, 0, 0, 0]
C3[-1, 1, 0, 1, 1, 1, 0, 0, 0]
C3[-1, 1, 1, 1, 1, 0, 0, 0, 0]
C3[0, 0, 0, 1, 1, 1, 0, 0, 0]
C3[0, 1, -1, 1, 1, 1, 0, 0, 0]
C3[0, 1, 0, 0, 1, 1, 0, 0, 0]
C3[0, 1, 0, 1, 0, 1, 0, 0, 0]
C3[0, 1, 0, 1, 1, 0, 0, 0, 0]
C3[0, 1, 0, 1, 1, 1, -1, 0, 0]
C3[0, 1, 0, 1, 1, 1, 0, -1, 0]
C3[0, 1, 0, 1, 1, 1, 0, 0, -1]
C3[0, 1, 0, 1, 1, 1, 0, 0, 0]
C3[0, 1, 1, 0, 1, 0, 0, 0, 0]
C3[0, 1, 1, 1, 1, -1, 0, 0, 0]
C3[0, 1, 1, 1, 1, 0, 0, -1, 0]
C3[1, -1, 0, 1, 1, 1, 0, 0, 0]
C3[1, 0, -1, 1, 1, 1, 0, 0, 0]
C3[1, 0, 0, 0, 1, 1, 0, 0, 0]
C3[1, 0, 0, 1, 0, 1, 0, 0, 0]
C3[1, 0, 0, 1, 1, 1, -1, 0, 0]
C3[1, 0, 0, 1, 1, 1, 0, -1, 0]
C3[1, 0, 0, 1, 1, 1, 0, 0, -1]
C3[1, 0, 0, 1, 1, 1, 0, 0, 0]
C3[1, 1, -2, 1, 1, 1, 0, 0, 0]
C3[1, 1, -1, 0, 1, 1, 0, 0, 0]
C3[1, 1, -1, 1, 0, 1, 0, 0, 0]
C3[1, 1, -1, 1, 1, 0, 0, 0, 0]
C3[1, 1, -1, 1, 1, 1, -1, 0, 0]
C3[1, 1, -1, 1, 1, 1, 0, -1, 0]
C3[1, 1, -1, 1, 1, 1, 0, 0, -1]
C3[1, 1, -1, 1, 1, 1, 0, 0, 0]
C3[1, 1, 0, 0, 0, 1, 0, 0, 0]
C3[1, 1, 0, 0, 1, 0, 0, 0, 0]
C3[1, 1, 0, 0, 1, 1, -1, 0, 0]
C3[1, 1, 0, 0, 1, 1, 0, 0, -1]
C3[1, 1, 0, 0, 1, 1, 0, 0, 0]
C3[1, 1, 0, 1, 0, 1, -1, 0, 0]
C3[1, 1, 0, 1, 0, 1, 0, -1, 0]
C3[1, 1, 0, 1, 0, 1, 0, 0, -1]
C3[1, 1, 0, 1, 0, 1, 0, 0, 0]
C3[1, 1, 0, 1, 1, -1, 0, 0, 0]
C3[1, 1, 0, 1, 1, 0, 0, -1, 0]
C3[1, 1, 0, 1, 1, 1, -2, 0, 0]
C3[1, 1, 0, 1, 1, 1, -1, -1, 0]
C3[1, 1, 0, 1, 1, 1, -1, 0, -1]
C3[1, 1, 0, 1, 1, 1, -1, 0, 0]
C3[1, 1, 0, 1, 1, 1, 0, -1, -1]
C3[1, 1, 0, 1, 1, 1, 0, -1, 0]
C3[1, 1, 0, 1, 1, 1, 0, 0, -2]
C3[1, 1, 0, 1, 1, 1, 0, 0, -1]
C3[1, 1, 0, 1, 1, 1, 0, 0, 0]
C3[1, 1, 0, 1, -1, 1, 0, 0, 0]