0
1 28
0 28
0 -1 0 1 0 0 0 0 1 -s 
1 -2 0 1 1 -1 0 0 1 0 
0 0 1 0 0 0 0 0 0 0 
0 0 0 1 0 0 0 0 0 0 
0 0 0 0 1 0 0 0 0 0 
0 0 0 0 0 1 0 0 0 0 
2 -3 -1 1 1 -1 0 0 2 -s 
0 -2 0 1 0 0 1 0 1 -2*s-t 
0 -1 0 1 1 -1 -1 1 1 s 

0
1 29
0 29
1 0 0 0 0 0 0 0 0 0 
1 -2 0 1 1 -1 0 0 1 0 
0 0 0 1 0 0 0 0 0 0 
0 0 1 0 0 0 0 0 0 0 
0 0 0 0 1 0 0 0 0 0 
0 1 0 0 0 0 0 0 0 0 
2 -3 -1 1 1 -1 0 0 2 -s 
2 0 0 0 0 0 0 -1 0 0 
0 -1 0 1 1 -1 -1 1 1 s 

1
1 30
0 29
0 1 0 0 0 0 0 0 0 0 
1 0 0 0 0 0 0 0 0 0 
0 0 0 1 0 0 0 0 0 0 
0 0 0 0 1 0 0 0 0 0 
0 0 1 0 0 0 0 0 0 0 
0 1 0 0 0 0 0 0 0 0 
0 1 0 0 0 0 0 0 0 0 
0 1 0 0 0 0 0 0 0 0 
0 1 0 0 0 0 0 0 0 0 

0
1 35
0 28
0 0 1 0 0 0 0 0 0 0 
0 0 0 1 0 0 0 0 0 0 
0 -1 1 1 1 -1 0 0 0 s 
1 0 0 0 0 0 0 0 0 0 
0 2 0 0 0 0 0 0 -1 0 
0 0 0 0 1 0 0 0 0 0 
0 -1 0 1 0 0 0 0 1 -s 
-1 0 1 0 0 0 0 1 0 -t 
0 1 0 1 0 0 -1 0 0 s 

0
1 39
0 30
0 0 1 0 0 0 0 0 0 0 
0 0 0 0 1 0 0 0 0 0 
0 1 0 0 0 0 0 0 0 0 
1 0 0 0 0 0 0 0 0 0 
1 -2 0 1 1 -1 0 0 1 0 
0 0 0 1 0 0 0 0 0 0 
-1 1 1 0 1 0 0 0 -1 0 
-1 0 1 0 0 0 0 1 0 -t 
1 -1 0 0 1 0 1 -1 0 t 

0
1 43
0 29
0 0 1 0 0 0 0 0 0 0 
0 0 0 1 0 0 0 0 0 0 
0 -1 1 1 1 -1 0 0 0 s 
1 0 0 0 0 0 0 0 0 0 
0 2 0 0 0 0 0 0 -1 0 
0 0 0 0 1 0 0 0 0 0 
0 -1 0 1 0 0 0 0 1 -s 
-1 0 1 0 0 0 0 1 0 -t 
0 1 0 1 0 0 -1 0 0 s 

0
1 46
0 27
1 -1 -1 0 1 0 0 0 1 0 
1 0 0 0 0 0 0 0 0 0 
0 1 0 0 0 0 0 0 0 0 
0 0 0 0 1 0 0 0 0 0 
0 0 0 0 0 1 0 0 0 0 
0 0 0 1 0 0 0 0 0 0 
2 0 -1 0 0 0 0 0 0 0 
2 -2 -1 0 1 0 1 -1 1 0 
0 0 0 0 0 0 0 1 0 0 

0
1 47
0 31
0 0 1 0 0 0 0 0 0 0 
0 0 0 0 1 0 0 0 0 0 
0 1 0 0 0 0 0 0 0 0 
1 0 0 0 0 0 0 0 0 0 
1 -2 0 1 1 -1 0 0 1 0 
0 0 0 1 0 0 0 0 0 0 
-1 1 1 0 1 0 0 0 -1 0 
-1 0 1 0 0 0 0 1 0 -t 
1 -1 0 0 1 0 1 -1 0 t 

1
1 51
0 29
0 0 0 1 0 0 0 0 0 0 
0 0 1 0 0 0 0 0 0 0 
0 1 0 0 0 0 0 0 0 0 
0 1 0 0 0 0 0 0 0 0 
1 0 0 0 0 0 0 0 0 0 
0 0 0 0 1 0 0 0 0 0 
0 1 0 0 0 0 0 0 0 0 
0 1 0 0 0 0 0 0 0 0 
0 1 0 0 0 0 0 0 0 0 

0
1 53
0 27
1 0 0 0 0 0 0 0 0 0 
1 -2 0 1 1 -1 0 0 1 0 
0 0 0 1 0 0 0 0 0 0 
0 0 1 0 0 0 0 0 0 0 
0 0 0 0 1 0 0 0 0 0 
0 1 0 0 0 0 0 0 0 0 
2 -3 -1 1 1 -1 0 0 2 -s 
2 0 0 0 0 0 0 -1 0 0 
0 -1 0 1 1 -1 -1 1 1 s 

1
1 55
0 31
0 0 0 0 1 0 0 0 0 0 
0 0 1 0 0 0 0 0 0 0 
0 1 0 0 0 0 0 0 0 0 
0 0 0 0 0 1 0 0 0 0 
1 0 0 0 0 0 0 0 0 0 
0 0 0 1 0 0 0 0 0 0 
0 0 0 0 0 1 0 0 0 0 
0 0 0 0 0 1 0 0 0 0 
0 0 0 0 0 1 0 0 0 0 

0
1 59
1 31
0 0 0 1 0 0 0 0 0 0 
0 0 0 0 1 0 0 0 0 0 
0 0 0 0 0 1 0 0 0 0 
1 0 0 0 0 0 0 0 0 0 
0 1 0 0 0 0 0 0 0 0 
0 0 1 0 0 0 0 0 0 0 
0 1 0 0 1 0 -1 0 0 -s 
1 0 0 1 0 0 0 -1 0 -t 
0 1 0 0 1 0 0 0 -1 s+t 

0
1 60
0 30
1 0 0 0 0 0 0 0 0 0 
1 -2 0 1 1 -1 0 0 1 0 
0 0 0 1 0 0 0 0 0 0 
0 0 1 0 0 0 0 0 0 0 
0 0 0 0 1 0 0 0 0 0 
0 1 0 0 0 0 0 0 0 0 
2 -3 -1 1 1 -1 0 0 2 -s 
2 0 0 0 0 0 0 -1 0 0 
0 -1 0 1 1 -1 -1 1 1 s 

0
1 61
0 31
1 0 0 0 0 0 0 0 0 0 
1 -2 0 1 1 -1 0 0 1 0 
0 0 0 1 0 0 0 0 0 0 
0 0 1 0 0 0 0 0 0 0 
0 0 0 0 1 0 0 0 0 0 
0 1 0 0 0 0 0 0 0 0 
2 -3 -1 1 1 -1 0 0 2 -s 
2 0 0 0 0 0 0 -1 0 0 
0 -1 0 1 1 -1 -1 1 1 s 

1
1 62
0 31
0 0 0 0 0 1 0 0 0 0 
1 0 0 0 0 0 0 0 0 0 
0 0 0 1 0 0 0 0 0 0 
0 0 0 0 1 0 0 0 0 0 
0 0 1 0 0 0 0 0 0 0 
0 1 0 0 0 0 0 0 0 0 
0 0 0 0 0 1 0 0 0 0 
0 0 0 0 0 1 0 0 0 0 
0 0 0 0 0 1 0 0 0 0 

