0
7 2
1 8
1 -1 0 1 m1^2-t+mmv^2 
0 0 0 1 0 
0 -1 1 1 s+m1^2 
0 -1 0 2 -m2^2+2*m1^2+2*mmv^2 

0
7 3
3 3
0 1 0 0 0 
1 0 0 0 0 
1 1 -1 0 s+m1^2 
1 0 -1 1 s-m2^2+m1^2+t-mmv^2 

0
7 6
6 6
-1 1 1 0 -s+m1^2 
0 0 1 0 0 
0 1 0 0 0 
0 1 1 -1 -s-2*m2^2+m1^2+2*mmv^2 

1
7 7
6 7
1 0 0 0 0 
0 0 1 0 0 
0 1 0 0 0 
0 0 0 1 0 

0
7 8
5 4
1 -1 0 1 s-m1^2+t-mmv^2 
0 0 0 1 -m1^2 
0 -1 1 1 s+m2^2-m1^2 
0 0 1 0 0 

0
7 9
6 9
1 0 0 0 0 
0 1 0 0 -m1^2 
0 0 1 0 m1^2 
0 0 0 1 0 

1
7 10
6 12
1 0 0 0 0 
0 0 1 0 0 
1 0 0 0 0 
0 0 0 1 0 

1
7 11
6 13
1 0 0 0 0 
0 0 1 0 0 
0 1 0 0 0 
0 0 0 1 0 

1
7 12
5 12
1 0 0 0 0 
1 0 0 0 0 
0 0 0 1 0 
0 0 1 0 0 

1
7 13
6 11
1 0 0 0 0 
0 0 1 0 0 
0 1 0 0 0 
0 0 0 1 0 

1
7 14
6 14
1 0 0 0 0 
0 0 1 0 0 
0 1 0 0 0 
0 0 0 1 0 

1
7 15
6 15
1 0 0 0 0 
0 0 1 0 0 
0 1 0 0 0 
0 0 0 1 0 

