C4p1[0, 0, 1, 1, 1, 0, 0, 0, 0]
C4p1[0, 0, 1, 1, 0, 0, 0, 0, 0]
C4p1[0, 0, 1, 1, 2, 0, 0, 0, 0]
C4p1[1, 0, 1, 1, 1, 0, 0, 0, 0]
C4p1[1, 1, 1, 0, 0, 0, 0, 0, 0]
C4p1[1, 1, 1, 1, 1, 0, 0, 0, 0]
D10p1[0, 0, 1, 0, 1, 1, 0, 0, 0]
D10p2[0, 0, 1, 0, 1, 1, 0, 0, 0]
D10p1[0, 0, 1, 0, 0, 1, 0, 0, 0]
D10p2[0, 0, 1, 0, 0, 1, 0, 0, 0]
D10p1[0, 0, 1, 0, 1, 0, 0, 0, 0]
D10p2[0, 0, 1, 0, 1, 0, 0, 0, 0]
D10p1[0, 0, 1, 0, 1, 2, 0, 0, 0]
D10p2[0, 0, 1, 0, 1, 2, 0, 0, 0]
D10p1[0, 0, 1, 0, 2, 1, 0, 0, 0]
D10p2[0, 0, 1, 0, 2, 1, 0, 0, 0]
D10p1[1, 0, 1, 0, 1, 1, 0, 0, 0]
D10p2[1, 0, 1, 0, 1, 1, 0, 0, 0]
D10p1[1, 0, 1, 0, 1, 2, 0, 0, 0]
D10p2[1, 0, 1, 0, 1, 2, 0, 0, 0]
D10p1[0, 1, 1, 0, 1, 0, 0, 0, 0]
D10p2[0, 1, 1, 0, 1, 0, 0, 0, 0]
D10p1[1, 1, 0, 0, 1, 0, 0, 0, 0]
D10p2[1, 1, 0, 0, 1, 0, 0, 0, 0]
D10p1[1, 1, 1, 0, 1, 1, 0, 0, 0]
D10p2[1, 1, 1, 0, 1, 1, 0, 0, 0]
D10p1[1, 1, 1, 0, 1, 2, 0, 0, 0]
D10p2[1, 1, 1, 0, 1, 2, 0, 0, 0]
C5p1[0, 0, 1, 1, 1, 0, 0, 0, 0]
C5p2[0, 0, 1, 1, 1, 0, 0, 0, 0]
C5p1[0, 0, 1, 1, 0, 0, 0, 0, 0]
C5p2[0, 0, 1, 1, 0, 0, 0, 0, 0]
C5p1[0, 0, 1, 0, 1, 0, 0, 0, 0]
C5p2[0, 0, 1, 0, 1, 0, 0, 0, 0]
C5p1[0, 0, 1, 1, 2, 0, 0, 0, 0]
C5p2[0, 0, 1, 1, 2, 0, 0, 0, 0]
C5p1[0, 0, 1, 2, 1, 0, 0, 0, 0]
C5p2[0, 0, 1, 2, 1, 0, 0, 0, 0]
C5p1[1, 0, 1, 1, 1, 0, 0, 0, 0]
C5p2[1, 0, 1, 1, 1, 0, 0, 0, 0]
C5p1[1, 0, 1, 1, 2, 0, 0, 0, 0]
C5p2[1, 0, 1, 1, 2, 0, 0, 0, 0]
C5p1[1, 0, 1, 0, 1, 0, 0, 0, 0]
C5p2[1, 0, 1, 0, 1, 0, 0, 0, 0]
C5p1[1, 1, 1, 0, 0, 0, 0, 0, 0]
C5p2[1, 1, 1, 0, 0, 0, 0, 0, 0]
C5p1[1, 1, 1, 1, 1, 0, 0, 0, 0]
C5p2[1, 1, 1, 1, 1, 0, 0, 0, 0]
C5p1[1, 1, 1, 1, 2, 0, 0, 0, 0]
C5p2[1, 1, 1, 1, 2, 0, 0, 0, 0]
D1p1[0, 0, 1, 0, 1, 1, 0, 0, 0]
D2p1[0, 0, 1, 0, 1, 1, 0, 0, 0]
D2p1[0, 0, 1, 0, 1, 2, 0, 0, 0]
D2p1[0, 1, 1, 0, 1, 0, 0, 0, 0]
D3p1[0, 0, 1, 0, 1, 1, 0, 0, 0]
D3p1[0, 1, 1, 0, 1, 1, 0, 0, 0]
D3p1[1, 1, 0, 0, 1, 0, 0, 0, 0]
D3p1[1, 1, 1, 0, 1, 1, 0, 0, 0]
D4p1[0, 0, 1, 0, 1, 1, 0, 0, 0]
D4p1[0, 0, 1, 0, 1, 2, 0, 0, 0]
D4p1[0, 1, 1, 0, 0, 0, 0, 0, 0]
D4p1[0, 1, 1, 0, 1, 1, 0, 0, 0]
D4p1[0, 1, 1, 0, 1, 2, 0, 0, 0]
D4p1[1, 1, 0, 0, 1, 0, 0, 0, 0]
D4p1[1, 1, 1, 0, 1, 1, 0, 0, 0]
D4p1[1, 1, 1, 0, 1, 2, 0, 0, 0]
D6p1[0, 0, 1, 0, 1, 1, 0, 0, 0]
D6p2[0, 0, 1, 0, 1, 1, 0, 0, 0]
D6p1[0, 0, 1, 0, 1, 2, 0, 0, 0]
D6p2[0, 0, 1, 0, 1, 2, 0, 0, 0]
D6p1[0, 1, 1, 0, 0, 0, 0, 0, 0]
D6p2[0, 1, 1, 0, 0, 0, 0, 0, 0]
D6p1[0, 1, 1, 0, 1, 0, 0, 0, 0]
D6p2[0, 1, 1, 0, 1, 0, 0, 0, 0]
D6p1[0, 1, 1, 0, 1, 1, 0, 0, 0]
D6p2[0, 1, 1, 0, 1, 1, 0, 0, 0]
D6p1[0, 1, 1, 0, 1, 2, 0, 0, 0]
D6p2[0, 1, 1, 0, 1, 2, 0, 0, 0]
D6p1[0, 0, 1, 1, 1, 0, 0, 0, 0]
D6p2[0, 0, 1, 1, 1, 0, 0, 0, 0]
D6p1[1, 1, 0, 0, 1, 0, 0, 0, 0]
D6p2[1, 1, 0, 0, 1, 0, 0, 0, 0]
D6p1[1, 1, 1, 0, 1, 1, 0, 0, 0]
D6p2[1, 1, 1, 0, 1, 1, 0, 0, 0]
D6p1[1, 1, 1, 0, 1, 2, 0, 0, 0]
D6p2[1, 1, 1, 0, 1, 2, 0, 0, 0]
D8p1[0, 0, 1, 0, 1, 1, 0, 0, 0]
D8p2[0, 0, 1, 0, 1, 1, 0, 0, 0]
D8p1[0, 0, 1, 0, 1, 2, 0, 0, 0]
D8p2[0, 0, 1, 0, 1, 2, 0, 0, 0]
D8p1[0, 0, 1, 1, 1, 0, 0, 0, 0]
D8p2[0, 0, 1, 1, 1, 0, 0, 0, 0]
D8p1[1, 0, 0, 1, 1, 0, 0, 0, 0]
D8p2[1, 0, 0, 1, 1, 0, 0, 0, 0]
D8p1[1, 0, 0, 1, 0, 0, 0, 0, 0]
D8p2[1, 0, 0, 1, 0, 0, 0, 0, 0]
D8p1[1, 0, 1, 0, 1, 1, 0, 0, 0]
D8p2[1, 0, 1, 0, 1, 1, 0, 0, 0]
D8p1[1, 0, 1, 0, 1, 2, 0, 0, 0]
D8p2[1, 0, 1, 0, 1, 2, 0, 0, 0]
D8p1[1, 1, 0, 0, 1, 0, 0, 0, 0]
D8p2[1, 1, 0, 0, 1, 0, 0, 0, 0]
D8p1[1, 1, 1, 0, 1, 1, 0, 0, 0]
D8p2[1, 1, 1, 0, 1, 1, 0, 0, 0]
D8p1[1, 1, 1, 0, 1, 2, 0, 0, 0]
D8p2[1, 1, 1, 0, 1, 2, 0, 0, 0]
D5p1[0, 0, 1, 0, 1, 1, 0, 0, 0]
D5p1[0, 0, 1, 0, 1, 2, 0, 0, 0]
D5p1[0, 1, 1, 0, 1, 0, 0, 0, 0]
D5p1[1, 0, 0, 0, 1, 0, 0, 0, 0]
D5p1[1, 0, 1, 0, 1, 1, 0, 0, 0]
D5p1[1, 0, 1, 0, 1, 2, 0, 0, 0]
D9p1[0, 0, 1, 0, 1, 1, 0, 0, 0]
D9p2[0, 0, 1, 0, 1, 1, 0, 0, 0]
D9p1[0, 0, 1, 0, 1, 2, 0, 0, 0]
D9p2[0, 0, 1, 0, 1, 2, 0, 0, 0]
D9p1[0, 1, 1, 0, 1, 0, 0, 0, 0]
D9p2[0, 1, 1, 0, 1, 0, 0, 0, 0]
D9p1[0, 1, 1, 0, 1, 1, 0, 0, 0]
D9p2[0, 1, 1, 0, 1, 1, 0, 0, 0]
D9p1[0, 1, 1, 0, 1, 2, 0, 0, 0]
D9p2[0, 1, 1, 0, 1, 2, 0, 0, 0]
D9p1[1, 1, 0, 0, 0, 0, 0, 0, 0]
D9p2[1, 1, 0, 0, 0, 0, 0, 0, 0]
D9p1[0, 0, 1, 1, 1, 0, 0, 0, 0]
D9p2[0, 0, 1, 1, 1, 0, 0, 0, 0]
D9p1[1, 0, 0, 0, 1, 0, 0, 0, 0]
D9p2[1, 0, 0, 0, 1, 0, 0, 0, 0]
D9p1[1, 0, 1, 0, 1, 1, 0, 0, 0]
D9p2[1, 0, 1, 0, 1, 1, 0, 0, 0]
D9p1[1, 0, 1, 0, 1, 2, 0, 0, 0]
D9p2[1, 0, 1, 0, 1, 2, 0, 0, 0]
D9p1[1, 1, 0, 0, 1, 0, 0, 0, 0]
D9p2[1, 1, 0, 0, 1, 0, 0, 0, 0]
D9p1[1, 1, 1, 0, 1, 1, 0, 0, 0]
D9p2[1, 1, 1, 0, 1, 1, 0, 0, 0]
D9p1[1, 1, 1, 0, 1, 2, 0, 0, 0]
D9p2[1, 1, 1, 0, 1, 2, 0, 0, 0]
D9p1[1, 1, 1, 0, 2, 1, 0, 0, 0]
D9p2[1, 1, 1, 0, 2, 1, 0, 0, 0]
D7p1[0, 0, 0, 1, 1, 0, 0, 0, 0]
D7p1[0, 0, 1, 0, 1, 1, 0, 0, 0]
D7p1[0, 0, 1, 0, 1, 2, 0, 0, 0]
D7p1[0, 1, 1, 0, 1, 1, 0, 0, 0]
D7p1[1, 1, 0, 0, 1, 0, 0, 0, 0]
D7p1[1, 1, 1, 0, 1, 1, 0, 0, 0]
D11p1[0, 0, 1, 0, 1, 0, 0, 0, 0]
D11p2[0, 0, 1, 0, 1, 0, 0, 0, 0]
D11p1[0, 0, 1, 0, 1, 1, 0, 0, 0]
D11p2[0, 0, 1, 0, 1, 1, 0, 0, 0]
D11p1[0, 0, 1, 0, 1, 2, 0, 0, 0]
D11p2[0, 0, 1, 0, 1, 2, 0, 0, 0]
D11p1[0, 0, 1, 0, 2, 1, 0, 0, 0]
D11p2[0, 0, 1, 0, 2, 1, 0, 0, 0]
D11p1[0, 0, 1, 1, 0, 0, 0, 0, 0]
D11p2[0, 0, 1, 1, 0, 0, 0, 0, 0]
D11p1[0, 1, 1, 0, 1, 0, 0, 0, 0]
D11p2[0, 1, 1, 0, 1, 0, 0, 0, 0]
D11p1[1, 0, 1, 0, 1, 1, 0, 0, 0]
D11p2[1, 0, 1, 0, 1, 1, 0, 0, 0]
D11p1[1, 0, 1, 0, 1, 2, 0, 0, 0]
D11p2[1, 0, 1, 0, 1, 2, 0, 0, 0]
D11p1[0, 0, 1, 1, 1, 0, 0, 0, 0]
D11p2[0, 0, 1, 1, 1, 0, 0, 0, 0]
D11p1[1, 1, 0, 0, 1, 0, 0, 0, 0]
D11p2[1, 1, 0, 0, 1, 0, 0, 0, 0]
D11p1[1, 1, 1, 0, 1, 1, 0, 0, 0]
D11p2[1, 1, 1, 0, 1, 1, 0, 0, 0]
D11p1[1, 1, 1, 0, 1, 2, 0, 0, 0]
D11p2[1, 1, 1, 0, 1, 2, 0, 0, 0]
D12p1[0, 0, 0, 1, 1, 0, 0, 0, 0]
D12p2[0, 0, 0, 1, 1, 0, 0, 0, 0]
D12p1[0, 0, 1, 0, 1, 1, 0, 0, 0]
D12p2[0, 0, 1, 0, 1, 1, 0, 0, 0]
D12p1[0, 0, 1, 0, 1, 2, 0, 0, 0]
D12p2[0, 0, 1, 0, 1, 2, 0, 0, 0]
D12p1[0, 0, 1, 1, 0, 0, 0, 0, 0]
D12p2[0, 0, 1, 1, 0, 0, 0, 0, 0]
D12p1[0, 0, 2, 0, 1, 1, 0, 0, 0]
D12p2[0, 0, 2, 0, 1, 1, 0, 0, 0]
D12p1[0, 1, 1, 0, 1, 0, 0, 0, 0]
D12p2[0, 1, 1, 0, 1, 0, 0, 0, 0]
D12p1[0, 1, 1, 0, 1, 1, 0, 0, 0]
D12p2[0, 1, 1, 0, 1, 1, 0, 0, 0]
D12p1[1, 0, 1, 0, 1, 1, 0, 0, 0]
D12p2[1, 0, 1, 0, 1, 1, 0, 0, 0]
D12p1[0, 0, 1, 1, 1, 0, 0, 0, 0]
D12p2[0, 0, 1, 1, 1, 0, 0, 0, 0]
D12p1[1, 1, 0, 0, 1, 0, 0, 0, 0]
D12p2[1, 1, 0, 0, 1, 0, 0, 0, 0]
D12p1[1, 1, 1, 0, 1, 1, 0, 0, 0]
D12p2[1, 1, 1, 0, 1, 1, 0, 0, 0]
D12p1[1, 1, 1, 0, 1, 2, 0, 0, 0]
D12p2[1, 1, 1, 0, 1, 2, 0, 0, 0]
B1p1[0, 0, 1, 1, 1, 0, 0, 0, 0]
B2p1[0, 0, 1, 1, 1, 0, 0, 0, 0]
B2p1[1, 1, 0, 0, 1, 0, 0, 0, 0]
B2p1[1, 0, 1, 1, 1, 0, 0, 0, 0]
B3p1[0, 0, 1, 1, 1, 0, 0, 0, 0]
B3p1[0, 0, 1, 1, 2, 0, 0, 0, 0]
B3p1[0, 1, 0, 1, 1, 0, 0, 0, 0]
B3p1[1, 1, 0, 0, 1, 0, 0, 0, 0]
B4p1[0, 0, 1, 1, 1, 0, 0, 0, 0]
B4p1[0, 0, 1, 1, 2, 0, 0, 0, 0]
B4p1[0, 1, 1, 0, 1, 0, 0, 0, 0]
B4p1[1, 1, 0, 1, 0, 0, 0, 0, 0]
B4p1[1, 0, 0, 0, 1, 0, 0, 0, 0]
B4p1[1, 0, 1, 1, 1, 0, 0, 0, 0]
B4p1[1, 0, 1, 1, 2, 0, 0, 0, 0]
B4p1[1, 0, 1, 0, 1, 1, 0, 0, 0]
B4p1[0, 0, 1, 1, 1, 0, 0, 0, 0]
B4p1[0, 0, 1, 1, 2, 0, 0, 0, 0]
B4p1[0, 1, 1, 0, 1, 0, 0, 0, 0]
B4p1[1, 1, 0, 1, 0, 0, 0, 0, 0]
B4p1[1, 0, 0, 0, 1, 0, 0, 0, 0]
B4p1[1, 0, 1, 1, 1, 0, 0, 0, 0]
B4p1[1, 0, 1, 1, 2, 0, 0, 0, 0]
B4p1[1, 0, 1, 0, 1, 1, 0, 0, 0]
B6p1[0, 0, 1, 1, 1, 0, 0, 0, 0]
B6p1[0, 0, 1, 1, 2, 0, 0, 0, 0]
B6p1[0, 1, 0, 0, 1, 0, 0, 0, 0]
B6p1[0, 1, 1, 0, 0, 1, 0, 0, 0]
B10p1[0, 0, 0, 1, 1, 1, 0, 0, 0]
B10p2[0, 0, 0, 1, 1, 1, 0, 0, 0]
B10p1[0, 0, 1, 1, 1, 0, 0, 0, 0]
B10p2[0, 0, 1, 1, 1, 0, 0, 0, 0]
B10p1[0, 0, 1, 1, 1, 1, 0, 0, 0]
B10p2[0, 0, 1, 1, 1, 1, 0, 0, 0]
B10p1[0, 1, 0, 0, 1, 0, 0, 0, 0]
B10p2[0, 1, 0, 0, 1, 0, 0, 0, 0]
B10p1[0, 1, 0, 0, 1, 1, 0, 0, 0]
B10p2[0, 1, 0, 0, 1, 1, 0, 0, 0]
B10p1[0, 1, 0, 0, 1, 2, 0, 0, 0]
B10p2[0, 1, 0, 0, 1, 2, 0, 0, 0]
B10p1[0, 1, 0, 0, 2, 1, 0, 0, 0]
B10p2[0, 1, 0, 0, 2, 1, 0, 0, 0]
B10p1[0, 1, 1, 0, 0, 1, 0, 0, 0]
B10p2[0, 1, 1, 0, 0, 1, 0, 0, 0]
B10p1[0, 0, 1, 1, 2, 0, 0, 0, 0]
B10p2[0, 0, 1, 1, 2, 0, 0, 0, 0]
B10p1[0, 1, 0, 0, 0, 1, 0, 0, 0]
B10p2[0, 1, 0, 0, 0, 1, 0, 0, 0]
B10p1[1, 1, 0, 0, 1, 1, 0, 0, 0]
B10p2[1, 1, 0, 0, 1, 1, 0, 0, 0]
B12p1[0, 0, 1, 1, 1, 0, 0, 0, 0]
B12p2[0, 0, 1, 1, 1, 0, 0, 0, 0]
B12p1[0, 1, 1, 0, 1, 0, 0, 0, 0]
B12p2[0, 1, 1, 0, 1, 0, 0, 0, 0]
B12p1[0, 1, 1, 0, 1, 1, 0, 0, 0]
B12p2[0, 1, 1, 0, 1, 1, 0, 0, 0]
B12p1[0, 1, 1, 0, 0, 1, 0, 0, 0]
B12p2[0, 1, 1, 0, 0, 1, 0, 0, 0]
B12p1[0, 0, 1, 1, 2, 0, 0, 0, 0]
B12p2[0, 0, 1, 1, 2, 0, 0, 0, 0]
B12p1[0, 0, 2, 1, 1, 0, 0, 0, 0]
B12p2[0, 0, 2, 1, 1, 0, 0, 0, 0]
B12p1[0, 1, 0, 0, 1, 0, 0, 0, 0]
B12p2[0, 1, 0, 0, 1, 0, 0, 0, 0]
B12p1[0, 1, 1, 0, 0, 0, 0, 0, 0]
B12p2[0, 1, 1, 0, 0, 0, 0, 0, 0]
B12p1[1, 0, 1, 1, 1, 0, 0, 0, 0]
B12p2[1, 0, 1, 1, 1, 0, 0, 0, 0]
B12p1[1, 1, 1, 0, 0, 1, 0, 0, 0]
B12p2[1, 1, 1, 0, 0, 1, 0, 0, 0]
B12p1[1, 1, 1, 0, 1, 1, 0, 0, 0]
B12p2[1, 1, 1, 0, 1, 1, 0, 0, 0]
B11p1[0, 0, 1, 1, 1, 0, 0, 0, 0]
B11p2[0, 0, 1, 1, 1, 0, 0, 0, 0]
B11p1[0, 1, 1, 0, 1, 0, 0, 0, 0]
B11p2[0, 1, 1, 0, 1, 0, 0, 0, 0]
B11p1[0, 1, 1, 1, 1, 0, 0, 0, 0]
B11p2[0, 1, 1, 1, 1, 0, 0, 0, 0]
B11p1[0, 0, 1, 1, 2, 0, 0, 0, 0]
B11p2[0, 0, 1, 1, 2, 0, 0, 0, 0]
B11p1[0, 0, 1, 2, 1, 0, 0, 0, 0]
B11p2[0, 0, 1, 2, 1, 0, 0, 0, 0]
B11p1[0, 1, 0, 0, 1, 0, 0, 0, 0]
B11p2[0, 1, 0, 0, 1, 0, 0, 0, 0]
B11p1[0, 1, 0, 1, 1, 0, 0, 0, 0]
B11p2[0, 1, 0, 1, 1, 0, 0, 0, 0]
B11p1[0, 1, 1, 0, 0, 0, 0, 0, 0]
B11p2[0, 1, 1, 0, 0, 0, 0, 0, 0]
B11p1[0, 1, 1, 1, 0, 0, 0, 0, 0]
B11p2[0, 1, 1, 1, 0, 0, 0, 0, 0]
B11p1[1, 0, 1, 0, 1, 1, 0, 0, 0]
B11p2[1, 0, 1, 0, 1, 1, 0, 0, 0]
B11p1[1, 0, 1, 1, 1, 0, 0, 0, 0]
B11p2[1, 0, 1, 1, 1, 0, 0, 0, 0]
B11p1[1, 0, 1, 1, 2, 0, 0, 0, 0]
B11p2[1, 0, 1, 1, 2, 0, 0, 0, 0]
B11p1[1, 1, 0, 0, 1, 0, 0, 0, 0]
B11p2[1, 1, 0, 0, 1, 0, 0, 0, 0]
B11p1[1, 1, 1, 0, 0, 1, 0, 0, 0]
B11p2[1, 1, 1, 0, 0, 1, 0, 0, 0]
B11p1[1, 1, 1, 0, 1, 1, 0, 0, 0]
B11p2[1, 1, 1, 0, 1, 1, 0, 0, 0]
B11p1[0, 0, 1, 1, 1, 0, 0, 0, 0]
B11p2[0, 0, 1, 1, 1, 0, 0, 0, 0]
B11p1[0, 1, 1, 0, 1, 0, 0, 0, 0]
B11p2[0, 1, 1, 0, 1, 0, 0, 0, 0]
B11p1[0, 1, 1, 1, 1, 0, 0, 0, 0]
B11p2[0, 1, 1, 1, 1, 0, 0, 0, 0]
B11p1[0, 0, 1, 1, 2, 0, 0, 0, 0]
B11p2[0, 0, 1, 1, 2, 0, 0, 0, 0]
B11p1[0, 0, 1, 2, 1, 0, 0, 0, 0]
B11p2[0, 0, 1, 2, 1, 0, 0, 0, 0]
B11p1[0, 1, 0, 0, 1, 0, 0, 0, 0]
B11p2[0, 1, 0, 0, 1, 0, 0, 0, 0]
B11p1[0, 1, 0, 1, 1, 0, 0, 0, 0]
B11p2[0, 1, 0, 1, 1, 0, 0, 0, 0]
B11p1[0, 1, 1, 0, 0, 0, 0, 0, 0]
B11p2[0, 1, 1, 0, 0, 0, 0, 0, 0]
B11p1[0, 1, 1, 1, 0, 0, 0, 0, 0]
B11p2[0, 1, 1, 1, 0, 0, 0, 0, 0]
B11p1[1, 0, 1, 0, 1, 1, 0, 0, 0]
B11p2[1, 0, 1, 0, 1, 1, 0, 0, 0]
B11p1[1, 0, 1, 1, 1, 0, 0, 0, 0]
B11p2[1, 0, 1, 1, 1, 0, 0, 0, 0]
B11p1[1, 0, 1, 1, 2, 0, 0, 0, 0]
B11p2[1, 0, 1, 1, 2, 0, 0, 0, 0]
B11p1[1, 1, 0, 0, 1, 0, 0, 0, 0]
B11p2[1, 1, 0, 0, 1, 0, 0, 0, 0]
B11p1[1, 1, 1, 0, 0, 1, 0, 0, 0]
B11p2[1, 1, 1, 0, 0, 1, 0, 0, 0]
B11p1[1, 1, 1, 0, 1, 1, 0, 0, 0]
B11p2[1, 1, 1, 0, 1, 1, 0, 0, 0]
B9p1[0, 0, 1, 1, 1, 0, 0, 0, 0]
B9p1[0, 0, 1, 1, 2, 0, 0, 0, 0]
B9p1[0, 1, 1, 0, 0, 0, 0, 0, 0]
B9p1[0, 1, 1, 1, 0, 0, 0, 0, 0]
B9p1[1, 0, 1, 1, 1, 0, 0, 0, 0]
B9p1[1, 1, 0, 0, 1, 0, 0, 0, 0]
B9p1[1, 1, 1, 0, 0, 1, 0, 0, 0]
B5p1[0, 0, 1, 1, 1, 0, 0, 0, 0]
B5p1[0, 0, 1, 1, 2, 0, 0, 0, 0]
B5p1[0, 1, 1, 0, 0, 1, 0, 0, 0]
B5p1[1, 1, 0, 0, 1, 0, 0, 0, 0]
B8p1[0, 0, 1, 1, 1, 0, 0, 0, 0]
B8p2[0, 0, 1, 1, 1, 0, 0, 0, 0]
B8p1[0, 0, 1, 1, 2, 0, 0, 0, 0]
B8p2[0, 0, 1, 1, 2, 0, 0, 0, 0]
B8p1[0, 1, 1, 0, 0, 1, 0, 0, 0]
B8p2[0, 1, 1, 0, 0, 1, 0, 0, 0]
B8p1[0, 1, 1, 0, 1, 0, 0, 0, 0]
B8p2[0, 1, 1, 0, 1, 0, 0, 0, 0]
B8p1[1, 1, 0, 0, 0, 0, 0, 0, 0]
B8p2[1, 1, 0, 0, 0, 0, 0, 0, 0]
B8p1[1, 1, 0, 0, 1, 0, 0, 0, 0]
B8p2[1, 1, 0, 0, 1, 0, 0, 0, 0]
B8p1[1, 0, 1, 1, 1, 0, 0, 0, 0]
B8p2[1, 0, 1, 1, 1, 0, 0, 0, 0]
B8p1[1, 0, 1, 1, 2, 0, 0, 0, 0]
B8p2[1, 0, 1, 1, 2, 0, 0, 0, 0]
B8p1[1, 1, 1, 0, 0, 1, 0, 0, 0]
B8p2[1, 1, 1, 0, 0, 1, 0, 0, 0]
B7p1[0, 0, 1, 1, 1, 0, 0, 0, 0]
B7p1[0, 0, 1, 1, 2, 0, 0, 0, 0]
B7p1[0, 1, 1, 0, 0, 1, 0, 0, 0]
B7p1[0, 1, 1, 0, 1, 0, 0, 0, 0]
B7p1[1, 1, 0, 0, 0, 0, 0, 0, 0]
B7p1[1, 0, 1, 1, 1, 0, 0, 0, 0]
B7p1[1, 0, 1, 1, 2, 0, 0, 0, 0]
B7p1[1, 1, 1, 0, 0, 1, 0, 0, 0]
B12p1[0, 1, 1, 0, 0, 1, 0, 0, 0]
B12p2[0, 1, 1, 0, 0, 1, 0, 0, 0]
B12p1[0, 1, 1, 0, 0, 0, 0, 0, 0]
B12p2[0, 1, 1, 0, 0, 0, 0, 0, 0]
B12p1[1, 1, 1, 0, 0, 1, 0, 0, 0]
B12p2[1, 1, 1, 0, 0, 1, 0, 0, 0]
D9p1[1, 1, 0, 0, 0, 0, 0, 0, 0]
D9p2[1, 1, 0, 0, 0, 0, 0, 0, 0]
B7p1[1, 1, 0, 0, 0, 0, 0, 0, 0]
D12p1[0, 0, 0, 1, 1, 0, 0, 0, 0]
D12p2[0, 0, 0, 1, 1, 0, 0, 0, 0]
D12p1[0, 0, 0, 1, 1, 1, 0, 0, 0]
D12p2[0, 0, 0, 1, 1, 1, 0, 0, 0]
D12p1[0, 0, 1, 0, 1, 1, 0, 0, 0]
D12p2[0, 0, 1, 0, 1, 1, 0, 0, 0]
D12p1[0, 0, 1, 0, 1, 2, 0, 0, 0]
D12p2[0, 0, 1, 0, 1, 2, 0, 0, 0]
D12p1[0, 0, 1, 1, 0, 0, 0, 0, 0]
D12p2[0, 0, 1, 1, 0, 0, 0, 0, 0]
D12p1[0, 0, 1, 1, 0, 1, 0, 0, 0]
D12p2[0, 0, 1, 1, 0, 1, 0, 0, 0]
D12p1[0, 0, 1, 1, 1, 0, 0, 0, 0]
D12p2[0, 0, 1, 1, 1, 0, 0, 0, 0]
D12p1[0, 0, 1, 1, 1, 1, 0, 0, 0]
D12p2[0, 0, 1, 1, 1, 1, 0, 0, 0]
D12p1[0, 0, 2, 0, 1, 1, 0, 0, 0]
D12p2[0, 0, 2, 0, 1, 1, 0, 0, 0]
D12p1[0, 1, 1, 0, 1, 0, 0, 0, 0]
D12p2[0, 1, 1, 0, 1, 0, 0, 0, 0]
D12p1[0, 1, 1, 0, 1, 1, 0, 0, 0]
D12p2[0, 1, 1, 0, 1, 1, 0, 0, 0]
D12p1[1, 0, 1, 0, 1, 1, 0, 0, 0]
D12p2[1, 0, 1, 0, 1, 1, 0, 0, 0]
D12p1[0, 1, 0, 1, 1, 1, 0, 0, 0]
D12p2[0, 1, 0, 1, 1, 1, 0, 0, 0]
D12p1[0, 1, 1, 1, 0, 1, 0, 0, 0]
D12p2[0, 1, 1, 1, 0, 1, 0, 0, 0]
D12p1[0, 1, 1, 1, 1, 1, 0, 0, 0]
D12p2[0, 1, 1, 1, 1, 1, 0, 0, 0]
C1p1[0, 0, 1, 1, 1, 0, 0, 0, 0]
C2p1[0, 1, 1, 1, 0, 0, 0, 0, 0]
C2p1[0, 0, 1, 1, 1, 0, 0, 0, 0]
C2p1[0, 0, 1, 1, 2, 0, 0, 0, 0]
C2p1[1, 1, 0, 0, 0, 1, 0, 0, 0]
C2p1[1, 1, 0, 1, 0, 1, 0, 0, 0]
C2p1[1, 1, 0, 1, 1, 1, 0, 0, 0]
C3p1[1, 1, 1, 0, 0, 0, 0, 0, 0]
C3p1[0, 0, 1, 1, 1, 0, 0, 0, 0]
C3p1[0, 1, 0, 1, 0, 0, 0, 0, 0]
C3p1[0, 0, 1, 1, 2, 0, 0, 0, 0]
C3p1[0, 1, 1, 1, 1, 0, 0, 0, 0]
C3p1[0, 1, 1, 1, 2, 0, 0, 0, 0]
C3p1[1, 1, 1, 1, 1, 0, 0, 0, 0]
C3p1[1, 1, 1, 1, 2, 0, 0, 0, 0]
C4p1[1, 1, 0, 0, 0, 1, 0, 0, 0]
C4p1[1, 1, 0, 0, 0, 2, 0, 0, 0]
C4p1[1, 1, 0, 1, 0, 1, 0, 0, 0]
C4p1[1, 1, 0, 1, 0, 2, 0, 0, 0]
C5p1[0, 0, 0, 1, 1, 1, 0, 0, 0]
C5p2[0, 0, 0, 1, 1, 1, 0, 0, 0]
C5p1[1, 1, 0, 0, 0, 1, 0, 0, 0]
C5p2[1, 1, 0, 0, 0, 1, 0, 0, 0]
C5p1[1, 1, 0, 0, 0, 2, 0, 0, 0]
C5p2[1, 1, 0, 0, 0, 2, 0, 0, 0]
C5p1[1, 1, 0, 0, 1, 1, 0, 0, 0]
C5p2[1, 1, 0, 0, 1, 1, 0, 0, 0]
C5p1[1, 1, 0, 0, 1, 2, 0, 0, 0]
C5p2[1, 1, 0, 0, 1, 2, 0, 0, 0]
C5p1[1, 1, 0, 1, 0, 1, 0, 0, 0]
C5p2[1, 1, 0, 1, 0, 1, 0, 0, 0]
C5p1[1, 1, 0, 1, 0, 2, 0, 0, 0]
C5p2[1, 1, 0, 1, 0, 2, 0, 0, 0]
C5p1[1, 1, 0, 1, 1, 1, 0, 0, 0]
C5p2[1, 1, 0, 1, 1, 1, 0, 0, 0]
C5p1[1, 1, 0, 1, 1, 2, 0, 0, 0]
C5p2[1, 1, 0, 1, 1, 2, 0, 0, 0]
C5p1[1, 1, 0, 1, 2, 1, 0, 0, 0]
C5p2[1, 1, 0, 1, 2, 1, 0, 0, 0]
B5p1[0, 0, 1, 1, 1, 0, 0, 0, 0]
B5p1[0, 0, 1, 1, 2, 0, 0, 0, 0]
B5p1[0, 1, 1, 0, 0, 1, 0, 0, 0]
B5p1[1, 1, 0, 0, 1, 0, 0, 0, 0]
B7p1[0, 0, 1, 1, 1, 0, 0, 0, 0]
B7p1[0, 0, 1, 1, 2, 0, 0, 0, 0]
B7p1[0, 1, 1, 0, 0, 1, 0, 0, 0]
B7p1[0, 1, 1, 0, 1, 0, 0, 0, 0]
B7p1[1, 0, 1, 1, 1, 0, 0, 0, 0]
B7p1[1, 0, 1, 1, 2, 0, 0, 0, 0]
B7p1[1, 1, 1, 0, 0, 1, 0, 0, 0]
D9p1[1, 0, 0, 1, 0, 1, 0, 0, 0]
D9p2[1, 0, 0, 1, 0, 1, 0, 0, 0]
D9p1[1, 1, 0, 1, 0, 1, 0, 0, 0]
D9p2[1, 1, 0, 1, 0, 1, 0, 0, 0]
F1p1[0, 1, 0, 1, 1, 0, 0, 0, 0]
F1p1[0, 1, 0, 1, 2, 0, 0, 0, 0]
F1p1[0, 1, 1, 1, 0, 0, 0, 0, 0]
F1p1[0, 1, 1, 1, 1, 0, 0, 0, 0]
F1p1[1, 1, 1, 1, 1, 0, 0, 0, 0]
F2p1[0, 0, 1, 1, 0, 0, 0, 0, 0]
F2p2[0, 0, 1, 1, 0, 0, 0, 0, 0]
F2p1[0, 1, 0, 1, 1, 0, 0, 0, 0]
F2p2[0, 1, 0, 1, 1, 0, 0, 0, 0]
F2p1[0, 1, 0, 1, 2, 0, 0, 0, 0]
F2p2[0, 1, 0, 1, 2, 0, 0, 0, 0]
F2p1[0, 1, 0, 2, 1, 0, 0, 0, 0]
F2p2[0, 1, 0, 2, 1, 0, 0, 0, 0]
F2p1[0, 1, 1, 1, 0, 0, 0, 0, 0]
F2p2[0, 1, 1, 1, 0, 0, 0, 0, 0]
F2p1[0, 1, 1, 1, 1, 0, 0, 0, 0]
F2p2[0, 1, 1, 1, 1, 0, 0, 0, 0]
F2p1[0, 0, 1, 1, 1, 0, 0, 0, 0]
F2p2[0, 0, 1, 1, 1, 0, 0, 0, 0]
F2p1[1, 0, 1, 1, 1, 0, 0, 0, 0]
F2p2[1, 0, 1, 1, 1, 0, 0, 0, 0]
F2p1[1, 1, 0, 1, 1, 0, 0, 0, 0]
F2p2[1, 1, 0, 1, 1, 0, 0, 0, 0]
F2p1[1, 1, 0, 1, 0, 0, 0, 0, 0]
F2p2[1, 1, 0, 1, 0, 0, 0, 0, 0]
F2p1[1, 1, 1, 1, 1, 0, 0, 0, 0]
F2p2[1, 1, 1, 1, 1, 0, 0, 0, 0]
D5p1[1, 0, 0, 0, 1, 0, 0, 0, 0]
D9p1[1, 1, 0, 0, 0, 0, 0, 0, 0]
D9p2[1, 1, 0, 0, 0, 0, 0, 0, 0]
D9p1[1, 0, 0, 0, 1, 0, 0, 0, 0]
D9p2[1, 0, 0, 0, 1, 0, 0, 0, 0]
D9p1[1, 1, 0, 0, 1, 0, 0, 0, 0]
D9p2[1, 1, 0, 0, 1, 0, 0, 0, 0]
H1p1[0, 0, 1, 1, 0, 0, 0, 0, 0]
H1p2[0, 0, 1, 1, 0, 0, 0, 0, 0]
H1p1[0, 1, 1, 0, 0, 0, 0, 0, 0]
H1p2[0, 1, 1, 0, 0, 0, 0, 0, 0]
H1p1[0, 1, 1, 1, 0, 0, 0, 0, 0]
H1p2[0, 1, 1, 1, 0, 0, 0, 0, 0]
H1p1[1, 1, 0, 1, 0, 0, 0, 0, 0]
H1p2[1, 1, 0, 1, 0, 0, 0, 0, 0]