B62[-1, 0, 1, 1, 1, 1, 0]
B62[-1, 1, 1, 0, 1, 1, 0]
B62[-1, 1, 1, 1, 1, 0, 0]
B62[-1, 1, 1, 1, 1, 1, 0]
B62[0, -1, 1, 1, 1, 1, 0]
B62[0, 0, 0, 1, 1, 1, 0]
B62[0, 0, 1, 0, 1, 1, 0]
B62[0, 0, 1, 1, 0, 1, 0]
B62[0, 0, 1, 1, 1, 0, 0]
B62[0, 0, 1, 1, 1, 1, -1]
B62[0, 0, 1, 1, 1, 1, 0]
B62[0, 1, 0, 0, 1, 1, 0]
B62[0, 1, 0, 1, 1, 1, 0]
B62[0, 1, 1, -1, 1, 1, 0]
B62[0, 1, 1, 0, 0, 1, 0]
B62[0, 1, 1, 0, 1, 0, 0]
B62[0, 1, 1, 0, 1, 1, -1]
B62[0, 1, 1, 0, 1, 1, 0]
B62[0, 1, 1, 1, 0, 0, 0]
B62[0, 1, 1, 1, 0, 1, 0]
B62[0, 1, 1, 1, 1, -1, 0]
B62[0, 1, 1, 1, 1, 0, -1]
B62[0, 1, 1, 1, 1, 0, 0]
B62[0, 1, 1, 1, 1, 1, -1]
B62[0, 1, 1, 1, 1, 1, 0]
B62[1, -1, 0, 1, 1, 1, 0]
B62[1, -1, 1, 1, 1, 1, -1]
B62[1, -1, 1, 1, 1, 1, 0]
B62[1, 0, -1, 1, 1, 1, 0]
B62[1, 0, 0, 0, 1, 1, 0]
B62[1, 0, 0, 1, 0, 1, 0]
B62[1, 0, 0, 1, 1, 0, 0]
B62[1, 0, 0, 1, 1, 1, -1]
B62[1, 0, 0, 1, 1, 1, 0]
B62[1, 0, 1, 0, 1, 1, -1]
B62[1, 0, 1, 0, 1, 1, 0]
B62[1, 0, 1, 1, 0, 1, -1]
B62[1, 0, 1, 1, 0, 1, 0]
B62[1, 0, 1, 1, 1, 0, -1]
B62[1, 0, 1, 1, 1, 0, 0]
B62[1, 0, 1, 1, 1, 1, -2]
B62[1, 0, 1, 1, 1, 1, -1]
B62[1, 0, 1, 1, 1, 1, 0]
B62[1, 1, -1, 0, 1, 1, 0]
B62[1, 1, -1, 1, 1, 0, 0]
B62[1, 1, -1, 1, 1, 1, 0]
B62[1, 1, 0, -1, 1, 1, 0]
B62[1, 1, 0, 0, 0, 1, 0]
B62[1, 1, 0, 0, 1, 0, 0]
B62[1, 1, 0, 0, 1, 1, -1]
B62[1, 1, 0, 0, 1, 1, 0]
B62[1, 1, 0, 1, 0, 0, 0]
B62[1, 1, 0, 1, 0, 1, 0]
B62[1, 1, 0, 1, 1, -1, 0]
B62[1, 1, 0, 1, 1, 0, -1]
B62[1, 1, 0, 1, 1, 0, 0]
B62[1, 1, 0, 1, 1, 1, -1]
B62[1, 1, 0, 1, 1, 1, 0]
B62[1, 1, 1, -1, 1, 1, -1]
B62[1, 1, 1, -1, 1, 1, 0]
B62[1, 1, 1, 0, 0, 1, -1]
B62[1, 1, 1, 0, 0, 1, 0]
B62[1, 1, 1, 0, 1, 0, -1]
B62[1, 1, 1, 0, 1, 0, 0]
B62[1, 1, 1, 0, 1, 1, -2]
B62[1, 1, 1, 0, 1, 1, -1]
B62[1, 1, 1, 0, 1, 1, 0]
B62[1, 1, 1, 1, -1, 1, 0]
B62[1, 1, 1, 1, 0, 0, -1]
B62[1, 1, 1, 1, 0, 0, 0]
B62[1, 1, 1, 1, 0, 1, -1]
B62[1, 1, 1, 1, 0, 1, 0]
B62[1, 1, 1, 1, 1, -1, 0]
B62[1, 1, 1, 1, 1, 0, -1]
B62[1, 1, 1, 1, 1, 0, 0]
B62[1, 1, 1, 1, 1, 1, -2]
B62[1, 1, 1, 1, 1, 1, -1]
B62[1, 1, 1, 1, 1, 1, 0]
B62[-1, 0, 1, 1, 1, 1, 0]
B62[-1, 1, 1, 0, 1, 1, 0]
B62[-1, 1, 1, 1, 1, 0, 0]
B62[-1, 1, 1, 1, 1, 1, 0]
B62[0, -1, 1, 1, 1, 1, 0]
B62[0, 0, 0, 1, 1, 1, 0]
B62[0, 0, 1, 0, 1, 1, 0]
B62[0, 0, 1, 1, 0, 1, 0]
B62[0, 0, 1, 1, 1, 0, 0]
B62[0, 0, 1, 1, 1, 1, -1]
B62[0, 0, 1, 1, 1, 1, 0]
B62[0, 1, 0, 0, 1, 1, 0]
B62[0, 1, 0, 1, 1, 1, 0]
B62[0, 1, 1, -1, 1, 1, 0]
B62[0, 1, 1, 0, 0, 1, 0]
B62[0, 1, 1, 0, 1, 0, 0]
B62[0, 1, 1, 0, 1, 1, -1]
B62[0, 1, 1, 0, 1, 1, 0]
B62[0, 1, 1, 1, 0, 0, 0]
B62[0, 1, 1, 1, 0, 1, 0]
B62[0, 1, 1, 1, 1, -1, 0]
B62[0, 1, 1, 1, 1, 0, -1]
B62[0, 1, 1, 1, 1, 0, 0]
B62[0, 1, 1, 1, 1, 1, -1]
B62[0, 1, 1, 1, 1, 1, 0]
B62[1, -1, 0, 1, 1, 1, 0]
B62[1, -1, 1, 1, 1, 1, -1]
B62[1, -1, 1, 1, 1, 1, 0]
B62[1, 0, -1, 1, 1, 1, 0]
B62[1, 0, 0, 0, 1, 1, 0]
B62[1, 0, 0, 1, 0, 1, 0]
B62[1, 0, 0, 1, 1, 0, 0]
B62[1, 0, 0, 1, 1, 1, -1]
B62[1, 0, 0, 1, 1, 1, 0]
B62[1, 0, 1, 0, 1, 1, -1]
B62[1, 0, 1, 0, 1, 1, 0]
B62[1, 0, 1, 1, 0, 1, -1]
B62[1, 0, 1, 1, 0, 1, 0]
B62[1, 0, 1, 1, 1, 0, -1]
B62[1, 0, 1, 1, 1, 0, 0]
B62[1, 0, 1, 1, 1, 1, -2]
B62[1, 0, 1, 1, 1, 1, -1]
B62[1, 0, 1, 1, 1, 1, 0]
B62[1, 1, -1, 0, 1, 1, 0]
B62[1, 1, -1, 1, 1, 0, 0]
B62[1, 1, -1, 1, 1, 1, 0]
B62[1, 1, 0, -1, 1, 1, 0]
B62[1, 1, 0, 0, 0, 1, 0]
B62[1, 1, 0, 0, 1, 0, 0]
B62[1, 1, 0, 0, 1, 1, -1]
B62[1, 1, 0, 0, 1, 1, 0]
B62[1, 1, 0, 1, 0, 0, 0]
B62[1, 1, 0, 1, 0, 1, 0]
B62[1, 1, 0, 1, 1, -1, 0]
B62[1, 1, 0, 1, 1, 0, -1]
B62[1, 1, 0, 1, 1, 0, 0]
B62[1, 1, 0, 1, 1, 1, -1]
B62[1, 1, 0, 1, 1, 1, 0]
B62[1, 1, 1, -1, 1, 1, -1]
B62[1, 1, 1, -1, 1, 1, 0]
B62[1, 1, 1, 0, 0, 1, -1]
B62[1, 1, 1, 0, 0, 1, 0]
B62[1, 1, 1, 0, 1, 0, -1]
B62[1, 1, 1, 0, 1, 0, 0]
B62[1, 1, 1, 0, 1, 1, -2]
B62[1, 1, 1, 0, 1, 1, -1]
B62[1, 1, 1, 0, 1, 1, 0]
B62[1, 1, 1, 1, -1, 1, 0]
B62[1, 1, 1, 1, 0, 0, -1]
B62[1, 1, 1, 1, 0, 0, 0]
B62[1, 1, 1, 1, 0, 1, -1]
B62[1, 1, 1, 1, 0, 1, 0]
B62[1, 1, 1, 1, 1, -1, 0]
B62[1, 1, 1, 1, 1, 0, -1]
B62[1, 1, 1, 1, 1, 0, 0]
B62[1, 1, 1, 1, 1, 1, -2]
B62[1, 1, 1, 1, 1, 1, -1]
B62[1, 1, 1, 1, 1, 1, 0]
B62[0, 1, 0, 1, 1, 0, 0]
B62[0, -1, 0, 1, 1, 2, 0]
B62[0, 0, 0, 0, 1, 2, 0]
B62[0, 0, 0, 1, 1, 1, 0]
B62[0, 0, 0, 1, 1, 2, 0]
B62[0, 1, 0, -1, 1, 2, 0]
B62[0, 1, 0, 0, 1, 1, 0]
B62[0, 1, 0, 0, 1, 2, 0]
B62[0, 1, 0, 1, 1, 0, 0]
B62[0, 1, 0, 1, 1, 1, 0]
B62[0, 1, 0, 1, 1, 2, 0]
B62[0, -1, 0, 1, 1, 1, 0]
B62[0, 0, 0, 0, 1, 1, 0]
B62[0, 0, 0, 1, 1, 0, 0]
B62[0, 1, 0, -1, 1, 1, 0]
B62[0, 1, 0, 0, 1, 0, 0]
B62[0, 1, 0, 1, 1, -1, 0]
B62[0, -1, 0, 2, 1, 1, 0]
B62[0, -1, 1, 2, 0, 1, 0]
B62[0, -1, 1, 2, 1, 1, 0]
B62[0, 0, 0, 2, 1, 0, 0]
B62[0, 0, 0, 2, 1, 1, 0]
B62[0, 0, 1, 2, 0, 0, 0]
B62[0, 0, 1, 2, 0, 1, 0]
B62[0, 0, 1, 2, 1, 0, 0]
B62[0, 0, 1, 2, 1, 1, 0]
B62[0, 1, 0, 2, 1, -1, 0]
B62[0, 1, 0, 2, 1, 0, 0]
B62[0, 1, 0, 2, 1, 1, 0]
B62[0, 1, 1, 2, 0, -1, 0]
B62[0, 1, 1, 2, 0, 0, 0]
B62[0, 1, 1, 2, 0, 1, 0]
B62[0, 1, 1, 2, 1, -1, 0]
B62[0, 1, 1, 2, 1, 0, 0]
B62[0, 1, 1, 2, 1, 1, 0]
B62[0, 2, 0, -1, 1, 1, 0]
B62[0, 2, 0, 0, 1, 0, 0]
B62[0, 2, 0, 0, 1, 1, 0]
B62[0, 2, 0, 1, 1, -1, 0]
B62[0, 2, 0, 1, 1, 0, 0]
B62[0, 2, 0, 1, 1, 1, 0]
B62[1, 2, 0, -1, 0, 1, 0]
B62[1, 2, 0, -1, 1, 1, 0]
B62[1, 2, 0, 0, 0, 0, 0]
B62[1, 2, 0, 0, 0, 1, 0]
B62[1, 2, 0, 0, 1, 0, 0]
B62[1, 2, 0, 0, 1, 1, 0]
B62[1, 2, 0, 1, 0, -1, 0]
B62[1, 2, 0, 1, 0, 0, 0]
B62[1, 2, 0, 1, 0, 1, 0]
B62[1, 2, 0, 1, 1, -1, 0]
B62[1, 2, 0, 1, 1, 0, 0]
B62[1, 2, 0, 1, 1, 1, 0]