0
11 2
2 4
1 -1 1 0 s+m1^2 
0 0 1 0 0 
0 -1 2 0 2*s-m2^2+2*m1^2 
0 0 2 -1 2*m1^2 

1
11 3
2 5
1 0 0 0 0 
0 0 1 0 0 
0 1 0 0 0 
0 1 0 0 0 

0
11 4
10 4
1 0 0 0 0 
0 1 0 0 0 
0 0 1 0 0 
0 1 1 -1 -s+m2^2+m1^2 

0
11 5
10 5
1 0 0 0 0 
0 1 0 0 0 
0 0 1 0 0 
0 1 1 -1 -s+m2^2+m1^2 

0
11 6
10 6
1 0 0 0 0 
0 1 0 0 0 
0 0 1 0 0 
0 1 1 -1 -s+m2^2+m1^2 

0
11 7
10 7
1 0 0 0 0 
0 1 0 0 0 
0 0 1 0 0 
0 1 1 -1 -s+m2^2+m1^2 

0
11 9
1 9
1 0 0 0 0 
0 1 0 0 -m1^2 
0 0 1 0 -m2^2 
0 0 0 1 0 

1
11 10
2 5
0 1 0 0 0 
0 0 1 0 0 
0 1 0 0 0 
1 0 0 0 0 

1
11 11
3 13
1 0 0 0 0 
0 0 1 0 0 
0 1 0 0 0 
0 0 0 1 0 

1
11 12
10 5
0 1 0 0 0 
0 1 0 0 0 
0 0 1 0 0 
1 0 0 0 0 

1
11 14
10 7
0 0 0 1 0 
0 1 0 0 0 
0 0 1 0 0 
1 0 0 0 0 

