B31[-1, 0, 1, 1, 1, 1, 0, 0, 0]
B31[-1, 1, 1, 0, 1, 1, 0, 0, 0]
B31[0, -1, 1, 1, 1, 1, 0, 0, 0]
B31[0, 0, 0, 1, 1, 1, 0, 0, 0]
B31[0, 0, 1, 0, 1, 1, 0, 0, 0]
B31[0, 0, 1, 1, 1, 0, 0, 0, 0]
B31[0, 0, 1, 1, 1, 1, -1, 0, 0]
B31[0, 0, 1, 1, 1, 1, 0, -1, 0]
B31[0, 0, 1, 1, 1, 1, 0, 0, 0]
B31[0, 1, 0, 0, 1, 1, 0, 0, 0]
B31[0, 1, 1, 0, 1, 0, 0, 0, 0]
B31[0, 1, 1, 0, 1, 1, -1, 0, 0]
B31[0, 1, 1, 0, 1, 1, 0, -1, 0]
B31[0, 1, 1, 0, 1, 1, 0, 0, 0]
B31[1, -2, 1, 1, 1, 1, 0, 0, 0]
B31[1, -1, 0, 1, 1, 1, 0, 0, 0]
B31[1, -1, 1, 0, 1, 1, 0, 0, 0]
B31[1, -1, 1, 1, 0, 1, 0, 0, 0]
B31[1, -1, 1, 1, 1, 0, 0, 0, 0]
B31[1, -1, 1, 1, 1, 1, -1, 0, 0]
B31[1, -1, 1, 1, 1, 1, 0, -1, 0]
B31[1, -1, 1, 1, 1, 1, 0, 0, -1]
B31[1, -1, 1, 1, 1, 1, 0, 0, 0]
B31[1, 0, 0, 0, 1, 1, 0, 0, 0]
B31[1, 0, 0, 1, 1, 1, -1, 0, 0]
B31[1, 0, 0, 1, 1, 1, 0, 0, 0]
B31[1, 0, 1, -1, 1, 1, 0, 0, 0]
B31[1, 0, 1, 0, 0, 1, 0, 0, 0]
B31[1, 0, 1, 0, 1, 0, 0, 0, 0]
B31[1, 0, 1, 0, 1, 1, -1, 0, 0]
B31[1, 0, 1, 0, 1, 1, 0, -1, 0]
B31[1, 0, 1, 0, 1, 1, 0, 0, -1]
B31[1, 0, 1, 0, 1, 1, 0, 0, 0]
B31[1, 0, 1, 1, 0, 1, -1, 0, 0]
B31[1, 0, 1, 1, 0, 1, 0, 0, -1]
B31[1, 0, 1, 1, 0, 1, 0, 0, 0]
B31[1, 0, 1, 1, 1, 0, -1, 0, 0]
B31[1, 0, 1, 1, 1, 0, 0, 0, 0]
B31[1, 0, 1, 1, 1, 1, -2, 0, 0]
B31[1, 0, 1, 1, 1, 1, -1, -1, 0]
B31[1, 0, 1, 1, 1, 1, -1, 0, -1]
B31[1, 0, 1, 1, 1, 1, -1, 0, 0]
B31[1, 0, 1, 1, 1, 1, 0, -1, 0]
B31[1, 0, 1, 1, 1, 1, 0, 0, -1]
B31[1, 0, 1, 1, 1, 1, 0, 0, 0]
B31[1, 1, 0, 0, 1, 1, -1, 0, 0]
B31[1, 1, 0, 0, 1, 1, 0, 0, 0]
B31[1, 1, 1, -1, 0, 1, 0, 0, 0]
B31[1, 1, 1, -1, 1, 1, -1, 0, 0]
B31[1, 1, 1, -1, 1, 1, 0, 0, 0]
B31[1, 1, 1, 0, 0, 1, -1, 0, 0]
B31[1, 1, 1, 0, 0, 1, 0, 0, -1]
B31[1, 1, 1, 0, 0, 1, 0, 0, 0]
B31[1, 1, 1, 0, 1, 0, -1, 0, 0]
B31[1, 1, 1, 0, 1, 0, 0, 0, 0]
B31[1, 1, 1, 0, 1, 1, -2, 0, 0]
B31[1, 1, 1, 0, 1, 1, -1, -1, 0]
B31[1, 1, 1, 0, 1, 1, -1, 0, -1]
B31[1, 1, 1, 0, 1, 1, -1, 0, 0]
B31[1, 1, 1, 0, 1, 1, 0, -1, 0]
B31[1, 1, 1, 0, 1, 1, 0, 0, -1]
B31[1, 1, 1, 0, 1, 1, 0, 0, 0]
B31[0, 0, 1, 1, 0, 1, 0, 0, 0]
B31[0, 0, 1, 1, 1, 1, 0, 0, -1]
B31[0, 1, 1, -1, 1, 1, 0, 0, 0]
B31[0, 1, 1, 0, 0, 1, 0, 0, 0]
B31[0, 1, 1, 0, 1, 1, 0, 0, -1]
B31[1, 0, -1, 1, 1, 1, 0, 0, 0]
B31[1, 0, 0, 1, 0, 1, 0, 0, 0]
B31[1, 0, 0, 1, 1, 0, 0, 0, 0]
B31[1, 0, 0, 1, 1, 1, 0, -1, 0]
B31[1, 0, 0, 1, 1, 1, 0, 0, -1]
B31[1, 0, 1, 1, 0, 0, 0, 0, 0]
B31[1, 0, 1, 1, 0, 1, 0, -1, 0]
B31[1, 0, 1, 1, 1, -1, 0, 0, 0]
B31[1, 0, 1, 1, 1, 0, 0, -1, 0]
B31[1, 0, 1, 1, 1, 0, 0, 0, -1]
B31[1, 1, -1, 0, 1, 1, 0, 0, 0]
B31[1, 1, 0, -1, 1, 1, 0, 0, 0]
B31[1, 1, 0, 0, 0, 1, 0, 0, 0]
B31[1, 1, 0, 0, 1, 0, 0, 0, 0]
B31[1, 1, 0, 0, 1, 1, 0, -1, 0]
B31[1, 1, 0, 0, 1, 1, 0, 0, -1]
B31[1, 1, 1, -1, 1, 0, 0, 0, 0]
B31[1, 1, 1, -1, 1, 1, 0, -1, 0]
B31[1, 1, 1, 0, 0, 0, 0, 0, 0]
B31[1, 1, 1, 0, 0, 1, 0, -1, 0]
B31[1, 1, 1, 0, 1, -1, 0, 0, 0]
B31[1, 1, 1, 0, 1, 0, 0, -1, 0]
B31[1, 1, 1, 0, 1, 0, 0, 0, -1]