0
4 14
2 19
0 0 1 0 0 0 0 0 0 0 
0 0 0 0 1 0 0 0 0 0 
0 1 0 0 0 0 0 0 0 0 
1 0 0 0 0 0 0 0 0 0 
1 -2 0 1 1 -1 0 0 1 m1^2 
0 0 0 1 0 0 0 0 0 0 
-1 1 1 0 1 0 0 0 -1 -m1^2 
-1 0 1 0 0 0 0 1 0 -m1^2-t 
1 -1 0 0 1 0 1 -1 0 m1^2+t 

0
4 15
2 23
0 0 1 0 0 0 0 0 0 0 
0 1 0 0 0 0 0 0 0 0 
0 0 0 0 1 0 0 0 0 0 
1 0 0 0 0 0 0 0 0 0 
0 3 0 -1 0 0 0 0 -1 s 
0 1 -1 -1 1 1 0 0 0 s 
0 0 0 0 0 0 0 0 1 0 
-1 0 1 0 0 0 0 1 0 -m1^2-t 
0 2 0 0 0 0 -1 0 0 0 

0
4 28
3 28
-1 1 1 0 1 0 0 0 -1 m1^2 
-1 0 1 0 0 1 0 0 0 -s 
0 0 0 1 0 0 0 0 0 0 
0 0 0 0 1 0 0 0 0 0 
0 0 1 0 0 0 0 0 0 0 
0 1 0 0 0 0 0 0 0 0 
-2 0 2 0 0 1 0 0 0 -2*s 
-2 2 1 0 1 0 -1 1 -1 m1^2-2*t 
0 0 1 0 0 1 0 -1 0 2*t 

1
4 30
3 29
0 1 0 0 0 0 0 0 0 0 
1 0 0 0 0 0 0 0 0 0 
0 0 0 1 0 0 0 0 0 0 
0 0 0 0 1 0 0 0 0 0 
0 0 1 0 0 0 0 0 0 0 
0 1 0 0 0 0 0 0 0 0 
0 1 0 0 0 0 0 0 0 0 
0 1 0 0 0 0 0 0 0 0 
0 1 0 0 0 0 0 0 0 0 

0
4 35
0 28
0 0 1 0 0 0 0 0 0 0 
0 0 0 1 0 0 0 0 0 0 
0 -1 1 1 1 -1 0 0 0 s 
1 0 0 0 0 0 0 0 0 -m1^2 
0 2 0 0 0 0 0 0 -1 0 
0 0 0 0 1 0 0 0 0 0 
0 -1 0 1 0 0 0 0 1 -s 
-1 0 1 0 0 0 0 1 0 -t 
0 1 0 1 0 0 -1 0 0 s 

0
4 39
0 30
0 0 1 0 0 0 0 0 0 0 
0 0 0 0 1 0 0 0 0 0 
0 1 0 0 0 0 0 0 0 0 
1 0 0 0 0 0 0 0 0 -m1^2 
1 -2 0 1 1 -1 0 0 1 0 
0 0 0 1 0 0 0 0 0 0 
-1 1 1 0 1 0 0 0 -1 0 
-1 0 1 0 0 0 0 1 0 -t 
1 -1 0 0 1 0 1 -1 0 t 

1
4 42
2 19
0 0 1 0 0 0 0 0 0 0 
0 1 0 0 0 0 0 0 0 0 
0 0 1 0 0 0 0 0 0 0 
1 0 0 0 0 0 0 0 0 0 
0 0 1 0 0 0 0 0 0 0 
0 0 0 0 1 0 0 0 0 0 
0 0 1 0 0 0 0 0 0 0 
0 0 1 0 0 0 0 0 0 0 
0 0 1 0 0 0 0 0 0 0 

0
4 43
2 29
0 0 1 0 0 0 0 0 0 0 
0 0 0 1 0 0 0 0 0 0 
0 -1 1 1 1 -1 0 0 0 s 
1 0 0 0 0 0 0 0 0 0 
0 2 0 0 0 0 0 0 -1 0 
0 0 0 0 1 0 0 0 0 0 
0 -1 0 1 0 0 0 0 1 -s 
-1 0 1 0 0 0 0 1 0 -m1^2-t 
0 1 0 1 0 0 -1 0 0 s 

0
4 44
2 11
0 0 1 0 0 0 0 0 0 0 
0 0 0 0 1 0 0 0 0 0 
0 1 0 0 0 0 0 0 0 0 
1 0 0 0 0 0 0 0 0 0 
1 -2 0 1 1 -1 0 0 1 m1^2 
0 0 0 1 0 0 0 0 0 0 
-1 1 1 0 1 0 0 0 -1 -m1^2 
-1 0 1 0 0 0 0 1 0 -m1^2-t 
1 -1 0 0 1 0 1 -1 0 m1^2+t 

0
4 45
2 15
0 0 1 0 0 0 0 0 0 0 
0 0 0 0 1 0 0 0 0 0 
0 1 0 0 0 0 0 0 0 0 
1 0 0 0 0 0 0 0 0 0 
1 -2 0 1 1 -1 0 0 1 m1^2 
0 0 0 1 0 0 0 0 0 0 
-1 1 1 0 1 0 0 0 -1 -m1^2 
-1 0 1 0 0 0 0 1 0 -m1^2-t 
1 -1 0 0 1 0 1 -1 0 m1^2+t 

0
4 46
2 27
0 0 1 0 0 0 0 0 0 0 
0 0 0 0 1 0 0 0 0 0 
0 1 0 0 0 0 0 0 0 0 
1 0 0 0 0 0 0 0 0 0 
1 -2 0 1 1 -1 0 0 1 m1^2 
0 0 0 1 0 0 0 0 0 0 
-1 1 1 0 1 0 0 0 -1 -m1^2 
-1 0 1 0 0 0 0 1 0 -m1^2-t 
1 -1 0 0 1 0 1 -1 0 m1^2+t 

0
4 47
2 31
0 0 1 0 0 0 0 0 0 0 
0 0 0 0 1 0 0 0 0 0 
0 1 0 0 0 0 0 0 0 0 
1 0 0 0 0 0 0 0 0 0 
1 -2 0 1 1 -1 0 0 1 m1^2 
0 0 0 1 0 0 0 0 0 0 
-1 1 1 0 1 0 0 0 -1 -m1^2 
-1 0 1 0 0 0 0 1 0 -m1^2-t 
1 -1 0 0 1 0 1 -1 0 m1^2+t 

1
4 51
0 29
0 0 0 1 0 0 0 0 0 0 
0 0 1 0 0 0 0 0 0 0 
0 1 0 0 0 0 0 0 0 0 
0 1 0 0 0 0 0 0 0 0 
1 0 0 0 0 0 0 0 0 0 
0 0 0 0 1 0 0 0 0 0 
0 1 0 0 0 0 0 0 0 0 
0 1 0 0 0 0 0 0 0 0 
0 1 0 0 0 0 0 0 0 0 

0
4 53
0 27
1 0 0 0 0 0 0 0 0 0 
1 -2 0 1 1 -1 0 0 1 0 
0 0 0 1 0 0 0 0 0 0 
0 0 1 0 0 0 0 0 0 -m1^2 
0 0 0 0 1 0 0 0 0 0 
0 1 0 0 0 0 0 0 0 0 
2 -3 -1 1 1 -1 0 0 2 -s 
2 0 0 0 0 0 0 -1 0 0 
0 -1 0 1 1 -1 -1 1 1 s 

1
4 55
0 31
0 0 0 0 1 0 0 0 0 0 
0 0 1 0 0 0 0 0 0 0 
0 1 0 0 0 0 0 0 0 0 
0 0 0 0 0 1 0 0 0 0 
1 0 0 0 0 0 0 0 0 0 
0 0 0 1 0 0 0 0 0 0 
0 0 0 0 0 1 0 0 0 0 
0 0 0 0 0 1 0 0 0 0 
0 0 0 0 0 1 0 0 0 0 

1
4 56
2 19
0 0 1 0 0 0 0 0 0 0 
0 0 1 0 0 0 0 0 0 0 
0 0 1 0 0 0 0 0 0 0 
1 0 0 0 0 0 0 0 0 0 
0 1 0 0 0 0 0 0 0 0 
0 0 0 0 1 0 0 0 0 0 
0 0 1 0 0 0 0 0 0 0 
0 0 1 0 0 0 0 0 0 0 
0 0 1 0 0 0 0 0 0 0 

1
4 57
2 23
0 0 1 0 0 0 0 0 0 0 
0 0 0 1 0 0 0 0 0 0 
0 0 0 1 0 0 0 0 0 0 
1 0 0 0 0 0 0 0 0 0 
0 1 0 0 0 0 0 0 0 0 
0 0 0 0 1 0 0 0 0 0 
0 0 0 1 0 0 0 0 0 0 
0 0 0 1 0 0 0 0 0 0 
0 0 0 1 0 0 0 0 0 0 

1
4 58
3 23
0 0 0 1 0 0 0 0 0 0 
1 0 0 0 0 0 0 0 0 0 
0 0 0 1 0 0 0 0 0 0 
0 0 0 0 1 0 0 0 0 0 
0 0 1 0 0 0 0 0 0 0 
0 1 0 0 0 0 0 0 0 0 
0 0 0 1 0 0 0 0 0 0 
0 0 0 1 0 0 0 0 0 0 
0 0 0 1 0 0 0 0 0 0 

0
4 60
3 30
-1 1 1 0 1 0 0 0 -1 m1^2 
-1 0 1 0 0 1 0 0 0 -s 
0 0 0 1 0 0 0 0 0 0 
0 0 0 0 1 0 0 0 0 0 
0 0 1 0 0 0 0 0 0 0 
0 1 0 0 0 0 0 0 0 0 
-2 0 2 0 0 1 0 0 0 -2*s 
-2 2 1 0 1 0 -1 1 -1 m1^2-2*t 
0 0 1 0 0 1 0 -1 0 2*t 

1
4 62
3 31
0 0 0 0 0 1 0 0 0 0 
1 0 0 0 0 0 0 0 0 0 
0 0 0 1 0 0 0 0 0 0 
0 0 0 0 1 0 0 0 0 0 
0 0 1 0 0 0 0 0 0 0 
0 1 0 0 0 0 0 0 0 0 
0 0 0 0 0 1 0 0 0 0 
0 0 0 0 0 1 0 0 0 0 
0 0 0 0 0 1 0 0 0 0 

