D46[-1, 0, 1, 1, 1, 1, 0]
D46[-1, 1, 0, 1, 1, 1, 0]
D46[-1, 1, 1, 1, 0, 1, 0]
D46[-1, 1, 1, 1, 1, 0, 0]
D46[-1, 1, 1, 1, 1, 1, 0]
D46[0, 0, 0, 1, 1, 1, 0]
D46[0, 0, 1, 0, 1, 1, 0]
D46[0, 0, 1, 1, 1, 1, 0]
D46[0, 1, -1, 1, 1, 1, 0]
D46[0, 1, 0, 0, 1, 1, 0]
D46[0, 1, 0, 1, 0, 1, 0]
D46[0, 1, 0, 1, 1, 0, 0]
D46[0, 1, 0, 1, 1, 1, -1]
D46[0, 1, 0, 1, 1, 1, 0]
D46[0, 1, 1, 0, 0, 1, 0]
D46[0, 1, 1, 0, 1, 0, 0]
D46[0, 1, 1, 0, 1, 1, -1]
D46[0, 1, 1, 0, 1, 1, 0]
D46[0, 1, 1, 1, 0, 1, 0]
D46[0, 1, 1, 1, 1, 0, 0]
D46[0, 1, 1, 1, 1, 1, -1]
D46[0, 1, 1, 1, 1, 1, 0]
D46[1, 0, -1, 1, 1, 1, 0]
D46[1, 0, 0, 0, 1, 1, 0]
D46[1, 0, 0, 1, 1, 1, 0]
D46[1, 0, 1, -1, 1, 1, 0]
D46[1, 0, 1, 0, 1, 1, 0]
D46[1, 0, 1, 1, 1, 1, 0]
D46[1, 1, -2, 1, 1, 1, 0]
D46[1, 1, -1, 0, 1, 1, 0]
D46[1, 1, -1, 1, 0, 1, 0]
D46[1, 1, -1, 1, 1, 0, 0]
D46[1, 1, -1, 1, 1, 1, -1]
D46[1, 1, -1, 1, 1, 1, 0]
D46[1, 1, 0, -1, 1, 1, 0]
D46[1, 1, 0, 0, 0, 1, 0]
D46[1, 1, 0, 0, 1, 0, 0]
D46[1, 1, 0, 0, 1, 1, -1]
D46[1, 1, 0, 0, 1, 1, 0]
D46[1, 1, 0, 1, 0, 1, 0]
D46[1, 1, 0, 1, 1, 0, 0]
D46[1, 1, 0, 1, 1, 1, -1]
D46[1, 1, 0, 1, 1, 1, 0]
D46[1, 1, 1, -1, 1, 0, 0]
D46[1, 1, 1, -1, 1, 1, -1]
D46[1, 1, 1, -1, 1, 1, 0]
D46[1, 1, 1, 0, 0, 1, 0]
D46[1, 1, 1, 0, 1, 0, 0]
D46[1, 1, 1, 0, 1, 1, -1]
D46[1, 1, 1, 0, 1, 1, 0]
D46[1, 1, 1, 1, 0, 1, 0]
D46[1, 1, 1, 1, 1, 0, 0]
D46[1, 1, 1, 1, 1, 1, -1]
D46[1, 1, 1, 1, 1, 1, 0]
D46[0, -1, 1, 1, 1, 1, 0]
D46[0, 0, 1, 1, 0, 1, 0]
D46[0, 0, 1, 1, 1, 0, 0]
D46[0, 0, 1, 1, 1, 1, -1]
D46[0, 1, 1, 1, 0, 0, 0]
D46[0, 1, 1, 1, 0, 1, -1]
D46[0, 1, 1, 1, 1, 0, -1]
D46[1, -1, 0, 1, 1, 1, 0]
D46[1, -1, 1, 0, 1, 1, 0]
D46[1, -1, 1, 1, 1, 1, 0]
D46[1, 0, 0, 1, 0, 1, 0]
D46[1, 0, 0, 1, 1, 0, 0]
D46[1, 0, 0, 1, 1, 1, -1]
D46[1, 0, 1, 0, 0, 1, 0]
D46[1, 0, 1, 0, 1, 0, 0]
D46[1, 0, 1, 0, 1, 1, -1]
D46[1, 0, 1, 1, 0, 1, 0]
D46[1, 0, 1, 1, 1, 0, 0]
D46[1, 0, 1, 1, 1, 1, -1]
D46[1, 1, 0, 1, -1, 1, 0]
D46[1, 1, 0, 1, 0, 0, 0]
D46[1, 1, 0, 1, 0, 1, -1]
D46[1, 1, 0, 1, 1, 0, -1]
D46[1, 1, 0, 1, 1, 1, -2]
D46[1, 1, 1, -1, 0, 1, 0]
D46[1, 1, 1, 0, -1, 1, 0]
D46[1, 1, 1, 0, 0, 0, 0]
D46[1, 1, 1, 0, 0, 1, -1]
D46[1, 1, 1, 0, 1, 0, -1]
D46[1, 1, 1, 0, 1, 1, -2]
D46[1, 1, 1, 1, -1, 1, 0]
D46[1, 1, 1, 1, 0, 0, 0]
D46[1, 1, 1, 1, 0, 1, -1]
D46[1, 1, 1, 1, 1, -1, 0]
D46[1, 1, 1, 1, 1, 0, -1]
D46[1, 1, 1, 1, 1, 1, -2]