0
0 12
0 10
1 1 -1 0 0 0 0 0 0 s 
0 2 -1 0 0 0 0 0 0 2*s 
0 1 0 0 0 0 0 0 0 0 
0 0 0 1 0 0 0 0 0 0 
0 0 0 0 1 0 0 0 0 0 
0 1 -1 -1 1 1 0 0 0 s 
0 0 0 0 0 0 1 0 0 0 
0 1 -1 0 0 0 0 1 0 2*s 
0 0 0 0 0 0 0 0 1 0 

1
0 13
0 11
1 0 0 0 0 0 0 0 0 0 
0 0 1 0 0 0 0 0 0 0 
0 1 0 0 0 0 0 0 0 0 
0 0 0 1 0 0 0 0 0 0 
0 0 1 0 0 0 0 0 0 0 
0 0 1 0 0 0 0 0 0 0 
0 0 1 0 0 0 0 0 0 0 
0 0 1 0 0 0 0 0 0 0 
0 0 1 0 0 0 0 0 0 0 

0
0 18
0 10
1 0 0 0 0 0 0 0 0 0 
0 1 0 0 0 0 0 0 0 0 
0 0 1 0 0 0 0 0 0 0 
0 0 0 2 -1 0 0 0 0 2*s 
0 0 0 1 0 0 0 0 0 0 
0 -1 1 1 -1 1 0 0 0 s 
0 0 0 1 -1 0 1 0 0 s 
0 0 0 0 0 0 0 1 0 0 
0 0 0 1 -1 0 0 0 1 s 

0
0 19
0 11
1 0 0 0 0 0 0 0 0 0 
0 1 0 0 0 0 0 0 0 0 
0 0 1 0 0 0 0 0 0 0 
0 0 0 2 -1 0 0 0 0 2*s 
0 0 0 1 0 0 0 0 0 0 
0 -1 1 1 -1 1 0 0 0 s 
0 0 0 1 -1 0 1 0 0 s 
0 0 0 0 0 0 0 1 0 0 
0 0 0 1 -1 0 0 0 1 s 

0
0 20
0 10
1 1 -1 0 0 0 0 0 0 s 
0 2 -1 0 0 0 0 0 0 2*s 
0 1 0 0 0 0 0 0 0 0 
0 0 0 2 -1 0 0 0 0 2*s 
0 0 0 1 0 0 0 0 0 0 
0 0 0 0 0 1 0 0 0 0 
0 0 0 1 -1 0 1 0 0 s 
0 1 -1 0 0 0 0 1 0 2*s 
0 0 0 1 -1 0 0 0 1 s 

1
0 21
0 11
1 0 0 0 0 0 0 0 0 0 
0 0 1 0 0 0 0 0 0 0 
0 1 0 0 0 0 0 0 0 0 
0 0 1 0 0 0 0 0 0 0 
0 0 0 1 0 0 0 0 0 0 
0 0 1 0 0 0 0 0 0 0 
0 0 1 0 0 0 0 0 0 0 
0 0 1 0 0 0 0 0 0 0 
0 0 1 0 0 0 0 0 0 0 

0
0 22
0 14
1 0 0 0 0 0 0 0 0 0 
0 1 0 0 0 0 0 0 0 0 
0 0 1 0 0 0 0 0 0 0 
0 0 0 2 -1 0 0 0 0 2*s 
0 0 0 1 0 0 0 0 0 0 
0 -1 1 1 -1 1 0 0 0 s 
0 0 0 1 -1 0 1 0 0 s 
0 0 0 0 0 0 0 1 0 0 
0 0 0 1 -1 0 0 0 1 s 

0
0 23
0 15
1 0 0 0 0 0 0 0 0 0 
0 1 0 0 0 0 0 0 0 0 
0 0 1 0 0 0 0 0 0 0 
0 0 0 2 -1 0 0 0 0 2*s 
0 0 0 1 0 0 0 0 0 0 
0 -1 1 1 -1 1 0 0 0 s 
0 0 0 1 -1 0 1 0 0 s 
0 0 0 0 0 0 0 1 0 0 
0 0 0 1 -1 0 0 0 1 s 

0
0 26
0 14
0 0 0 2 0 0 0 0 -1 2*mm^2+2*m1^2 
0 0 0 1 0 0 0 0 0 0 
0 0 0 2 -1 0 0 0 0 2*s 
0 0 1 0 0 0 0 0 0 0 
0 1 0 0 0 0 0 0 0 0 
0 -1 1 1 -1 1 0 0 0 s 
-1 0 1 0 0 0 0 1 0 -s+mm^2+m1^2-t 
0 0 0 1 0 0 1 0 -1 mm^2+m1^2+t 
-1 1 1 0 0 0 0 0 0 -s+2*mm^2+2*m1^2 

0
0 28
0 14
0 0 0 1 1 0 0 0 -1 -s+2*mm^2+2*m1^2 
0 0 0 0 1 0 0 0 0 0 
0 0 0 1 0 0 0 0 0 0 
0 0 1 0 0 0 0 0 0 0 
0 1 0 0 0 0 0 0 0 0 
0 0 0 0 0 1 0 0 0 0 
-1 0 1 0 0 0 0 1 0 -s+mm^2+m1^2-t 
0 0 0 0 1 0 1 0 -1 mm^2+m1^2+t 
-1 1 1 0 0 0 0 0 0 -s+2*mm^2+2*m1^2 

1
0 29
0 27
1 0 0 0 0 0 0 0 0 0 
0 0 1 0 0 0 0 0 0 0 
0 1 0 0 0 0 0 0 0 0 
0 0 0 1 0 0 0 0 0 0 
0 0 0 0 1 0 0 0 0 0 
0 0 1 0 0 0 0 0 0 0 
0 0 1 0 0 0 0 0 0 0 
0 0 1 0 0 0 0 0 0 0 
0 0 1 0 0 0 0 0 0 0 

1
0 49
0 41
1 0 0 0 0 0 0 0 0 0 
0 1 0 0 0 0 0 0 0 0 
0 1 0 0 0 0 0 0 0 0 
0 1 0 0 0 0 0 0 0 0 
0 0 0 1 0 0 0 0 0 0 
0 0 0 0 0 1 0 0 0 0 
0 1 0 0 0 0 0 0 0 0 
0 1 0 0 0 0 0 0 0 0 
0 1 0 0 0 0 0 0 0 0 

0
0 50
0 44
-1 1 1 0 0 0 0 0 0 -s+2*mm^2+2*m1^2 
0 0 1 0 0 0 0 0 0 0 
0 1 0 0 0 0 0 0 0 0 
0 0 0 0 1 0 0 0 0 0 
0 0 0 1 0 0 0 0 0 0 
0 0 0 0 0 1 0 0 0 0 
0 0 0 1 1 0 -1 0 0 -s+2*m1^2 
0 1 1 0 0 0 0 -1 0 2*m1^2+2*t 
0 0 0 1 1 0 0 0 -1 -s+2*mm^2+2*m1^2 

1
0 51
0 45
1 0 0 0 0 0 0 0 0 0 
0 0 1 0 0 0 0 0 0 0 
0 1 0 0 0 0 0 0 0 0 
0 1 0 0 0 0 0 0 0 0 
0 0 0 1 0 0 0 0 0 0 
0 0 0 0 0 1 0 0 0 0 
0 1 0 0 0 0 0 0 0 0 
0 1 0 0 0 0 0 0 0 0 
0 1 0 0 0 0 0 0 0 0 

0
0 52
0 42
1 1 -1 0 0 0 0 0 0 s 
0 2 -1 0 0 0 0 0 0 2*s 
0 1 0 0 0 0 0 0 0 0 
0 0 0 2 -1 0 0 0 0 2*s 
0 0 0 1 0 0 0 0 0 0 
0 0 0 0 0 1 0 0 0 0 
0 0 0 1 -1 0 1 0 0 s 
0 1 -1 0 0 0 0 1 0 2*s 
0 0 0 1 -1 0 0 0 1 s 

1
0 53
0 43
1 0 0 0 0 0 0 0 0 0 
0 0 1 0 0 0 0 0 0 0 
0 1 0 0 0 0 0 0 0 0 
0 0 1 0 0 0 0 0 0 0 
0 0 0 1 0 0 0 0 0 0 
0 0 0 0 0 1 0 0 0 0 
0 0 1 0 0 0 0 0 0 0 
0 0 1 0 0 0 0 0 0 0 
0 0 1 0 0 0 0 0 0 0 

0
0 54
0 46
-1 1 1 0 0 0 0 0 0 -s+2*mm^2+2*m1^2 
0 0 1 0 0 0 0 0 0 0 
0 1 0 0 0 0 0 0 0 0 
0 0 0 0 1 0 0 0 0 0 
0 0 0 1 0 0 0 0 0 0 
0 0 0 0 0 1 0 0 0 0 
0 0 0 1 1 0 -1 0 0 -s+2*m1^2 
0 1 1 0 0 0 0 -1 0 2*m1^2+2*t 
0 0 0 1 1 0 0 0 -1 -s+2*mm^2+2*m1^2 

1
0 55
0 47
1 0 0 0 0 0 0 0 0 0 
0 0 1 0 0 0 0 0 0 0 
0 1 0 0 0 0 0 0 0 0 
0 0 0 0 1 0 0 0 0 0 
0 0 0 1 0 0 0 0 0 0 
0 0 0 0 0 1 0 0 0 0 
0 0 0 0 1 0 0 0 0 0 
0 0 0 0 1 0 0 0 0 0 
0 0 0 0 1 0 0 0 0 0 

0
0 58
0 46
0 0 0 0 0 0 0 0 1 0 
0 0 0 1 0 0 0 0 0 0 
0 0 0 0 1 0 0 0 0 0 
0 1 0 0 0 0 0 0 0 0 
0 0 1 0 0 0 0 0 0 0 
0 0 0 0 0 1 0 0 0 0 
1 1 0 0 0 0 0 -1 0 -mm^2+m1^2+t 
0 0 0 1 0 0 -1 0 1 -mm^2+m1^2+t 
1 0 0 0 0 0 0 0 0 0 

0
0 60
0 46
0 0 0 1 1 0 0 0 -1 -s+2*mm^2+2*m1^2 
0 0 0 0 1 0 0 0 0 0 
0 0 0 1 0 0 0 0 0 0 
0 0 1 0 0 0 0 0 0 0 
0 1 0 0 0 0 0 0 0 0 
0 0 0 0 0 1 0 0 0 0 
-1 0 1 0 0 0 0 1 0 -s+mm^2+m1^2-t 
0 0 0 0 1 0 1 0 -1 mm^2+m1^2+t 
-1 1 1 0 0 0 0 0 0 -s+2*mm^2+2*m1^2 

1
0 61
0 59
1 0 0 0 0 0 0 0 0 0 
0 0 1 0 0 0 0 0 0 0 
0 1 0 0 0 0 0 0 0 0 
0 0 0 0 1 0 0 0 0 0 
0 0 0 1 0 0 0 0 0 0 
0 0 0 0 0 1 0 0 0 0 
0 0 1 0 0 0 0 0 0 0 
0 0 1 0 0 0 0 0 0 0 
0 0 1 0 0 0 0 0 0 0 

