C5[0,0,0,0,0,0,0,0,0]*(-a7+d-a5-a2-a3-2*a0)
C5[-1,0,1,0,0,0,0,0,0]*(-a2)
C5[0,-1,1,0,0,0,0,0,0]*(a2)
C5[-1,0,0,0,0,0,0,1,0]*(-a7)
C5[0,0,1,0,0,0,0,0,0]*(-m1^2*a2)
C5[-1,0,0,1,0,0,0,0,0]*(-a3)
C5[0,0,0,0,0,1,0,0,0]*(s*a5+m2^2*a5-m1^2*a5)
C5[0,0,0,1,0,0,0,0,0]*(-m1^2*a3)
C5[-1,0,0,0,0,1,0,0,0]*(-a5)
C5[0,-1,0,0,0,1,0,0,0]*(-a5)
C5[0,0,0,0,-1,1,0,0,0]*(a5)
C5[0,0,0,0,0,1,-1,0,0]*(a5)

C5[0,0,0,0,0,0,0,0,0]*(-a4-2*a1+d-a8-a2-a6)
C5[-1,0,1,0,0,0,0,0,0]*(a2)
C5[0,-1,1,0,0,0,0,0,0]*(-a2)
C5[0,-1,0,0,0,0,0,0,1]*(-a8)
C5[0,0,1,0,0,0,0,0,0]*(-m1^2*a2)
C5[0,-1,0,0,1,0,0,0,0]*(-a4)
C5[0,-1,0,0,0,0,1,0,0]*(-a6)
C5[0,0,0,0,1,0,0,0,0]*(-m2^2*a4)
C5[-1,0,0,0,0,1,0,0,0]*(a5)
C5[0,-1,0,0,0,1,0,0,0]*(a5)
C5[0,0,-1,0,0,1,0,0,0]*(-a5)
C5[0,0,0,0,-1,1,0,0,0]*(-a5)
C5[0,0,0,0,0,1,-1,0,0]*(-a5)
C5[0,0,0,0,0,1,0,0,0]*(-m2^2*a5-m1^2*a5)

C5[0,0,0,0,0,0,0,0,0]*(-a7+a0)
C5[1,0,0,0,0,0,0,-1,0]*(-a0)
C5[-1,0,1,0,0,0,0,0,0]*(a2)
C5[0,-1,1,0,0,0,0,0,0]*(a2)
C5[0,0,1,0,0,0,0,-1,0]*(-a2)
C5[0,0,1,0,0,0,0,0,-1]*(-a2)
C5[-1,0,0,1,0,0,0,0,0]*(a3)
C5[0,0,0,1,0,0,0,-1,0]*(-a3)
C5[0,0,0,1,0,0,0,0,0]*(-t*a3)
C5[-1,0,0,0,0,1,0,0,0]*(a5)
C5[0,-1,0,0,0,1,0,0,0]*(a5)
C5[0,0,0,0,0,1,0,-1,0]*(-a5)
C5[0,0,0,0,0,1,0,0,-1]*(-a5)
C5[0,0,0,0,0,1,0,0,0]*(s*a5)
C5[-1,0,0,0,0,0,0,1,0]*(a7)

C5[0,0,0,0,0,0,0,0,0]*(a1-a8)
C5[0,1,0,0,0,0,0,0,-1]*(-a1)
C5[-1,0,1,0,0,0,0,0,0]*(a2)
C5[0,-1,1,0,0,0,0,0,0]*(a2)
C5[0,0,1,0,0,0,0,-1,0]*(-a2)
C5[0,0,1,0,0,0,0,0,-1]*(-a2)
C5[0,-1,0,0,1,0,0,0,0]*(a4)
C5[0,0,0,0,1,0,0,0,-1]*(-a4)
C5[0,0,0,0,1,0,0,0,0]*(s*a4+a4*t)
C5[-1,0,0,0,0,1,0,0,0]*(a5)
C5[0,-1,0,0,0,1,0,0,0]*(a5)
C5[0,0,0,0,0,1,0,-1,0]*(-a5)
C5[0,0,0,0,0,1,0,0,-1]*(-a5)
C5[0,0,0,0,0,1,0,0,0]*(s*a5)
C5[0,-1,0,0,0,0,1,0,0]*(a6)
C5[0,0,0,0,0,0,1,0,-1]*(-a6)
C5[0,0,0,0,0,0,1,0,0]*(-t*a6)
C5[0,-1,0,0,0,0,0,0,1]*(a8)

C5[0,0,0,0,0,0,0,0,0]*(a3-a0)
C5[1,0,0,-1,0,0,0,0,0]*(a0)
C5[1,0,0,0,0,0,0,0,0]*(m1^2*a0)
C5[-1,0,1,0,0,0,0,0,0]*(-a2)
C5[0,-1,1,0,0,0,0,0,0]*(-a2)
C5[0,0,1,-1,0,0,0,0,0]*(a2)
C5[0,0,1,0,0,0,-1,0,0]*(a2)
C5[0,0,1,0,0,0,0,0,0]*(m1^2*a2)
C5[-1,0,0,1,0,0,0,0,0]*(-a3)
C5[0,0,0,0,0,0,0,1,0]*(a7*t+a7*m1^2)
C5[0,0,0,1,0,0,0,0,0]*(m1^2*a3)
C5[-1,0,0,0,0,1,0,0,0]*(-a5)
C5[0,-1,0,0,0,1,0,0,0]*(-a5)
C5[0,0,0,-1,0,1,0,0,0]*(a5)
C5[0,0,0,0,0,1,-1,0,0]*(a5)
C5[0,0,0,0,0,1,0,0,0]*(s*a5+m1^2*a5)
C5[-1,0,0,0,0,0,0,1,0]*(-a7)
C5[0,0,0,-1,0,0,0,1,0]*(a7)

C5[0,0,0,0,0,0,0,0,0]*(-a1+a6)
C5[0,1,0,0,0,0,-1,0,0]*(a1)
C5[-1,0,1,0,0,0,0,0,0]*(-a2)
C5[0,-1,1,0,0,0,0,0,0]*(-a2)
C5[0,0,1,-1,0,0,0,0,0]*(a2)
C5[0,0,1,0,0,0,-1,0,0]*(a2)
C5[0,0,1,0,0,0,0,0,0]*(m1^2*a2)
C5[0,-1,0,0,1,0,0,0,0]*(-a4)
C5[0,0,0,0,1,0,-1,0,0]*(a4)
C5[0,0,0,0,1,0,0,0,0]*(s*a4)
C5[-1,0,0,0,0,1,0,0,0]*(-a5)
C5[0,-1,0,0,0,1,0,0,0]*(-a5)
C5[0,0,0,-1,0,1,0,0,0]*(a5)
C5[0,0,0,0,0,1,-1,0,0]*(a5)
C5[0,0,0,0,0,1,0,0,0]*(s*a5+m1^2*a5)
C5[0,-1,0,0,0,0,1,0,0]*(-a6)
C5[0,0,0,0,0,0,0,0,1]*(a8*t)
C5[0,-1,0,0,0,0,0,0,1]*(-a8)
C5[0,0,0,0,0,0,-1,0,1]*(a8)

C5[0,0,0,0,0,0,0,0,0]*(-a2+a0)
C5[1,-1,0,0,0,0,0,0,0]*(a0)
C5[1,0,-1,0,0,0,0,0,0]*(-a0)
C5[1,0,0,0,0,0,0,0,0]*(-m1^2*a0)
C5[-1,0,1,0,0,0,0,0,0]*(a2)
C5[0,-1,1,0,0,0,0,0,0]*(-a2)
C5[0,0,0,0,0,0,0,1,0]*(-a7*m1^2)
C5[0,0,1,0,0,0,0,0,0]*(-m1^2*a2)
C5[-1,0,0,1,0,0,0,0,0]*(a3)
C5[0,-1,0,1,0,0,0,0,0]*(2*a3)
C5[0,0,-1,1,0,0,0,0,0]*(-a3)
C5[0,0,0,1,0,0,-1,0,0]*(-a3)
C5[0,0,0,1,0,0,0,0,0]*(-m1^2*a3)
C5[-1,0,0,0,0,1,0,0,0]*(a5)
C5[0,-1,0,0,0,1,0,0,0]*(a5)
C5[0,0,-1,0,0,1,0,0,0]*(-a5)
C5[0,0,0,0,-1,1,0,0,0]*(-a5)
C5[0,0,0,0,0,1,-1,0,0]*(-a5)
C5[0,0,0,0,0,1,0,0,0]*(-m2^2*a5-m1^2*a5)
C5[-1,0,0,0,0,0,0,1,0]*(a7)
C5[0,-1,0,0,0,0,0,1,0]*(2*a7)
C5[0,0,-1,0,0,0,0,1,0]*(-a7)
C5[0,0,0,0,0,0,0,1,-1]*(-a7)

C5[-1,1,0,0,0,0,0,0,0]*(a1)
C5[0,0,0,0,0,0,0,0,0]*(a4+a1-a5-a2)
C5[0,1,-1,0,0,0,0,0,0]*(-a1)
C5[0,1,0,0,0,0,0,0,0]*(-a1*m1^2)
C5[-1,0,1,0,0,0,0,0,0]*(-a2)
C5[0,-1,1,0,0,0,0,0,0]*(a2)
C5[0,0,0,0,0,0,0,0,1]*(-m1^2*a8)
C5[0,0,1,0,0,0,0,0,0]*(-m1^2*a2)
C5[0,-1,0,0,1,0,0,0,0]*(-a4)
C5[0,0,0,-1,1,0,0,0,0]*(a4)
C5[0,0,0,0,0,0,0,-1,1]*(-a8)
C5[0,0,0,0,1,-1,0,0,0]*(-a4)
C5[0,0,0,0,1,0,-1,0,0]*(a4)
C5[0,0,0,0,1,0,0,0,0]*(m2^2*a4+s*a4)
C5[-1,0,0,0,0,1,0,0,0]*(-a5)
C5[0,-1,0,0,0,1,0,0,0]*(-a5)
C5[0,0,0,0,-1,1,0,0,0]*(a5)
C5[0,0,-1,0,0,0,0,0,1]*(-a8)
C5[0,0,0,0,0,1,-1,0,0]*(a5)
C5[0,0,0,0,0,1,0,0,0]*(s*a5+m2^2*a5-m1^2*a5)
C5[-1,0,0,0,0,0,1,0,0]*(2*a6)
C5[0,-1,0,0,0,0,1,0,0]*(a6)
C5[0,0,-1,0,0,0,1,0,0]*(-a6)
C5[0,0,0,-1,0,0,1,0,0]*(-a6)
C5[0,0,0,0,0,0,1,0,0]*(-2*m1^2*a6)
C5[-1,0,0,0,0,0,0,0,1]*(2*a8)
C5[0,-1,0,0,0,0,0,0,1]*(a8)

C5[0,0,0,0,0,0,0,0,0]*(a4-3*a1+a8+a5-a2+a6)
C5[0,1,0,0,-1,0,0,0,0]*(a1)
C5[0,1,0,0,0,0,-1,0,0]*(a1)
C5[0,1,0,0,0,0,0,0,-1]*(a1)
C5[0,1,0,0,0,0,0,0,0]*(m2^2*a1)
C5[-1,0,1,0,0,0,0,0,0]*(-a2)
C5[0,-1,1,0,0,0,0,0,0]*(-a2)
C5[0,0,0,0,0,0,0,0,1]*(m2^2*a8-s*a8)
C5[0,0,1,0,0,-1,0,0,0]*(a2)
C5[0,0,1,0,0,0,0,-1,0]*(a2)
C5[0,0,1,0,0,0,0,0,-1]*(a2)
C5[0,0,1,0,0,0,0,0,0]*(-s*a2)
C5[0,-1,0,0,1,0,0,0,0]*(-3*a4)
C5[0,0,0,0,0,0,-1,0,1]*(a8)
C5[0,0,0,0,1,0,-1,0,0]*(a4)
C5[0,0,0,0,1,0,0,0,-1]*(a4)
C5[0,0,0,0,1,0,0,0,0]*(m2^2*a4-a4*t)
C5[-1,0,0,0,0,1,0,0,0]*(-a5)
C5[0,-1,0,0,0,1,0,0,0]*(-a5)
C5[0,0,-1,0,0,1,0,0,0]*(-a5)
C5[0,0,0,0,-1,0,0,0,1]*(a8)
C5[0,0,0,0,0,1,0,-1,0]*(a5)
C5[0,0,0,0,0,1,0,0,-1]*(a5)
C5[0,-1,0,0,0,0,1,0,0]*(-3*a6)
C5[0,0,0,0,-1,0,1,0,0]*(a6)
C5[0,-1,0,0,0,0,0,0,1]*(-3*a8)
C5[0,0,0,0,0,0,1,0,-1]*(a6)
C5[0,0,0,0,0,0,1,0,0]*(t*a6+s*a6+m2^2*a6)

C5[0,0,0,0,0,0,0,0,0]*(a7+a5-a2-a0)
C5[1,-1,0,0,0,0,0,0,0]*(2*a0)
C5[1,0,-1,0,0,0,0,0,0]*(-a0)
C5[1,0,0,0,-1,0,0,0,0]*(-a0)
C5[1,0,0,0,0,-1,0,0,0]*(a0)
C5[1,0,0,0,0,0,-1,0,0]*(-a0)
C5[1,0,0,0,0,0,0,-1,0]*(a0)
C5[1,0,0,0,0,0,0,0,0]*(-m2^2*a0-s*a0)
C5[-1,0,1,0,0,0,0,0,0]*(-a2)
C5[0,-1,1,0,0,0,0,0,0]*(-a2)
C5[0,0,0,0,0,0,0,1,0]*(-m2^2*a7-2*a7*s)
C5[0,0,1,0,0,-1,0,0,0]*(a2)
C5[0,0,1,0,0,0,0,-1,0]*(a2)
C5[0,0,1,0,0,0,0,0,-1]*(a2)
C5[0,0,1,0,0,0,0,0,0]*(-s*a2)
C5[-1,0,0,1,0,0,0,0,0]*(-a3)
C5[0,-1,0,1,0,0,0,0,0]*(2*a3)
C5[0,0,-1,1,0,0,0,0,0]*(-a3)
C5[0,0,0,1,-1,0,0,0,0]*(-a3)
C5[0,0,0,1,0,-1,0,0,0]*(a3)
C5[0,0,0,1,0,0,-1,0,0]*(-a3)
C5[0,0,0,1,0,0,0,-1,0]*(a3)
C5[0,0,0,1,0,0,0,0,0]*(t*a3-m2^2*a3)
C5[-1,0,0,0,0,1,0,0,0]*(-a5)
C5[0,-1,0,0,0,1,0,0,0]*(-a5)
C5[0,0,-1,0,0,1,0,0,0]*(-a5)
C5[0,0,0,0,0,0,-1,1,0]*(-a7)
C5[0,0,0,0,0,1,0,-1,0]*(a5)
C5[0,0,0,0,0,1,0,0,-1]*(a5)
C5[-1,0,0,0,0,0,0,1,0]*(-a7)
C5[0,-1,0,0,0,0,0,1,0]*(2*a7)
C5[0,0,-1,0,0,0,0,1,0]*(-a7)
C5[0,0,0,0,-1,0,0,1,0]*(-a7)
C5[0,0,0,0,0,-1,0,1,0]*(a7)

