0
0 24
0 20
1 1 1 -1 0 0 -1 0 0 0 
0 1 0 0 0 0 0 0 0 0 
0 4 2 -1 0 0 -2 0 0 0 
0 0 1 0 0 0 0 0 0 0 
0 0 0 0 1 0 0 0 0 0 
0 2 1 -1 1 1 -1 0 0 -s+m2^2 
0 0 0 0 0 0 1 0 0 0 
0 0 1 -1 0 0 -1 1 1 -t 
0 0 0 0 0 0 0 0 1 0 

0
0 26
0 22
1 1 1 -1 0 0 -1 0 0 0 
0 1 0 0 0 0 0 0 0 0 
0 4 2 -1 0 0 -2 0 0 0 
0 0 1 0 0 0 0 0 0 0 
0 0 0 0 1 0 0 0 0 0 
0 2 1 -1 1 1 -1 0 0 -s+m2^2 
0 0 0 0 0 0 1 0 0 0 
0 0 1 -1 0 0 -1 1 1 -t 
0 0 0 0 0 0 0 0 1 0 

0
0 40
0 12
1 1 1 -1 0 0 -1 0 0 0 
2 1 0 0 -1 2 -1 0 0 -s-m2^2+2*m1^2 
0 2 -1 1 -1 1 -1 0 0 s-m2^2 
0 0 1 0 0 0 0 0 0 0 
0 -2 2 2 0 0 1 0 0 -m2^2+4*m1^2 
0 0 0 1 0 0 0 0 0 0 
4 2 0 -2 -1 2 -2 0 0 -2*s-m2^2 
0 0 1 -1 0 0 -1 1 1 -t 
4 2 0 0 -1 2 -1 -2 -1 -m2^2+2*m1^2 

0
0 41
0 13
1 0 0 0 0 0 0 0 0 0 
2 1 0 0 -1 2 -1 0 0 -s-m2^2+2*m1^2 
0 0 0 0 0 1 0 0 0 0 
0 0 0 1 0 0 0 0 0 0 
0 -2 2 2 0 0 1 0 0 -m2^2+4*m1^2 
0 0 1 0 0 0 0 0 0 0 
4 2 0 -2 -1 2 -2 0 0 -2*s-m2^2 
0 0 0 0 0 0 0 1 0 0 
4 2 0 0 -1 2 -1 -2 -1 -m2^2+2*m1^2 

1
0 42
0 14
1 0 0 0 0 0 0 0 0 0 
0 1 0 0 0 0 0 0 0 0 
1 0 0 0 0 0 0 0 0 0 
0 0 1 0 0 0 0 0 0 0 
1 0 0 0 0 0 0 0 0 0 
0 0 0 1 0 0 0 0 0 0 
1 0 0 0 0 0 0 0 0 0 
1 0 0 0 0 0 0 0 0 0 
1 0 0 0 0 0 0 0 0 0 

0
0 48
0 20
-1 0 1 0 1 1 1 0 0 m2^2+2*m1^2 
0 1 0 0 0 0 0 0 0 0 
0 0 0 0 0 1 0 0 0 0 
0 2 1 -1 1 1 -1 0 0 -s+m2^2 
0 0 0 0 1 0 0 0 0 0 
0 0 1 0 0 0 0 0 0 0 
0 0 0 0 0 0 1 0 0 0 
0 2 1 0 1 1 1 -1 -2 s+m2^2+2*m1^2 
0 0 0 0 0 0 0 0 1 0 

1
0 49
0 21
1 0 0 0 0 0 0 0 0 0 
0 1 0 0 0 0 0 0 0 0 
0 1 0 0 0 0 0 0 0 0 
0 1 0 0 0 0 0 0 0 0 
0 0 0 0 1 0 0 0 0 0 
0 0 1 0 0 0 0 0 0 0 
0 1 0 0 0 0 0 0 0 0 
0 1 0 0 0 0 0 0 0 0 
0 1 0 0 0 0 0 0 0 0 

0
0 50
0 22
-1 0 1 0 1 1 1 0 0 m2^2+2*m1^2 
0 1 0 0 0 0 0 0 0 0 
0 0 0 0 0 1 0 0 0 0 
0 2 1 -1 1 1 -1 0 0 -s+m2^2 
0 0 0 0 1 0 0 0 0 0 
0 0 1 0 0 0 0 0 0 0 
0 0 0 0 0 0 1 0 0 0 
0 2 1 0 1 1 1 -1 -2 s+m2^2+2*m1^2 
0 0 0 0 0 0 0 0 1 0 

