0
0 7
0 7
0 1 0 0 0 0 0 0 0 0 
1 0 0 0 0 0 0 0 0 0 
0 0 1 0 0 0 0 0 0 0 
0 0 0 0 0 0 1 0 0 -m1^2 
2 2 -1 -1 -1 1 -1 0 0 -s-2*m2^2-m1^2 
0 0 0 0 0 1 0 0 0 0 
0 0 0 1 0 0 0 0 0 m1^2 
0 0 0 0 0 0 0 0 1 0 
0 0 0 0 0 0 0 1 0 0 

0
0 12
0 12
1 1 1 -1 0 0 -1 0 0 0 
0 3 0 0 0 0 -2 0 0 0 
0 0 0 1 0 0 0 0 0 0 
0 0 1 0 0 0 0 0 0 0 
0 4 0 0 -1 0 -2 0 0 2*s-2*m2^2 
0 2 -1 1 -1 1 -1 0 0 s-m2^2 
0 4 0 0 0 0 -3 0 0 0 
0 0 1 -1 0 0 -1 1 1 -t 
0 4 0 0 0 0 -2 0 -1 2*t 

0
0 14
0 14
-1 -1 1 1 0 0 1 0 0 2*m1^2 
0 1 0 0 0 0 0 0 0 0 
0 0 0 1 0 0 0 0 0 0 
0 0 1 0 0 0 0 0 0 0 
0 0 0 0 1 0 0 0 0 0 
0 -2 1 1 1 -1 1 0 0 s+m2^2 
0 0 0 0 0 0 1 0 0 0 
0 0 1 1 0 0 1 -1 -1 2*m1^2-t 
0 0 0 0 0 0 0 0 1 0 

0
0 28
0 28
-1 -1 1 1 0 0 1 0 0 2*m1^2 
0 1 0 0 0 0 0 0 0 0 
0 0 0 1 0 0 0 0 0 0 
0 0 1 0 0 0 0 0 0 0 
0 0 0 0 1 0 0 0 0 0 
0 -2 1 1 1 -1 1 0 0 s+m2^2 
0 0 0 0 0 0 1 0 0 0 
0 0 1 1 0 0 1 -1 -1 2*m1^2-t 
0 0 0 0 0 0 0 0 1 0 

0
0 30
0 30
-1 -1 1 1 0 0 1 0 0 2*m1^2 
0 1 0 0 0 0 0 0 0 0 
0 0 0 1 0 0 0 0 0 0 
0 0 1 0 0 0 0 0 0 0 
0 0 0 0 1 0 0 0 0 0 
0 -2 1 1 1 -1 1 0 0 s+m2^2 
0 0 0 0 0 0 1 0 0 0 
0 0 1 1 0 0 1 -1 -1 2*m1^2-t 
0 0 0 0 0 0 0 0 1 0 

0
0 35
0 35
0 1 0 0 0 0 0 0 0 0 
1 0 0 0 0 0 0 0 0 0 
0 0 1 0 0 0 0 0 0 0 
0 0 0 0 0 0 1 0 0 -m1^2 
2 2 -1 -1 -1 1 -1 0 0 -s-2*m2^2-m1^2 
0 0 0 0 0 1 0 0 0 0 
0 0 0 1 0 0 0 0 0 m1^2 
0 0 0 0 0 0 0 0 1 0 
0 0 0 0 0 0 0 1 0 0 

0
0 39
0 39
0 1 0 0 0 0 0 0 0 0 
1 0 0 0 0 0 0 0 0 0 
0 0 1 0 0 0 0 0 0 0 
0 0 0 0 0 0 1 0 0 -m1^2 
2 2 -1 -1 -1 1 -1 0 0 -s-2*m2^2-m1^2 
0 0 0 0 0 1 0 0 0 0 
0 0 0 1 0 0 0 0 0 m1^2 
0 0 0 0 0 0 0 0 1 0 
0 0 0 0 0 0 0 1 0 0 

0
0 44
0 44
1 0 0 0 0 0 0 0 0 0 
2 1 0 0 -1 2 -1 0 0 -s-m2^2+2*m1^2 
0 0 0 0 0 1 0 0 0 0 
0 0 0 1 0 0 0 0 0 0 
0 -2 2 2 0 0 1 0 0 -m2^2+4*m1^2 
0 0 1 0 0 0 0 0 0 0 
4 2 0 -2 -1 2 -2 0 0 -2*s-m2^2 
0 0 0 0 0 0 0 1 0 0 
4 2 0 0 -1 2 -1 -2 -1 -m2^2+2*m1^2 

0
0 45
0 45
1 0 0 0 0 0 0 0 0 0 
2 1 0 0 -1 2 -1 0 0 -s-m2^2+2*m1^2 
0 0 0 0 0 1 0 0 0 0 
0 0 0 1 0 0 0 0 0 0 
0 -2 2 2 0 0 1 0 0 -m2^2+4*m1^2 
0 0 1 0 0 0 0 0 0 0 
4 2 0 -2 -1 2 -2 0 0 -2*s-m2^2 
0 0 0 0 0 0 0 1 0 0 
4 2 0 0 -1 2 -1 -2 -1 -m2^2+2*m1^2 

1
0 46
0 46
1 0 0 0 0 0 0 0 0 0 
0 1 0 0 0 0 0 0 0 0 
0 0 0 0 0 1 0 0 0 0 
0 0 0 1 0 0 0 0 0 0 
1 0 0 0 0 0 0 0 0 0 
0 0 1 0 0 0 0 0 0 0 
1 0 0 0 0 0 0 0 0 0 
1 0 0 0 0 0 0 0 0 0 
1 0 0 0 0 0 0 0 0 0 

0
0 52
0 52
-1 0 1 0 1 1 1 0 0 m2^2+2*m1^2 
0 1 0 0 0 0 0 0 0 0 
0 0 0 0 0 1 0 0 0 0 
0 2 1 -1 1 1 -1 0 0 -s+m2^2 
0 0 0 0 1 0 0 0 0 0 
0 0 1 0 0 0 0 0 0 0 
0 0 0 0 0 0 1 0 0 0 
0 2 1 0 1 1 1 -1 -2 s+m2^2+2*m1^2 
0 0 0 0 0 0 0 0 1 0 

1
0 53
0 53
1 0 0 0 0 0 0 0 0 0 
0 1 0 0 0 0 0 0 0 0 
0 0 0 0 0 1 0 0 0 0 
0 1 0 0 0 0 0 0 0 0 
0 0 0 0 1 0 0 0 0 0 
0 0 1 0 0 0 0 0 0 0 
0 1 0 0 0 0 0 0 0 0 
0 1 0 0 0 0 0 0 0 0 
0 1 0 0 0 0 0 0 0 0 

0
0 54
0 54
-1 0 1 0 1 1 1 0 0 m2^2+2*m1^2 
0 1 0 0 0 0 0 0 0 0 
0 0 0 0 0 1 0 0 0 0 
0 2 1 -1 1 1 -1 0 0 -s+m2^2 
0 0 0 0 1 0 0 0 0 0 
0 0 1 0 0 0 0 0 0 0 
0 0 0 0 0 0 1 0 0 0 
0 2 1 0 1 1 1 -1 -2 s+m2^2+2*m1^2 
0 0 0 0 0 0 0 0 1 0 

0
0 56
0 56
-1 -1 0 1 0 1 1 0 0 s+2*m1^2 
0 1 0 0 0 0 0 0 0 0 
0 2 -1 1 -1 1 -1 0 0 s-m2^2 
0 0 0 0 0 1 0 0 0 0 
0 0 0 0 1 0 0 0 0 0 
0 0 0 1 0 0 0 0 0 0 
0 0 0 0 0 0 1 0 0 0 
0 0 0 1 0 1 1 -1 -1 2*s+2*m1^2-t 
0 0 0 0 0 0 0 0 1 0 

0
0 58
0 58
-1 -1 0 1 0 1 1 0 0 s+2*m1^2 
0 1 0 0 0 0 0 0 0 0 
0 2 -1 1 -1 1 -1 0 0 s-m2^2 
0 0 0 0 0 1 0 0 0 0 
0 0 0 0 1 0 0 0 0 0 
0 0 0 1 0 0 0 0 0 0 
0 0 0 0 0 0 1 0 0 0 
0 0 0 1 0 1 1 -1 -1 2*s+2*m1^2-t 
0 0 0 0 0 0 0 0 1 0 

