B53[-1, 0, 1, 1, 1, 1, 0]
B53[-1, 1, 1, 0, 1, 1, 0]
B53[-1, 1, 1, 1, 1, 0, 0]
B53[-1, 1, 1, 1, 1, 1, 0]
B53[0, 0, 0, 1, 1, 1, 0]
B53[0, 0, 1, 1, 0, 1, 0]
B53[0, 0, 1, 1, 1, 1, -1]
B53[0, 0, 1, 1, 1, 1, 0]
B53[0, 1, 0, 0, 1, 1, 0]
B53[0, 1, 1, 0, 0, 1, 0]
B53[0, 1, 1, 0, 1, 1, -1]
B53[0, 1, 1, 0, 1, 1, 0]
B53[0, 1, 1, 1, 0, 0, 0]
B53[0, 1, 1, 1, 0, 1, 0]
B53[0, 1, 1, 1, 1, 0, 0]
B53[0, 1, 1, 1, 1, 1, -1]
B53[0, 1, 1, 1, 1, 1, 0]
B53[1, 0, -1, 1, 1, 1, 0]
B53[1, 0, 0, 1, 0, 1, 0]
B53[1, 0, 0, 1, 1, 1, -1]
B53[1, 0, 0, 1, 1, 1, 0]
B53[1, 1, -1, 0, 1, 1, 0]
B53[1, 1, -1, 1, 1, 0, 0]
B53[1, 1, -1, 1, 1, 1, 0]
B53[1, 1, 0, 0, 0, 1, 0]
B53[1, 1, 0, 0, 1, 1, -1]
B53[1, 1, 0, 0, 1, 1, 0]
B53[1, 1, 0, 1, 0, 0, 0]
B53[1, 1, 0, 1, 0, 1, 0]
B53[1, 1, 0, 1, 1, 0, 0]
B53[1, 1, 0, 1, 1, 1, -1]
B53[1, 1, 0, 1, 1, 1, 0]
B53[-1, 0, 1, 1, 1, 1, 0]
B53[-1, 1, 1, 0, 1, 1, 0]
B53[-1, 1, 1, 1, 1, 0, 0]
B53[-1, 1, 1, 1, 1, 1, 0]
B53[0, 0, 0, 1, 1, 1, 0]
B53[0, 0, 1, 1, 0, 1, 0]
B53[0, 0, 1, 1, 1, 1, -1]
B53[0, 0, 1, 1, 1, 1, 0]
B53[0, 1, 0, 0, 1, 1, 0]
B53[0, 1, 1, 0, 0, 1, 0]
B53[0, 1, 1, 0, 1, 1, -1]
B53[0, 1, 1, 0, 1, 1, 0]
B53[0, 1, 1, 1, 0, 0, 0]
B53[0, 1, 1, 1, 0, 1, 0]
B53[0, 1, 1, 1, 1, 0, 0]
B53[0, 1, 1, 1, 1, 1, -1]
B53[0, 1, 1, 1, 1, 1, 0]
B53[1, 0, -1, 1, 1, 1, 0]
B53[1, 0, 0, 1, 0, 1, 0]
B53[1, 0, 0, 1, 1, 1, -1]
B53[1, 0, 0, 1, 1, 1, 0]
B53[1, 1, -1, 0, 1, 1, 0]
B53[1, 1, -1, 1, 1, 0, 0]
B53[1, 1, -1, 1, 1, 1, 0]
B53[1, 1, 0, 0, 0, 1, 0]
B53[1, 1, 0, 0, 1, 1, -1]
B53[1, 1, 0, 0, 1, 1, 0]
B53[1, 1, 0, 1, 0, 0, 0]
B53[1, 1, 0, 1, 0, 1, 0]
B53[1, 1, 0, 1, 1, 0, 0]
B53[1, 1, 0, 1, 1, 1, -1]
B53[1, 1, 0, 1, 1, 1, 0]
B53[0, 1, 0, 1, 1, 1, 0]
B53[0, -1, 1, 1, 0, 2, 0]
B53[0, 0, 1, 0, 0, 2, 0]
B53[0, 0, 1, 1, 0, 1, 0]
B53[0, 0, 1, 1, 0, 2, 0]
B53[0, 1, 1, -1, 0, 2, 0]
B53[0, 1, 1, 0, 0, 1, 0]
B53[0, 1, 1, 0, 0, 2, 0]
B53[0, 0, 1, 1, 0, 1, 0]
B53[0, 1, 1, 0, 0, 1, 0]
B53[0, 1, 1, 1, 0, 0, 0]
B53[0, 1, 1, 1, 0, 1, 0]
B53[1, 0, 0, 1, 0, 1, 0]
B53[1, 1, 0, 0, 0, 1, 0]
B53[1, 1, 0, 1, 0, 0, 0]
B53[1, 1, 0, 1, 0, 1, 0]
B53[0, 0, 1, 1, 0, 1, 0]
B53[0, 1, 1, 0, 0, 1, 0]
B53[0, 1, 1, 1, 0, 0, 0]
B53[0, 1, 1, 1, 0, 1, 0]
B53[1, 0, 0, 1, 0, 1, 0]
B53[1, 1, 0, 0, 0, 1, 0]
B53[1, 1, 0, 1, 0, 0, 0]
B53[1, 1, 0, 1, 0, 1, 0]