0
5 2
1 1
2 -1 0 0 2*m1^2 
1 0 0 0 0 
1 -1 1 0 s 
1 0 1 -1 m1^2+t+mm^2 

0
5 3
1 3
0 1 0 0 0 
1 0 0 0 0 
1 1 -1 0 s 
1 0 -1 1 m1^2-t+mm^2 

0
5 4
1 1
2 0 -1 0 2*m1^2 
1 1 -1 0 s 
1 0 0 0 0 
1 1 0 -1 m1^2+t+mm^2 

1
5 5
1 3
0 1 0 0 0 
0 0 1 0 0 
1 0 0 0 0 
0 0 1 0 0 

0
5 6
3 10
0 0 1 0 0 
0 1 0 0 0 
0 0 0 1 0 
-1 1 0 1 -s+2*m1^2+2*mm^2 

0
5 7
3 14
0 0 1 0 0 
0 1 0 0 0 
0 0 0 1 0 
-1 1 0 1 -s+2*m1^2+2*mm^2 

1
5 10
2 3
0 0 1 0 0 
1 0 0 0 0 
0 0 1 0 0 
0 1 0 0 0 

0
5 12
2 3
1 0 1 -1 m1^2-t+mm^2 
1 1 0 -1 s 
1 0 0 0 0 
0 1 0 0 0 

1
5 13
5 11
1 0 0 0 0 
0 0 1 0 0 
0 1 0 0 0 
0 0 0 1 0 

0
5 14
3 11
0 1 -1 1 -s+2*m1^2 
0 0 0 1 0 
0 1 0 0 0 
1 0 0 0 0 

