D6[0, 0, 1, 0, 1, 1, 0, 0, 0]
D6[0, 0, 1, 1, 1, 0, 0, 0, 0]
D6[0, 1, 1, -1, 1, 1, 0, 0, 0]
D6[0, 1, 1, 0, 1, 0, 0, 0, 0]
D6[0, 1, 1, 0, 1, 1, 0, 0, -1]
D6[0, 1, 1, 0, 1, 1, 0, 0, 0]
D6[0, 1, 1, 1, 1, -1, 0, 0, 0]
D6[0, 1, 1, 1, 1, 0, 0, 0, -1]
D6[0, 1, 1, 1, 1, 0, 0, 0, 0]
D6[1, 0, 0, 0, 1, 1, 0, 0, 0]
D6[1, 0, 0, 1, 1, 0, 0, 0, 0]
D6[1, 0, 1, -1, 1, 1, 0, 0, 0]
D6[1, 0, 1, 0, 0, 1, 0, 0, 0]
D6[1, 0, 1, 0, 1, 0, 0, 0, 0]
D6[1, 0, 1, 0, 1, 1, -1, 0, 0]
D6[1, 0, 1, 0, 1, 1, 0, -1, 0]
D6[1, 0, 1, 0, 1, 1, 0, 0, 0]
D6[1, 0, 1, 1, 0, 0, 0, 0, 0]
D6[1, 0, 1, 1, 1, 0, -1, 0, 0]
D6[1, 0, 1, 1, 1, 0, 0, -1, 0]
D6[1, 0, 1, 1, 1, 0, 0, 0, 0]
D6[1, 1, 0, -1, 1, 1, 0, 0, 0]
D6[1, 1, 0, 0, 1, 0, 0, 0, 0]
D6[1, 1, 0, 0, 1, 1, 0, 0, -1]
D6[1, 1, 0, 0, 1, 1, 0, 0, 0]
D6[1, 1, 0, 1, 1, -1, 0, 0, 0]
D6[1, 1, 0, 1, 1, 0, 0, 0, -1]
D6[1, 1, 0, 1, 1, 0, 0, 0, 0]
D6[1, 1, 1, -2, 1, 1, 0, 0, 0]
D6[1, 1, 1, -1, 0, 1, 0, 0, 0]
D6[1, 1, 1, -1, 1, 0, 0, 0, 0]
D6[1, 1, 1, -1, 1, 1, -1, 0, 0]
D6[1, 1, 1, -1, 1, 1, 0, -1, 0]
D6[1, 1, 1, -1, 1, 1, 0, 0, -1]
D6[1, 1, 1, -1, 1, 1, 0, 0, 0]
D6[1, 1, 1, 0, 0, 0, 0, 0, 0]
D6[1, 1, 1, 0, 0, 1, 0, 0, -1]
D6[1, 1, 1, 0, 0, 1, 0, 0, 0]
D6[1, 1, 1, 0, 1, -1, 0, 0, 0]
D6[1, 1, 1, 0, 1, 0, -1, 0, 0]
D6[1, 1, 1, 0, 1, 0, 0, -1, 0]
D6[1, 1, 1, 0, 1, 0, 0, 0, -1]
D6[1, 1, 1, 0, 1, 0, 0, 0, 0]
D6[1, 1, 1, 0, 1, 1, -1, 0, -1]
D6[1, 1, 1, 0, 1, 1, -1, 0, 0]
D6[1, 1, 1, 0, 1, 1, 0, -1, -1]
D6[1, 1, 1, 0, 1, 1, 0, -1, 0]
D6[1, 1, 1, 0, 1, 1, 0, 0, -1]
D6[1, 1, 1, 0, 1, 1, 0, 0, 0]
D6[1, 1, 1, 1, 0, -1, 0, 0, 0]
D6[1, 1, 1, 1, 0, 0, 0, 0, -1]
D6[1, 1, 1, 1, 0, 0, 0, 0, 0]
D6[1, 1, 1, 1, 1, -1, -1, 0, 0]
D6[1, 1, 1, 1, 1, -1, 0, 0, 0]
D6[1, 1, 1, 1, 1, 0, -1, 0, -1]
D6[1, 1, 1, 1, 1, 0, -1, 0, 0]
D6[1, 1, 1, 1, 1, 0, 0, -1, -1]
D6[1, 1, 1, 1, 1, 0, 0, -1, 0]
D6[1, 1, 1, 1, 1, 0, 0, 0, -1]
D6[1, 1, 1, 1, 1, 0, 0, 0, 0]
D6[-1, 1, 1, 0, 1, 1, 0, 0, 0]
D6[-1, 1, 1, 1, 1, 0, 0, 0, 0]
D6[0, 1, 0, 0, 1, 1, 0, 0, 0]
D6[0, 1, 0, 1, 1, 0, 0, 0, 0]
D6[0, 1, 1, 0, 0, 1, 0, 0, 0]
D6[0, 1, 1, 0, 1, 1, -1, 0, 0]
D6[0, 1, 1, 0, 1, 1, 0, -1, 0]
D6[0, 1, 1, 1, 0, 0, 0, 0, 0]
D6[0, 1, 1, 1, 1, 0, -1, 0, 0]
D6[0, 1, 1, 1, 1, 0, 0, -1, 0]
D6[1, 1, 0, 0, 0, 1, 0, 0, 0]
D6[1, 1, 0, 1, 0, 0, 0, 0, 0]
D6[1, 1, 1, 0, 0, 1, -1, 0, 0]
D6[1, 1, 1, 0, 0, 1, 0, -1, 0]
D6[1, 1, 1, 1, 0, 0, -1, 0, 0]
D6[1, 1, 1, 1, 0, 0, 0, -1, 0]