D65[-1, 1, 1, 1, 1, 1, 0]
D65[0, 0, 1, 1, 1, 1, 0]
D65[0, 1, 0, 1, 1, 1, 0]
D65[0, 1, 1, 0, 1, 1, 0]
D65[0, 1, 1, 1, 1, 0, 0]
D65[0, 1, 1, 1, 1, 1, -1]
D65[0, 1, 1, 1, 1, 1, 0]
D65[1, 0, 0, 1, 1, 1, 0]
D65[1, 0, 1, 0, 1, 1, 0]
D65[1, 0, 1, 1, 1, 1, 0]
D65[1, 1, -1, 1, 1, 1, 0]
D65[1, 1, 0, 1, 1, 1, -1]
D65[1, 1, 0, 1, 1, 1, 0]
D65[1, 1, 1, -1, 1, 1, 0]
D65[1, 1, 1, 0, 0, 1, 0]
D65[1, 1, 1, 0, 1, 0, 0]
D65[1, 1, 1, 0, 1, 1, -1]
D65[1, 1, 1, 0, 1, 1, 0]
D65[1, 1, 1, 1, 0, 1, 0]
D65[1, 1, 1, 1, 1, 0, 0]
D65[1, 1, 1, 1, 1, 1, -1]
D65[1, 1, 1, 1, 1, 1, 0]
D65[-1, 0, 1, 1, 1, 1, 0]
D65[-1, 1, 0, 1, 1, 1, 0]
D65[-1, 1, 1, 1, 0, 1, 0]
D65[-1, 1, 1, 1, 1, 0, 0]
D65[0, 0, 0, 1, 1, 1, 0]
D65[0, 0, 1, 0, 1, 1, 0]
D65[0, 1, -1, 1, 1, 1, 0]
D65[0, 1, 0, 0, 1, 1, 0]
D65[0, 1, 0, 1, 0, 1, 0]
D65[0, 1, 0, 1, 1, 0, 0]
D65[0, 1, 0, 1, 1, 1, -1]
D65[0, 1, 1, 0, 1, 0, 0]
D65[0, 1, 1, 0, 1, 1, -1]
D65[0, 1, 1, 1, 0, 1, 0]
D65[1, 0, -1, 1, 1, 1, 0]
D65[1, 0, 0, 0, 1, 1, 0]
D65[1, 0, 1, -1, 1, 1, 0]
D65[1, 1, -2, 1, 1, 1, 0]
D65[1, 1, -1, 0, 1, 1, 0]
D65[1, 1, -1, 1, 0, 1, 0]
D65[1, 1, -1, 1, 1, 0, 0]
D65[1, 1, -1, 1, 1, 1, -1]
D65[1, 1, 0, -1, 1, 1, 0]
D65[1, 1, 0, 0, 0, 1, 0]
D65[1, 1, 0, 0, 1, 0, 0]
D65[1, 1, 0, 0, 1, 1, -1]
D65[1, 1, 0, 0, 1, 1, 0]
D65[1, 1, 0, 1, 0, 1, 0]
D65[1, 1, 0, 1, 1, 0, 0]
D65[1, 1, 1, -1, 1, 0, 0]
D65[0, 1, 1, 0, 0, 1, 0]
D65[1, 1, 1, -1, 0, 1, 0]