0
7 14
7 14
-1 1 1 0 0 0 0 0 0 -s-2*m1^2+2*mm^2 
0 0 1 0 0 0 0 0 0 0 
0 1 0 0 0 0 0 0 0 0 
0 0 0 1 0 0 0 0 0 0 
0 0 0 0 1 0 0 0 0 0 
0 1 1 1 1 -1 0 0 0 -s 
0 0 0 0 0 0 1 0 0 0 
0 1 1 0 0 0 0 -1 0 2*t 
0 0 0 0 0 0 0 0 1 0 

1
7 15
7 15
1 0 0 0 0 0 0 0 0 0 
0 0 1 0 0 0 0 0 0 0 
0 1 0 0 0 0 0 0 0 0 
0 0 0 1 0 0 0 0 0 0 
0 0 0 0 1 0 0 0 0 0 
0 0 0 0 1 0 0 0 0 0 
0 0 0 0 1 0 0 0 0 0 
0 0 0 0 1 0 0 0 0 0 
0 0 0 0 1 0 0 0 0 0 

0
7 25
7 25
1 0 0 0 0 0 0 0 0 0 
0 1 0 0 0 0 0 0 0 0 
0 0 1 0 0 0 0 0 0 0 
0 0 0 0 1 0 0 0 0 0 
0 0 0 1 0 0 0 0 0 0 
0 1 1 1 1 -1 0 0 0 -s 
0 0 0 1 1 0 -1 0 0 2*m2^2-s 
0 0 0 0 0 0 0 1 0 0 
0 0 0 1 1 0 0 0 -1 2*m2^2-s+2*mm^2 

0
7 27
7 27
1 0 0 0 0 0 0 0 0 0 
0 1 0 0 0 0 0 0 0 0 
0 0 1 0 0 0 0 0 0 0 
0 0 0 0 1 0 0 0 0 0 
0 0 0 1 0 0 0 0 0 0 
0 1 1 1 1 -1 0 0 0 -s 
0 0 0 1 1 0 -1 0 0 2*m2^2-s 
0 0 0 0 0 0 0 1 0 0 
0 0 0 1 1 0 0 0 -1 2*m2^2-s+2*mm^2 

0
7 30
7 30
-1 1 1 0 0 0 0 0 0 -s-2*m1^2+2*mm^2 
0 0 1 0 0 0 0 0 0 0 
0 1 0 0 0 0 0 0 0 0 
0 0 0 1 0 0 0 0 0 0 
0 0 0 0 1 0 0 0 0 0 
0 1 1 1 1 -1 0 0 0 -s 
0 0 0 0 0 0 1 0 0 0 
0 1 1 0 0 0 0 -1 0 2*t 
0 0 0 0 0 0 0 0 1 0 

0
7 30
7 30
-1 1 1 0 0 0 0 0 0 -s-2*m1^2+2*mm^2 
0 0 1 0 0 0 0 0 0 0 
0 1 0 0 0 0 0 0 0 0 
0 0 0 0 1 0 0 0 0 0 
0 0 0 1 0 0 0 0 0 0 
0 0 0 0 0 1 0 0 0 0 
0 0 0 1 1 0 -1 0 0 2*m2^2-s 
0 1 1 0 0 0 0 -1 0 2*t 
0 0 0 1 1 0 0 0 -1 2*m2^2-s+2*mm^2 

0
7 30
7 30
1 0 0 0 0 0 0 0 0 0 
0 1 0 0 0 0 0 0 0 0 
0 0 1 0 0 0 0 0 0 0 
0 0 0 0 1 0 0 0 0 0 
0 0 0 1 0 0 0 0 0 0 
0 1 1 1 1 -1 0 0 0 -s 
0 0 0 1 1 0 -1 0 0 2*m2^2-s 
0 0 0 0 0 0 0 1 0 0 
0 0 0 1 1 0 0 0 -1 2*m2^2-s+2*mm^2 

0
7 31
7 31
1 0 0 0 0 0 0 0 0 0 
0 1 0 0 0 0 0 0 0 0 
0 0 1 0 0 0 0 0 0 0 
0 0 0 0 1 0 0 0 0 0 
0 0 0 1 0 0 0 0 0 0 
0 1 1 1 1 -1 0 0 0 -s 
0 0 0 1 1 0 -1 0 0 2*m2^2-s 
0 0 0 0 0 0 0 1 0 0 
0 0 0 1 1 0 0 0 -1 2*m2^2-s+2*mm^2 

1
7 31
7 31
1 0 0 0 0 0 0 0 0 0 
0 0 1 0 0 0 0 0 0 0 
0 1 0 0 0 0 0 0 0 0 
0 0 0 1 0 0 0 0 0 0 
0 0 0 0 1 0 0 0 0 0 
0 0 0 0 0 1 0 0 0 0 
0 0 0 0 0 1 0 0 0 0 
0 0 0 0 0 1 0 0 0 0 
0 0 0 0 0 1 0 0 0 0 

1
7 31
7 31
1 0 0 0 0 0 0 0 0 0 
0 0 1 0 0 0 0 0 0 0 
0 1 0 0 0 0 0 0 0 0 
0 0 0 0 1 0 0 0 0 0 
0 0 0 1 0 0 0 0 0 0 
0 0 0 0 0 1 0 0 0 0 
0 0 0 0 0 1 0 0 0 0 
0 0 0 0 0 1 0 0 0 0 
0 0 0 0 0 1 0 0 0 0 

0
7 40
7 40
-1 2 0 0 0 0 0 0 0 -2*m1^2+2*mm^2 
0 1 0 0 0 0 0 0 0 0 
0 2 -1 0 0 0 0 0 0 2*s 
0 0 0 0 0 1 0 0 0 0 
0 1 -1 -1 1 1 0 0 0 s 
0 0 0 1 0 0 0 0 0 0 
-1 0 0 -1 0 1 1 1 0 -m1^2+mm^2-t 
0 2 0 0 0 0 0 -1 0 2*t 
-1 1 0 -1 0 1 0 0 1 -m1^2+mm^2 

0
7 41
7 41
1 0 0 0 0 0 0 0 0 0 
0 1 0 0 0 0 0 0 0 0 
0 0 1 0 0 0 0 0 0 0 
0 0 0 0 0 1 0 0 0 0 
0 -1 1 1 -1 1 0 0 0 s 
0 0 0 1 0 0 0 0 0 0 
1 0 0 1 0 1 -1 -1 0 2*m2^2+m1^2-mm^2+t 
0 0 0 0 0 0 0 1 0 0 
1 -1 0 1 0 1 0 0 -1 2*m2^2+m1^2+mm^2 

0
7 42
7 42
-1 2 0 0 0 0 0 0 0 -2*m1^2+2*mm^2 
0 1 0 0 0 0 0 0 0 0 
0 2 -1 0 0 0 0 0 0 2*s 
0 0 0 0 0 1 0 0 0 0 
0 1 -1 -1 1 1 0 0 0 s 
0 0 0 1 0 0 0 0 0 0 
-1 0 0 -1 0 1 1 1 0 -m1^2+mm^2-t 
0 2 0 0 0 0 0 -1 0 2*t 
-1 1 0 -1 0 1 0 0 1 -m1^2+mm^2 

0
7 43
7 43
1 0 0 0 0 0 0 0 0 0 
0 1 0 0 0 0 0 0 0 0 
0 0 1 0 0 0 0 0 0 0 
0 0 0 0 0 1 0 0 0 0 
0 -1 1 1 -1 1 0 0 0 s 
0 0 0 1 0 0 0 0 0 0 
1 0 0 1 0 1 -1 -1 0 2*m2^2+m1^2-mm^2+t 
0 0 0 0 0 0 0 1 0 0 
1 -1 0 1 0 1 0 0 -1 2*m2^2+m1^2+mm^2 

0
7 44
7 44
1 0 0 0 0 0 0 0 0 0 
0 1 0 0 0 0 0 0 0 0 
0 0 1 0 0 0 0 0 0 0 
0 0 0 0 0 1 0 0 0 0 
0 -1 1 1 -1 1 0 0 0 s 
0 0 0 1 0 0 0 0 0 0 
1 0 0 1 0 1 -1 -1 0 2*m2^2+m1^2-mm^2+t 
0 0 0 0 0 0 0 1 0 0 
1 -1 0 1 0 1 0 0 -1 2*m2^2+m1^2+mm^2 

0
7 45
7 45
1 0 0 0 0 0 0 0 0 0 
0 1 0 0 0 0 0 0 0 0 
0 0 1 0 0 0 0 0 0 0 
0 0 0 0 0 1 0 0 0 0 
0 -1 1 1 -1 1 0 0 0 s 
0 0 0 1 0 0 0 0 0 0 
1 0 0 1 0 1 -1 -1 0 2*m2^2+m1^2-mm^2+t 
0 0 0 0 0 0 0 1 0 0 
1 -1 0 1 0 1 0 0 -1 2*m2^2+m1^2+mm^2 

0
7 46
7 46
1 0 0 0 0 0 0 0 0 0 
0 1 0 0 0 0 0 0 0 0 
0 0 1 0 0 0 0 0 0 0 
0 0 0 0 0 1 0 0 0 0 
0 -1 1 1 -1 1 0 0 0 s 
0 0 0 1 0 0 0 0 0 0 
1 0 0 1 0 1 -1 -1 0 2*m2^2+m1^2-mm^2+t 
0 0 0 0 0 0 0 1 0 0 
1 -1 0 1 0 1 0 0 -1 2*m2^2+m1^2+mm^2 

0
7 47
7 47
1 0 0 0 0 0 0 0 0 0 
0 1 0 0 0 0 0 0 0 0 
0 0 1 0 0 0 0 0 0 0 
0 0 0 0 0 1 0 0 0 0 
0 -1 1 1 -1 1 0 0 0 s 
0 0 0 1 0 0 0 0 0 0 
1 0 0 1 0 1 -1 -1 0 2*m2^2+m1^2-mm^2+t 
0 0 0 0 0 0 0 1 0 0 
1 -1 0 1 0 1 0 0 -1 2*m2^2+m1^2+mm^2 

0
7 56
7 56
1 -1 -1 2 2 2 0 0 -2 6*m2^2-s+2*mm^2 
0 0 -1 0 2 2 0 0 0 4*m2^2 
0 -1 0 2 0 2 0 0 0 4*m2^2 
0 0 0 0 1 0 0 0 0 0 
0 0 0 1 0 0 0 0 0 0 
0 0 0 0 0 1 0 0 0 0 
0 0 0 1 1 0 -1 0 0 2*m2^2-s 
0 -1 -1 0 2 2 2 1 -2 4*m2^2+2*mm^2 
0 0 0 1 1 0 0 0 -1 2*m2^2-s+2*mm^2 

1
7 57
7 57
1 0 0 0 0 0 0 0 0 0 
0 1 0 0 0 0 0 0 0 0 
0 1 0 0 0 0 0 0 0 0 
0 0 0 0 1 0 0 0 0 0 
0 0 0 1 0 0 0 0 0 0 
0 0 0 0 0 1 0 0 0 0 
0 1 0 0 0 0 0 0 0 0 
0 1 0 0 0 0 0 0 0 0 
0 1 0 0 0 0 0 0 0 0 

0
7 62
7 62
-1 1 1 0 0 0 0 0 0 -s-2*m1^2+2*mm^2 
0 0 1 0 0 0 0 0 0 0 
0 1 0 0 0 0 0 0 0 0 
0 0 0 0 1 0 0 0 0 0 
0 0 0 1 0 0 0 0 0 0 
0 0 0 0 0 1 0 0 0 0 
0 0 0 1 1 0 -1 0 0 2*m2^2-s 
0 1 1 0 0 0 0 -1 0 2*t 
0 0 0 1 1 0 0 0 -1 2*m2^2-s+2*mm^2 

1
7 63
7 63
1 0 0 0 0 0 0 0 0 0 
0 0 1 0 0 0 0 0 0 0 
0 1 0 0 0 0 0 0 0 0 
0 0 0 0 1 0 0 0 0 0 
0 0 0 1 0 0 0 0 0 0 
0 0 0 0 0 1 0 0 0 0 
0 0 0 0 0 0 1 0 0 0 
0 0 0 0 0 0 1 0 0 0 
0 0 0 0 0 0 1 0 0 0 

0
7 78
7 78
-1 1 1 0 0 0 0 0 0 -s-2*m1^2+2*mm^2 
0 0 1 0 0 0 0 0 0 0 
0 1 0 0 0 0 0 0 0 0 
0 0 0 1 0 0 0 0 0 0 
0 0 0 0 1 0 0 0 0 0 
0 1 1 1 1 -1 0 0 0 -s 
0 0 0 0 0 0 1 0 0 0 
0 1 1 0 0 0 0 -1 0 2*t 
0 0 0 0 0 0 0 0 1 0 

1
7 79
7 79
1 0 0 0 0 0 0 0 0 0 
0 0 1 0 0 0 0 0 0 0 
0 1 0 0 0 0 0 0 0 0 
0 0 0 1 0 0 0 0 0 0 
0 0 0 0 1 0 0 0 0 0 
0 0 0 0 1 0 0 0 0 0 
0 0 0 0 0 0 1 0 0 0 
0 0 0 0 1 0 0 0 0 0 
0 0 0 0 1 0 0 0 0 0 

1
7 89
7 89
1 0 0 0 0 0 0 0 0 0 
0 1 0 0 0 0 0 0 0 0 
0 1 0 0 0 0 0 0 0 0 
0 0 0 0 1 0 0 0 0 0 
0 0 0 1 0 0 0 0 0 0 
0 1 0 0 0 0 0 0 0 0 
0 0 0 0 0 0 1 0 0 0 
0 1 0 0 0 0 0 0 0 0 
0 1 0 0 0 0 0 0 0 0 

1
7 91
7 91
1 0 0 0 0 0 0 0 0 0 
0 1 0 0 0 0 0 0 0 0 
0 0 1 0 0 0 0 0 0 0 
0 0 0 0 1 0 0 0 0 0 
0 0 0 1 0 0 0 0 0 0 
0 0 1 0 0 0 0 0 0 0 
0 0 0 0 0 0 1 0 0 0 
0 0 1 0 0 0 0 0 0 0 
0 0 1 0 0 0 0 0 0 0 

0
7 94
7 94
-1 1 1 0 0 0 0 0 0 -s-2*m1^2+2*mm^2 
0 0 1 0 0 0 0 0 0 0 
0 1 0 0 0 0 0 0 0 0 
0 0 0 1 0 0 0 0 0 0 
0 0 0 0 1 0 0 0 0 0 
0 1 1 1 1 -1 0 0 0 -s 
0 0 0 0 0 0 1 0 0 0 
0 1 1 0 0 0 0 -1 0 2*t 
0 0 0 0 0 0 0 0 1 0 

1
7 94
7 94
1 0 0 0 0 0 0 0 0 0 
0 1 0 0 0 0 0 0 0 0 
0 0 1 0 0 0 0 0 0 0 
0 0 0 0 1 0 0 0 0 0 
0 0 0 1 0 0 0 0 0 0 
1 0 0 0 0 0 0 0 0 0 
0 0 0 0 0 0 1 0 0 0 
1 0 0 0 0 0 0 0 0 0 
1 0 0 0 0 0 0 0 0 0 

1
7 94
7 94
1 0 0 0 0 0 0 0 0 0 
0 0 1 0 0 0 0 0 0 0 
0 1 0 0 0 0 0 0 0 0 
0 0 0 0 1 0 0 0 0 0 
0 0 0 1 0 0 0 0 0 0 
1 0 0 0 0 0 0 0 0 0 
0 0 0 0 0 0 1 0 0 0 
1 0 0 0 0 0 0 0 0 0 
1 0 0 0 0 0 0 0 0 0 

1
7 95
7 95
1 0 0 0 0 0 0 0 0 0 
0 0 1 0 0 0 0 0 0 0 
0 1 0 0 0 0 0 0 0 0 
0 0 0 1 0 0 0 0 0 0 
0 0 0 0 1 0 0 0 0 0 
0 0 0 0 0 1 0 0 0 0 
0 0 0 0 0 0 1 0 0 0 
0 0 0 0 0 1 0 0 0 0 
0 0 0 0 0 1 0 0 0 0 

1
7 95
7 95
1 0 0 0 0 0 0 0 0 0 
0 1 0 0 0 0 0 0 0 0 
0 0 1 0 0 0 0 0 0 0 
0 0 0 0 1 0 0 0 0 0 
0 0 0 1 0 0 0 0 0 0 
0 0 0 0 0 1 0 0 0 0 
0 0 0 0 0 0 1 0 0 0 
0 0 0 0 0 1 0 0 0 0 
0 0 0 0 0 1 0 0 0 0 

1
7 95
7 95
1 0 0 0 0 0 0 0 0 0 
0 0 1 0 0 0 0 0 0 0 
0 1 0 0 0 0 0 0 0 0 
0 0 0 0 1 0 0 0 0 0 
0 0 0 1 0 0 0 0 0 0 
0 0 0 0 0 1 0 0 0 0 
0 0 0 0 0 0 1 0 0 0 
0 0 0 0 0 1 0 0 0 0 
0 0 0 0 0 1 0 0 0 0 

0
7 98
7 98
0 0 0 1 0 0 1 0 -1 m2^2-m1^2+mm^2+t 
0 0 0 0 0 0 1 0 0 0 
0 0 0 1 -1 0 1 0 0 s 
1 1 0 0 0 0 0 -1 0 -m2^2+m1^2-mm^2+t 
1 2 -1 0 0 0 0 -1 0 -m2^2+s+m1^2-mm^2+t 
0 0 0 0 0 1 0 0 0 0 
0 1 0 0 0 0 0 0 0 0 
0 0 0 0 0 0 2 0 -1 2*t 
0 2 0 0 0 0 0 -1 0 2*t 

1
7 102
7 102
1 0 0 0 0 0 0 0 0 0 
0 0 1 0 0 0 0 0 0 0 
0 1 0 0 0 0 0 0 0 0 
1 0 0 0 0 0 0 0 0 0 
1 0 0 0 0 0 0 0 0 0 
0 0 0 0 0 1 0 0 0 0 
0 0 0 0 0 0 1 0 0 0 
1 0 0 0 0 0 0 0 0 0 
1 0 0 0 0 0 0 0 0 0 

1
7 103
7 103
1 0 0 0 0 0 0 0 0 0 
0 0 1 0 0 0 0 0 0 0 
0 1 0 0 0 0 0 0 0 0 
0 0 0 1 0 0 0 0 0 0 
0 0 0 1 0 0 0 0 0 0 
0 0 0 0 0 1 0 0 0 0 
0 0 0 0 0 0 1 0 0 0 
0 0 0 1 0 0 0 0 0 0 
0 0 0 1 0 0 0 0 0 0 

1
7 120
7 120
1 0 0 0 0 0 0 0 0 0 
1 0 0 0 0 0 0 0 0 0 
1 0 0 0 0 0 0 0 0 0 
0 0 0 0 1 0 0 0 0 0 
0 0 0 1 0 0 0 0 0 0 
0 0 0 0 0 1 0 0 0 0 
0 0 0 0 0 0 1 0 0 0 
1 0 0 0 0 0 0 0 0 0 
1 0 0 0 0 0 0 0 0 0 

1
7 121
7 121
1 0 0 0 0 0 0 0 0 0 
0 1 0 0 0 0 0 0 0 0 
0 1 0 0 0 0 0 0 0 0 
0 0 0 0 1 0 0 0 0 0 
0 0 0 1 0 0 0 0 0 0 
0 0 0 0 0 1 0 0 0 0 
0 0 0 0 0 0 1 0 0 0 
0 1 0 0 0 0 0 0 0 0 
0 1 0 0 0 0 0 0 0 0 

1
7 126
7 126
1 0 0 0 0 0 0 0 0 0 
0 0 1 0 0 0 0 0 0 0 
0 1 0 0 0 0 0 0 0 0 
0 0 0 0 1 0 0 0 0 0 
0 0 0 1 0 0 0 0 0 0 
0 0 0 0 0 1 0 0 0 0 
0 0 0 0 0 0 1 0 0 0 
1 0 0 0 0 0 0 0 0 0 
1 0 0 0 0 0 0 0 0 0 

1
7 127
7 127
1 0 0 0 0 0 0 0 0 0 
0 0 1 0 0 0 0 0 0 0 
0 1 0 0 0 0 0 0 0 0 
0 0 0 0 1 0 0 0 0 0 
0 0 0 1 0 0 0 0 0 0 
0 0 0 0 0 1 0 0 0 0 
0 0 0 0 0 0 1 0 0 0 
0 0 0 0 0 0 0 1 0 0 
0 0 0 0 0 0 0 1 0 0 

0
7 138
7 138
-1 1 0 0 0 0 0 1 0 -2*m1^2+mm^2-t 
0 0 0 0 0 0 0 1 0 0 
0 1 -1 0 0 0 0 1 0 2*s 
0 0 0 1 0 0 0 0 0 0 
0 0 0 0 1 0 0 0 0 0 
0 1 0 2 0 -1 -1 1 1 -mm^2 
0 0 0 0 0 0 1 0 0 0 
0 1 0 0 0 0 0 0 0 0 
0 0 0 0 0 0 0 0 1 0 

0
7 140
7 140
-1 0 1 0 0 0 0 1 0 -s-2*m1^2+mm^2-t 
0 -1 1 0 0 0 0 1 0 0 
0 0 0 0 0 0 0 1 0 0 
0 0 0 1 0 0 0 0 0 0 
0 0 0 0 1 0 0 0 0 0 
0 0 1 1 1 -1 -1 1 1 -s-mm^2 
0 0 0 0 0 0 1 0 0 0 
0 0 1 0 0 0 0 0 0 0 
0 0 0 0 0 0 0 0 1 0 

0
7 153
7 153
1 0 0 0 0 0 0 0 0 0 
0 1 0 0 0 0 0 0 0 0 
0 0 1 0 0 0 0 0 0 0 
0 0 0 0 1 0 0 0 0 0 
0 0 0 1 0 0 0 0 0 0 
0 1 1 1 1 -1 0 0 0 -s 
0 0 0 1 1 0 -1 0 0 2*m2^2-s 
0 0 0 0 0 0 0 1 0 0 
0 0 0 1 1 0 0 0 -1 2*m2^2-s+2*mm^2 

0
7 154
7 154
-1 1 0 0 0 0 0 1 0 -2*m1^2+mm^2-t 
0 0 0 0 0 0 0 1 0 0 
0 1 -1 0 0 0 0 1 0 2*s 
0 0 0 1 0 0 0 0 0 0 
0 0 0 0 1 0 0 0 0 0 
0 1 0 2 0 -1 -1 1 1 -mm^2 
0 0 0 0 0 0 1 0 0 0 
0 1 0 0 0 0 0 0 0 0 
0 0 0 0 0 0 0 0 1 0 

0
7 154
7 154
1 0 0 0 0 0 0 0 0 0 
0 1 0 0 0 0 0 0 0 0 
0 0 1 0 0 0 0 0 0 0 
0 0 0 0 1 0 0 0 0 0 
0 0 0 1 0 0 0 0 0 0 
0 1 1 1 1 -1 0 0 0 -s 
0 0 0 1 1 0 -1 0 0 2*m2^2-s 
0 0 0 0 0 0 0 1 0 0 
0 0 0 1 1 0 0 0 -1 2*m2^2-s+2*mm^2 

0
7 154
7 154
-1 1 0 0 0 0 0 1 0 -2*m1^2+mm^2-t 
0 0 0 0 0 0 0 1 0 0 
0 1 -1 0 0 0 0 1 0 2*s 
0 0 0 0 1 0 0 0 0 0 
0 0 0 1 0 0 0 0 0 0 
0 0 -1 -1 1 1 1 1 -1 s+mm^2 
0 0 0 1 1 0 -1 0 0 2*m2^2-s 
0 1 0 0 0 0 0 0 0 0 
0 0 0 1 1 0 0 0 -1 2*m2^2-s+2*mm^2 

0
7 155
7 155
1 0 0 0 0 0 0 0 0 0 
0 1 0 0 0 0 0 0 0 0 
0 0 1 0 0 0 0 0 0 0 
0 0 0 0 1 0 0 0 0 0 
0 0 0 1 0 0 0 0 0 0 
0 1 1 1 1 -1 0 0 0 -s 
0 0 0 1 1 0 -1 0 0 2*m2^2-s 
0 0 0 0 0 0 0 1 0 0 
0 0 0 1 1 0 0 0 -1 2*m2^2-s+2*mm^2 

0
7 156
7 156
-1 0 1 0 0 0 0 1 0 -s-2*m1^2+mm^2-t 
0 -1 1 0 0 0 0 1 0 0 
0 0 0 0 0 0 0 1 0 0 
0 0 0 1 0 0 0 0 0 0 
0 0 0 0 1 0 0 0 0 0 
0 0 1 1 1 -1 -1 1 1 -s-mm^2 
0 0 0 0 0 0 1 0 0 0 
0 0 1 0 0 0 0 0 0 0 
0 0 0 0 0 0 0 0 1 0 

0
7 156
7 156
1 0 0 0 0 0 0 0 0 0 
0 1 0 0 0 0 0 0 0 0 
0 0 1 0 0 0 0 0 0 0 
0 0 0 0 1 0 0 0 0 0 
0 0 0 1 0 0 0 0 0 0 
0 1 1 1 1 -1 0 0 0 -s 
0 0 0 1 1 0 -1 0 0 2*m2^2-s 
0 0 0 0 0 0 0 1 0 0 
0 0 0 1 1 0 0 0 -1 2*m2^2-s+2*mm^2 

0
7 156
7 156
-1 0 1 0 0 0 0 1 0 -s-2*m1^2+mm^2-t 
0 -1 1 0 0 0 0 1 0 0 
0 0 0 0 0 0 0 1 0 0 
0 0 0 0 1 0 0 0 0 0 
0 0 0 1 0 0 0 0 0 0 
0 -1 0 0 0 1 1 1 -1 mm^2 
0 0 0 1 1 0 -1 0 0 2*m2^2-s 
0 0 1 0 0 0 0 0 0 0 
0 0 0 1 1 0 0 0 -1 2*m2^2-s+2*mm^2 

0
7 157
7 157
1 0 0 0 0 0 0 0 0 0 
0 1 0 0 0 0 0 0 0 0 
0 0 1 0 0 0 0 0 0 0 
0 0 0 0 1 0 0 0 0 0 
0 0 0 1 0 0 0 0 0 0 
0 1 1 1 1 -1 0 0 0 -s 
0 0 0 1 1 0 -1 0 0 2*m2^2-s 
0 0 0 0 0 0 0 1 0 0 
0 0 0 1 1 0 0 0 -1 2*m2^2-s+2*mm^2 

0
7 158
7 158
1 0 0 0 0 0 0 0 0 0 
0 1 0 0 0 0 0 0 0 0 
0 0 1 0 0 0 0 0 0 0 
0 0 0 0 1 0 0 0 0 0 
0 0 0 1 0 0 0 0 0 0 
0 1 1 1 1 -1 0 0 0 -s 
0 0 0 1 1 0 -1 0 0 2*m2^2-s 
0 0 0 0 0 0 0 1 0 0 
0 0 0 1 1 0 0 0 -1 2*m2^2-s+2*mm^2 

0
7 159
7 159
1 0 0 0 0 0 0 0 0 0 
0 1 0 0 0 0 0 0 0 0 
0 0 1 0 0 0 0 0 0 0 
0 0 0 0 1 0 0 0 0 0 
0 0 0 1 0 0 0 0 0 0 
0 1 1 1 1 -1 0 0 0 -s 
0 0 0 1 1 0 -1 0 0 2*m2^2-s 
0 0 0 0 0 0 0 1 0 0 
0 0 0 1 1 0 0 0 -1 2*m2^2-s+2*mm^2 

0
7 168
7 168
1 0 0 0 0 0 0 0 0 0 
0 1 0 0 0 0 0 0 0 0 
0 0 1 0 0 0 0 0 0 0 
0 0 0 0 0 1 0 0 0 0 
0 -1 1 1 -1 1 0 0 0 s 
0 0 0 1 0 0 0 0 0 0 
1 0 0 1 0 1 -1 -1 0 2*m2^2+m1^2-mm^2+t 
0 0 0 0 0 0 0 1 0 0 
1 -1 0 1 0 1 0 0 -1 2*m2^2+m1^2+mm^2 

0
7 169
7 169
1 0 0 0 0 0 0 0 0 0 
0 1 0 0 0 0 0 0 0 0 
0 0 1 0 0 0 0 0 0 0 
0 0 0 0 0 1 0 0 0 0 
0 -1 1 1 -1 1 0 0 0 s 
0 0 0 1 0 0 0 0 0 0 
1 0 0 1 0 1 -1 -1 0 2*m2^2+m1^2-mm^2+t 
0 0 0 0 0 0 0 1 0 0 
1 -1 0 1 0 1 0 0 -1 2*m2^2+m1^2+mm^2 

0
7 170
7 170
1 0 0 0 0 0 0 0 0 0 
0 1 0 0 0 0 0 0 0 0 
0 0 1 0 0 0 0 0 0 0 
0 0 0 0 0 1 0 0 0 0 
0 -1 1 1 -1 1 0 0 0 s 
0 0 0 1 0 0 0 0 0 0 
1 0 0 1 0 1 -1 -1 0 2*m2^2+m1^2-mm^2+t 
0 0 0 0 0 0 0 1 0 0 
1 -1 0 1 0 1 0 0 -1 2*m2^2+m1^2+mm^2 

0
7 171
7 171
1 0 0 0 0 0 0 0 0 0 
0 1 0 0 0 0 0 0 0 0 
0 0 1 0 0 0 0 0 0 0 
0 0 0 0 0 1 0 0 0 0 
0 -1 1 1 -1 1 0 0 0 s 
0 0 0 1 0 0 0 0 0 0 
1 0 0 1 0 1 -1 -1 0 2*m2^2+m1^2-mm^2+t 
0 0 0 0 0 0 0 1 0 0 
1 -1 0 1 0 1 0 0 -1 2*m2^2+m1^2+mm^2 

0
7 172
7 172
1 0 0 0 0 0 0 0 0 0 
0 1 0 0 0 0 0 0 0 0 
0 0 1 0 0 0 0 0 0 0 
0 0 0 0 0 1 0 0 0 0 
0 -1 1 1 -1 1 0 0 0 s 
0 0 0 1 0 0 0 0 0 0 
1 0 0 1 0 1 -1 -1 0 2*m2^2+m1^2-mm^2+t 
0 0 0 0 0 0 0 1 0 0 
1 -1 0 1 0 1 0 0 -1 2*m2^2+m1^2+mm^2 

0
7 173
7 173
1 0 0 0 0 0 0 0 0 0 
0 1 0 0 0 0 0 0 0 0 
0 0 1 0 0 0 0 0 0 0 
0 0 0 0 0 1 0 0 0 0 
0 -1 1 1 -1 1 0 0 0 s 
0 0 0 1 0 0 0 0 0 0 
1 0 0 1 0 1 -1 -1 0 2*m2^2+m1^2-mm^2+t 
0 0 0 0 0 0 0 1 0 0 
1 -1 0 1 0 1 0 0 -1 2*m2^2+m1^2+mm^2 

0
7 174
7 174
1 0 0 0 0 0 0 0 0 0 
0 1 0 0 0 0 0 0 0 0 
0 0 1 0 0 0 0 0 0 0 
0 0 0 0 0 1 0 0 0 0 
0 -1 1 1 -1 1 0 0 0 s 
0 0 0 1 0 0 0 0 0 0 
1 0 0 1 0 1 -1 -1 0 2*m2^2+m1^2-mm^2+t 
0 0 0 0 0 0 0 1 0 0 
1 -1 0 1 0 1 0 0 -1 2*m2^2+m1^2+mm^2 

0
7 175
7 175
1 0 0 0 0 0 0 0 0 0 
0 1 0 0 0 0 0 0 0 0 
0 0 1 0 0 0 0 0 0 0 
0 0 0 0 0 1 0 0 0 0 
0 -1 1 1 -1 1 0 0 0 s 
0 0 0 1 0 0 0 0 0 0 
1 0 0 1 0 1 -1 -1 0 2*m2^2+m1^2-mm^2+t 
0 0 0 0 0 0 0 1 0 0 
1 -1 0 1 0 1 0 0 -1 2*m2^2+m1^2+mm^2 

0
7 176
7 176
1 0 0 0 0 0 0 0 0 0 
0 1 0 0 0 0 0 0 0 0 
0 0 1 0 0 0 0 0 0 0 
0 1 -1 -1 1 1 0 0 0 s 
0 0 0 0 0 1 0 0 0 0 
0 0 0 0 1 0 0 0 0 0 
1 1 -1 0 1 1 -1 -1 0 2*m2^2+m1^2-mm^2+t 
0 0 0 0 0 0 0 1 0 0 
1 0 -1 0 1 1 0 0 -1 2*m2^2+m1^2+mm^2 

0
7 177
7 177
1 0 0 0 0 0 0 0 0 0 
0 1 0 0 0 0 0 0 0 0 
0 0 1 0 0 0 0 0 0 0 
0 1 -1 -1 1 1 0 0 0 s 
0 0 0 0 0 1 0 0 0 0 
0 0 0 0 1 0 0 0 0 0 
1 1 -1 0 1 1 -1 -1 0 2*m2^2+m1^2-mm^2+t 
0 0 0 0 0 0 0 1 0 0 
1 0 -1 0 1 1 0 0 -1 2*m2^2+m1^2+mm^2 

0
7 178
7 178
1 0 0 0 0 0 0 0 0 0 
0 1 0 0 0 0 0 0 0 0 
0 0 1 0 0 0 0 0 0 0 
0 1 -1 -1 1 1 0 0 0 s 
0 0 0 0 0 1 0 0 0 0 
0 0 0 0 1 0 0 0 0 0 
1 1 -1 0 1 1 -1 -1 0 2*m2^2+m1^2-mm^2+t 
0 0 0 0 0 0 0 1 0 0 
1 0 -1 0 1 1 0 0 -1 2*m2^2+m1^2+mm^2 

0
7 179
7 179
1 0 0 0 0 0 0 0 0 0 
0 1 0 0 0 0 0 0 0 0 
0 0 1 0 0 0 0 0 0 0 
0 1 -1 -1 1 1 0 0 0 s 
0 0 0 0 0 1 0 0 0 0 
0 0 0 0 1 0 0 0 0 0 
1 1 -1 0 1 1 -1 -1 0 2*m2^2+m1^2-mm^2+t 
0 0 0 0 0 0 0 1 0 0 
1 0 -1 0 1 1 0 0 -1 2*m2^2+m1^2+mm^2 

0
7 180
7 180
1 0 0 0 0 0 0 0 0 0 
0 1 0 0 0 0 0 0 0 0 
0 0 1 0 0 0 0 0 0 0 
0 1 -1 -1 1 1 0 0 0 s 
0 0 0 0 0 1 0 0 0 0 
0 0 0 0 1 0 0 0 0 0 
1 1 -1 0 1 1 -1 -1 0 2*m2^2+m1^2-mm^2+t 
0 0 0 0 0 0 0 1 0 0 
1 0 -1 0 1 1 0 0 -1 2*m2^2+m1^2+mm^2 

0
7 181
7 181
1 0 0 0 0 0 0 0 0 0 
0 1 0 0 0 0 0 0 0 0 
0 0 1 0 0 0 0 0 0 0 
0 1 -1 -1 1 1 0 0 0 s 
0 0 0 0 0 1 0 0 0 0 
0 0 0 0 1 0 0 0 0 0 
1 1 -1 0 1 1 -1 -1 0 2*m2^2+m1^2-mm^2+t 
0 0 0 0 0 0 0 1 0 0 
1 0 -1 0 1 1 0 0 -1 2*m2^2+m1^2+mm^2 

0
7 182
7 182
1 0 0 0 0 0 0 0 0 0 
0 1 0 0 0 0 0 0 0 0 
0 0 1 0 0 0 0 0 0 0 
0 1 -1 -1 1 1 0 0 0 s 
0 0 0 0 0 1 0 0 0 0 
0 0 0 0 1 0 0 0 0 0 
1 1 -1 0 1 1 -1 -1 0 2*m2^2+m1^2-mm^2+t 
0 0 0 0 0 0 0 1 0 0 
1 0 -1 0 1 1 0 0 -1 2*m2^2+m1^2+mm^2 

0
7 183
7 183
1 0 0 0 0 0 0 0 0 0 
0 1 0 0 0 0 0 0 0 0 
0 0 1 0 0 0 0 0 0 0 
0 1 -1 -1 1 1 0 0 0 s 
0 0 0 0 0 1 0 0 0 0 
0 0 0 0 1 0 0 0 0 0 
1 1 -1 0 1 1 -1 -1 0 2*m2^2+m1^2-mm^2+t 
0 0 0 0 0 0 0 1 0 0 
1 0 -1 0 1 1 0 0 -1 2*m2^2+m1^2+mm^2 

0
7 202
7 202
-1 1 0 0 0 0 0 1 0 -2*m1^2+mm^2-t 
0 0 0 0 0 0 0 1 0 0 
0 1 -1 0 0 0 0 1 0 2*s 
0 0 0 1 0 0 0 0 0 0 
0 0 0 0 1 0 0 0 0 0 
0 1 0 2 0 -1 -1 1 1 -mm^2 
0 0 0 0 0 0 1 0 0 0 
0 1 0 0 0 0 0 0 0 0 
0 0 0 0 0 0 0 0 1 0 

0
7 204
7 204
-1 0 1 0 0 0 0 1 0 -s-2*m1^2+mm^2-t 
0 -1 1 0 0 0 0 1 0 0 
0 0 0 0 0 0 0 1 0 0 
0 0 0 1 0 0 0 0 0 0 
0 0 0 0 1 0 0 0 0 0 
0 0 1 1 1 -1 -1 1 1 -s-mm^2 
0 0 0 0 0 0 1 0 0 0 
0 0 1 0 0 0 0 0 0 0 
0 0 0 0 0 0 0 0 1 0 

1
7 217
7 217
1 0 0 0 0 0 0 0 0 0 
0 1 0 0 0 0 0 0 0 0 
0 1 0 0 0 0 0 0 0 0 
0 0 0 0 1 0 0 0 0 0 
0 0 0 1 0 0 0 0 0 0 
0 1 0 0 0 0 0 0 0 0 
0 0 0 0 0 0 1 0 0 0 
0 0 0 0 0 0 0 1 0 0 
0 1 0 0 0 0 0 0 0 0 

0
7 218
7 218
-1 1 0 0 0 0 0 1 0 -2*m1^2+mm^2-t 
0 0 0 0 0 0 0 1 0 0 
0 1 -1 0 0 0 0 1 0 2*s 
0 0 0 1 0 0 0 0 0 0 
0 0 0 0 1 0 0 0 0 0 
0 1 0 2 0 -1 -1 1 1 -mm^2 
0 0 0 0 0 0 1 0 0 0 
0 1 0 0 0 0 0 0 0 0 
0 0 0 0 0 0 0 0 1 0 

1
7 218
7 218
1 0 0 0 0 0 0 0 0 0 
0 1 0 0 0 0 0 0 0 0 
1 0 0 0 0 0 0 0 0 0 
0 0 0 0 1 0 0 0 0 0 
0 0 0 1 0 0 0 0 0 0 
1 0 0 0 0 0 0 0 0 0 
0 0 0 0 0 0 1 0 0 0 
0 0 0 0 0 0 0 1 0 0 
1 0 0 0 0 0 0 0 0 0 

1
7 218
7 218
1 0 0 0 0 0 0 0 0 0 
0 0 0 0 0 0 0 1 0 0 
1 0 0 0 0 0 0 0 0 0 
0 0 0 0 1 0 0 0 0 0 
0 0 0 1 0 0 0 0 0 0 
1 0 0 0 0 0 0 0 0 0 
0 0 0 0 0 0 1 0 0 0 
0 1 0 0 0 0 0 0 0 0 
1 0 0 0 0 0 0 0 0 0 

1
7 219
7 219
1 0 0 0 0 0 0 0 0 0 
0 1 0 0 0 0 0 0 0 0 
0 0 1 0 0 0 0 0 0 0 
0 0 0 0 1 0 0 0 0 0 
0 0 0 1 0 0 0 0 0 0 
0 0 1 0 0 0 0 0 0 0 
0 0 0 0 0 0 1 0 0 0 
0 0 0 0 0 0 0 1 0 0 
0 0 1 0 0 0 0 0 0 0 

0
7 220
7 220
-1 0 1 0 0 0 0 1 0 -s-2*m1^2+mm^2-t 
0 -1 1 0 0 0 0 1 0 0 
0 0 0 0 0 0 0 1 0 0 
0 0 0 1 0 0 0 0 0 0 
0 0 0 0 1 0 0 0 0 0 
0 0 1 1 1 -1 -1 1 1 -s-mm^2 
0 0 0 0 0 0 1 0 0 0 
0 0 1 0 0 0 0 0 0 0 
0 0 0 0 0 0 0 0 1 0 

1
7 220
7 220
1 0 0 0 0 0 0 0 0 0 
1 0 0 0 0 0 0 0 0 0 
0 0 1 0 0 0 0 0 0 0 
0 0 0 0 1 0 0 0 0 0 
0 0 0 1 0 0 0 0 0 0 
1 0 0 0 0 0 0 0 0 0 
0 0 0 0 0 0 1 0 0 0 
0 0 0 0 0 0 0 1 0 0 
1 0 0 0 0 0 0 0 0 0 

1
7 220
7 220
1 0 0 0 0 0 0 0 0 0 
1 0 0 0 0 0 0 0 0 0 
0 0 0 0 0 0 0 1 0 0 
0 0 0 0 1 0 0 0 0 0 
0 0 0 1 0 0 0 0 0 0 
1 0 0 0 0 0 0 0 0 0 
0 0 0 0 0 0 1 0 0 0 
0 0 1 0 0 0 0 0 0 0 
1 0 0 0 0 0 0 0 0 0 

1
7 221
7 221
1 0 0 0 0 0 0 0 0 0 
0 1 0 0 0 0 0 0 0 0 
0 0 1 0 0 0 0 0 0 0 
0 0 0 0 1 0 0 0 0 0 
0 0 0 1 0 0 0 0 0 0 
0 1 0 0 0 0 0 0 0 0 
0 0 0 0 0 0 1 0 0 0 
0 0 0 0 0 0 0 1 0 0 
0 1 0 0 0 0 0 0 0 0 

1
7 222
7 222
1 0 0 0 0 0 0 0 0 0 
0 1 0 0 0 0 0 0 0 0 
0 0 1 0 0 0 0 0 0 0 
0 0 0 0 1 0 0 0 0 0 
0 0 0 1 0 0 0 0 0 0 
1 0 0 0 0 0 0 0 0 0 
0 0 0 0 0 0 1 0 0 0 
0 0 0 0 0 0 0 1 0 0 
1 0 0 0 0 0 0 0 0 0 

1
7 223
7 223
1 0 0 0 0 0 0 0 0 0 
0 1 0 0 0 0 0 0 0 0 
0 0 1 0 0 0 0 0 0 0 
0 0 0 0 1 0 0 0 0 0 
0 0 0 1 0 0 0 0 0 0 
0 0 0 0 0 1 0 0 0 0 
0 0 0 0 0 0 1 0 0 0 
0 0 0 0 0 0 0 1 0 0 
0 0 0 0 0 1 0 0 0 0 

0
7 224
7 224
0 0 0 1 0 0 0 0 0 m2^2-m1^2 
0 0 0 0 0 0 0 0 1 0 
0 0 0 1 -1 0 0 0 1 s 
1 0 0 0 0 0 0 0 0 -m2^2+m1^2 
1 1 -1 0 0 0 0 0 0 -m2^2+s+m1^2 
0 0 0 0 0 1 0 0 0 0 
0 0 0 0 0 0 0 1 0 0 
0 0 0 0 0 0 1 0 0 0 
0 1 0 0 0 0 0 0 0 0 

0
7 270
7 270
-1 1 1 0 0 0 0 0 0 -s-2*m1^2+2*mm^2 
0 0 1 0 0 0 0 0 0 0 
0 1 0 0 0 0 0 0 0 0 
0 0 0 1 0 0 0 0 0 0 
0 0 0 0 1 0 0 0 0 0 
0 1 1 1 1 -1 0 0 0 -s 
0 0 0 0 0 0 1 0 0 0 
0 1 1 0 0 0 0 -1 0 2*t 
0 0 0 0 0 0 0 0 1 0 

1
7 271
7 271
1 0 0 0 0 0 0 0 0 0 
0 0 1 0 0 0 0 0 0 0 
0 1 0 0 0 0 0 0 0 0 
0 0 0 1 0 0 0 0 0 0 
0 0 0 0 1 0 0 0 0 0 
0 0 0 0 1 0 0 0 0 0 
0 0 0 0 1 0 0 0 0 0 
0 0 0 0 1 0 0 0 0 0 
0 0 0 0 0 0 0 0 1 0 

1
7 281
7 281
1 0 0 0 0 0 0 0 0 0 
0 1 0 0 0 0 0 0 0 0 
0 1 0 0 0 0 0 0 0 0 
0 0 0 0 1 0 0 0 0 0 
0 0 0 1 0 0 0 0 0 0 
0 1 0 0 0 0 0 0 0 0 
0 1 0 0 0 0 0 0 0 0 
0 1 0 0 0 0 0 0 0 0 
0 0 0 0 0 0 0 0 1 0 

1
7 283
7 283
1 0 0 0 0 0 0 0 0 0 
0 1 0 0 0 0 0 0 0 0 
0 0 1 0 0 0 0 0 0 0 
0 0 0 0 1 0 0 0 0 0 
0 0 0 1 0 0 0 0 0 0 
0 0 1 0 0 0 0 0 0 0 
0 0 1 0 0 0 0 0 0 0 
0 0 1 0 0 0 0 0 0 0 
0 0 0 0 0 0 0 0 1 0 

0
7 286
7 286
-1 1 1 0 0 0 0 0 0 -s-2*m1^2+2*mm^2 
0 0 1 0 0 0 0 0 0 0 
0 1 0 0 0 0 0 0 0 0 
0 0 0 1 0 0 0 0 0 0 
0 0 0 0 1 0 0 0 0 0 
0 1 1 1 1 -1 0 0 0 -s 
0 0 0 0 0 0 1 0 0 0 
0 1 1 0 0 0 0 -1 0 2*t 
0 0 0 0 0 0 0 0 1 0 

1
7 286
7 286
1 0 0 0 0 0 0 0 0 0 
0 1 0 0 0 0 0 0 0 0 
0 0 1 0 0 0 0 0 0 0 
0 0 0 0 1 0 0 0 0 0 
0 0 0 1 0 0 0 0 0 0 
1 0 0 0 0 0 0 0 0 0 
1 0 0 0 0 0 0 0 0 0 
1 0 0 0 0 0 0 0 0 0 
0 0 0 0 0 0 0 0 1 0 

1
7 286
7 286
1 0 0 0 0 0 0 0 0 0 
0 0 1 0 0 0 0 0 0 0 
0 1 0 0 0 0 0 0 0 0 
0 0 0 0 1 0 0 0 0 0 
0 0 0 1 0 0 0 0 0 0 
1 0 0 0 0 0 0 0 0 0 
1 0 0 0 0 0 0 0 0 0 
1 0 0 0 0 0 0 0 0 0 
0 0 0 0 0 0 0 0 1 0 

1
7 287
7 287
1 0 0 0 0 0 0 0 0 0 
0 0 1 0 0 0 0 0 0 0 
0 1 0 0 0 0 0 0 0 0 
0 0 0 1 0 0 0 0 0 0 
0 0 0 0 1 0 0 0 0 0 
0 0 0 0 0 1 0 0 0 0 
0 0 0 0 0 1 0 0 0 0 
0 0 0 0 0 1 0 0 0 0 
0 0 0 0 0 0 0 0 1 0 

1
7 287
7 287
1 0 0 0 0 0 0 0 0 0 
0 1 0 0 0 0 0 0 0 0 
0 0 1 0 0 0 0 0 0 0 
0 0 0 0 1 0 0 0 0 0 
0 0 0 1 0 0 0 0 0 0 
0 0 0 0 0 1 0 0 0 0 
0 0 0 0 0 1 0 0 0 0 
0 0 0 0 0 1 0 0 0 0 
0 0 0 0 0 0 0 0 1 0 

1
7 287
7 287
1 0 0 0 0 0 0 0 0 0 
0 0 1 0 0 0 0 0 0 0 
0 1 0 0 0 0 0 0 0 0 
0 0 0 0 1 0 0 0 0 0 
0 0 0 1 0 0 0 0 0 0 
0 0 0 0 0 1 0 0 0 0 
0 0 0 0 0 1 0 0 0 0 
0 0 0 0 0 1 0 0 0 0 
0 0 0 0 0 0 0 0 1 0 

0
7 290
7 290
0 0 0 1 0 0 0 0 0 m2^2-m1^2 
0 0 0 0 0 0 0 0 1 0 
0 0 0 1 -1 0 0 0 1 s 
1 0 0 0 0 0 0 0 0 -m2^2+m1^2 
1 1 -1 0 0 0 0 0 0 -m2^2+s+m1^2 
0 0 0 0 0 1 0 0 0 0 
0 0 0 0 0 0 0 1 0 0 
0 0 0 0 0 0 1 0 0 0 
0 1 0 0 0 0 0 0 0 0 

1
7 294
7 294
1 0 0 0 0 0 0 0 0 0 
0 0 1 0 0 0 0 0 0 0 
0 1 0 0 0 0 0 0 0 0 
1 0 0 0 0 0 0 0 0 0 
1 0 0 0 0 0 0 0 0 0 
0 0 0 0 0 1 0 0 0 0 
1 0 0 0 0 0 0 0 0 0 
1 0 0 0 0 0 0 0 0 0 
0 0 0 0 0 0 0 0 1 0 

1
7 295
7 295
1 0 0 0 0 0 0 0 0 0 
0 0 1 0 0 0 0 0 0 0 
0 1 0 0 0 0 0 0 0 0 
0 0 0 1 0 0 0 0 0 0 
0 0 0 1 0 0 0 0 0 0 
0 0 0 0 0 1 0 0 0 0 
0 0 0 1 0 0 0 0 0 0 
0 0 0 1 0 0 0 0 0 0 
0 0 0 0 0 0 0 0 1 0 

1
7 312
7 312
1 0 0 0 0 0 0 0 0 0 
1 0 0 0 0 0 0 0 0 0 
1 0 0 0 0 0 0 0 0 0 
0 0 0 0 1 0 0 0 0 0 
0 0 0 1 0 0 0 0 0 0 
0 0 0 0 0 1 0 0 0 0 
1 0 0 0 0 0 0 0 0 0 
1 0 0 0 0 0 0 0 0 0 
0 0 0 0 0 0 0 0 1 0 

1
7 313
7 313
1 0 0 0 0 0 0 0 0 0 
0 1 0 0 0 0 0 0 0 0 
0 1 0 0 0 0 0 0 0 0 
0 0 0 0 1 0 0 0 0 0 
0 0 0 1 0 0 0 0 0 0 
0 0 0 0 0 1 0 0 0 0 
0 1 0 0 0 0 0 0 0 0 
0 1 0 0 0 0 0 0 0 0 
0 0 0 0 0 0 0 0 1 0 

1
7 318
7 318
1 0 0 0 0 0 0 0 0 0 
0 0 1 0 0 0 0 0 0 0 
0 1 0 0 0 0 0 0 0 0 
0 0 0 0 1 0 0 0 0 0 
0 0 0 1 0 0 0 0 0 0 
0 0 0 0 0 1 0 0 0 0 
1 0 0 0 0 0 0 0 0 0 
1 0 0 0 0 0 0 0 0 0 
0 0 0 0 0 0 0 0 1 0 

1
7 319
7 319
1 0 0 0 0 0 0 0 0 0 
0 0 1 0 0 0 0 0 0 0 
0 1 0 0 0 0 0 0 0 0 
0 0 0 0 1 0 0 0 0 0 
0 0 0 1 0 0 0 0 0 0 
0 0 0 0 0 1 0 0 0 0 
0 0 0 0 0 0 1 0 0 0 
0 0 0 0 0 0 1 0 0 0 
0 0 0 0 0 0 0 0 1 0 

0
7 334
7 334
-1 1 1 0 0 0 0 0 0 -s-2*m1^2+2*mm^2 
0 0 1 0 0 0 0 0 0 0 
0 1 0 0 0 0 0 0 0 0 
0 0 0 1 0 0 0 0 0 0 
0 0 0 0 1 0 0 0 0 0 
0 1 1 1 1 -1 0 0 0 -s 
0 0 0 0 0 0 1 0 0 0 
0 1 1 0 0 0 0 -1 0 2*t 
0 0 0 0 0 0 0 0 1 0 

1
7 335
7 335
1 0 0 0 0 0 0 0 0 0 
0 0 1 0 0 0 0 0 0 0 
0 1 0 0 0 0 0 0 0 0 
0 0 0 1 0 0 0 0 0 0 
0 0 0 0 1 0 0 0 0 0 
0 0 0 0 1 0 0 0 0 0 
0 0 0 0 0 0 1 0 0 0 
0 0 0 0 1 0 0 0 0 0 
0 0 0 0 0 0 0 0 1 0 

1
7 345
7 345
1 0 0 0 0 0 0 0 0 0 
0 1 0 0 0 0 0 0 0 0 
0 1 0 0 0 0 0 0 0 0 
0 0 0 0 1 0 0 0 0 0 
0 0 0 1 0 0 0 0 0 0 
0 1 0 0 0 0 0 0 0 0 
0 0 0 0 0 0 1 0 0 0 
0 1 0 0 0 0 0 0 0 0 
0 0 0 0 0 0 0 0 1 0 

1
7 347
7 347
1 0 0 0 0 0 0 0 0 0 
0 1 0 0 0 0 0 0 0 0 
0 0 1 0 0 0 0 0 0 0 
0 0 0 0 1 0 0 0 0 0 
0 0 0 1 0 0 0 0 0 0 
0 0 1 0 0 0 0 0 0 0 
0 0 0 0 0 0 1 0 0 0 
0 0 1 0 0 0 0 0 0 0 
0 0 0 0 0 0 0 0 1 0 

0
7 350
7 350
-1 1 1 0 0 0 0 0 0 -s-2*m1^2+2*mm^2 
0 0 1 0 0 0 0 0 0 0 
0 1 0 0 0 0 0 0 0 0 
0 0 0 1 0 0 0 0 0 0 
0 0 0 0 1 0 0 0 0 0 
0 1 1 1 1 -1 0 0 0 -s 
0 0 0 0 0 0 1 0 0 0 
0 1 1 0 0 0 0 -1 0 2*t 
0 0 0 0 0 0 0 0 1 0 

1
7 350
7 350
1 0 0 0 0 0 0 0 0 0 
0 1 0 0 0 0 0 0 0 0 
0 0 1 0 0 0 0 0 0 0 
0 0 0 0 1 0 0 0 0 0 
0 0 0 1 0 0 0 0 0 0 
1 0 0 0 0 0 0 0 0 0 
0 0 0 0 0 0 1 0 0 0 
1 0 0 0 0 0 0 0 0 0 
0 0 0 0 0 0 0 0 1 0 

1
7 350
7 350
1 0 0 0 0 0 0 0 0 0 
0 0 1 0 0 0 0 0 0 0 
0 1 0 0 0 0 0 0 0 0 
0 0 0 0 1 0 0 0 0 0 
0 0 0 1 0 0 0 0 0 0 
1 0 0 0 0 0 0 0 0 0 
0 0 0 0 0 0 1 0 0 0 
1 0 0 0 0 0 0 0 0 0 
0 0 0 0 0 0 0 0 1 0 

1
7 351
7 351
1 0 0 0 0 0 0 0 0 0 
0 1 0 0 0 0 0 0 0 0 
0 0 1 0 0 0 0 0 0 0 
0 0 0 0 1 0 0 0 0 0 
0 0 0 1 0 0 0 0 0 0 
0 0 0 0 0 1 0 0 0 0 
0 0 0 0 0 0 1 0 0 0 
0 0 0 0 0 1 0 0 0 0 
0 0 0 0 0 0 0 0 1 0 

1
7 351
7 351
1 0 0 0 0 0 0 0 0 0 
0 0 1 0 0 0 0 0 0 0 
0 1 0 0 0 0 0 0 0 0 
0 0 0 1 0 0 0 0 0 0 
0 0 0 0 1 0 0 0 0 0 
0 0 0 0 0 1 0 0 0 0 
0 0 0 0 0 0 1 0 0 0 
0 0 0 0 0 1 0 0 0 0 
0 0 0 0 0 0 0 0 1 0 

1
7 351
7 351
1 0 0 0 0 0 0 0 0 0 
0 0 1 0 0 0 0 0 0 0 
0 1 0 0 0 0 0 0 0 0 
0 0 0 0 1 0 0 0 0 0 
0 0 0 1 0 0 0 0 0 0 
0 0 0 0 0 1 0 0 0 0 
0 0 0 0 0 0 1 0 0 0 
0 0 0 0 0 1 0 0 0 0 
0 0 0 0 0 0 0 0 1 0 

1
7 358
7 358
1 0 0 0 0 0 0 0 0 0 
0 0 1 0 0 0 0 0 0 0 
0 1 0 0 0 0 0 0 0 0 
1 0 0 0 0 0 0 0 0 0 
1 0 0 0 0 0 0 0 0 0 
0 0 0 0 0 1 0 0 0 0 
0 0 0 0 0 0 1 0 0 0 
1 0 0 0 0 0 0 0 0 0 
0 0 0 0 0 0 0 0 1 0 

1
7 359
7 359
1 0 0 0 0 0 0 0 0 0 
0 0 1 0 0 0 0 0 0 0 
0 1 0 0 0 0 0 0 0 0 
0 0 0 1 0 0 0 0 0 0 
0 0 0 1 0 0 0 0 0 0 
0 0 0 0 0 1 0 0 0 0 
0 0 0 0 0 0 1 0 0 0 
0 0 0 1 0 0 0 0 0 0 
0 0 0 0 0 0 0 0 1 0 

1
7 376
7 376
1 0 0 0 0 0 0 0 0 0 
1 0 0 0 0 0 0 0 0 0 
1 0 0 0 0 0 0 0 0 0 
0 0 0 0 1 0 0 0 0 0 
0 0 0 1 0 0 0 0 0 0 
0 0 0 0 0 1 0 0 0 0 
0 0 0 0 0 0 1 0 0 0 
1 0 0 0 0 0 0 0 0 0 
0 0 0 0 0 0 0 0 1 0 

1
7 377
7 377
1 0 0 0 0 0 0 0 0 0 
0 1 0 0 0 0 0 0 0 0 
0 1 0 0 0 0 0 0 0 0 
0 0 0 0 1 0 0 0 0 0 
0 0 0 1 0 0 0 0 0 0 
0 0 0 0 0 1 0 0 0 0 
0 0 0 0 0 0 1 0 0 0 
0 1 0 0 0 0 0 0 0 0 
0 0 0 0 0 0 0 0 1 0 

1
7 382
7 382
1 0 0 0 0 0 0 0 0 0 
0 0 1 0 0 0 0 0 0 0 
0 1 0 0 0 0 0 0 0 0 
0 0 0 0 1 0 0 0 0 0 
0 0 0 1 0 0 0 0 0 0 
0 0 0 0 0 1 0 0 0 0 
0 0 0 0 0 0 1 0 0 0 
1 0 0 0 0 0 0 0 0 0 
0 0 0 0 0 0 0 0 1 0 

1
7 383
7 383
1 0 0 0 0 0 0 0 0 0 
0 0 1 0 0 0 0 0 0 0 
0 1 0 0 0 0 0 0 0 0 
0 0 0 0 1 0 0 0 0 0 
0 0 0 1 0 0 0 0 0 0 
0 0 0 0 0 1 0 0 0 0 
0 0 0 0 0 0 1 0 0 0 
0 0 0 0 0 0 0 1 0 0 
0 0 0 0 0 0 0 0 1 0 

0
7 394
7 394
-1 1 0 0 0 0 0 1 0 -2*m1^2+mm^2-t 
0 0 0 0 0 0 0 1 0 0 
0 1 -1 0 0 0 0 1 0 2*s 
0 0 0 1 0 0 0 0 0 0 
0 0 0 0 1 0 0 0 0 0 
0 1 0 2 0 -1 -1 1 1 -mm^2 
0 0 0 0 0 0 1 0 0 0 
0 1 0 0 0 0 0 0 0 0 
0 0 0 0 0 0 0 0 1 0 

0
7 396
7 396
-1 0 1 0 0 0 0 1 0 -s-2*m1^2+mm^2-t 
0 -1 1 0 0 0 0 1 0 0 
0 0 0 0 0 0 0 1 0 0 
0 0 0 1 0 0 0 0 0 0 
0 0 0 0 1 0 0 0 0 0 
0 0 1 1 1 -1 -1 1 1 -s-mm^2 
0 0 0 0 0 0 1 0 0 0 
0 0 1 0 0 0 0 0 0 0 
0 0 0 0 0 0 0 0 1 0 

1
7 409
7 409
1 0 0 0 0 0 0 0 0 0 
0 1 0 0 0 0 0 0 0 0 
0 1 0 0 0 0 0 0 0 0 
0 0 0 0 1 0 0 0 0 0 
0 0 0 1 0 0 0 0 0 0 
0 1 0 0 0 0 0 0 0 0 
0 1 0 0 0 0 0 0 0 0 
0 0 0 0 0 0 0 1 0 0 
0 0 0 0 0 0 0 0 1 0 

0
7 410
7 410
-1 1 0 0 0 0 0 1 0 -2*m1^2+mm^2-t 
0 0 0 0 0 0 0 1 0 0 
0 1 -1 0 0 0 0 1 0 2*s 
0 0 0 1 0 0 0 0 0 0 
0 0 0 0 1 0 0 0 0 0 
0 1 0 2 0 -1 -1 1 1 -mm^2 
0 0 0 0 0 0 1 0 0 0 
0 1 0 0 0 0 0 0 0 0 
0 0 0 0 0 0 0 0 1 0 

1
7 410
7 410
1 0 0 0 0 0 0 0 0 0 
0 1 0 0 0 0 0 0 0 0 
1 0 0 0 0 0 0 0 0 0 
0 0 0 0 1 0 0 0 0 0 
0 0 0 1 0 0 0 0 0 0 
1 0 0 0 0 0 0 0 0 0 
1 0 0 0 0 0 0 0 0 0 
0 0 0 0 0 0 0 1 0 0 
0 0 0 0 0 0 0 0 1 0 

1
7 410
7 410
1 0 0 0 0 0 0 0 0 0 
0 0 0 0 0 0 0 1 0 0 
1 0 0 0 0 0 0 0 0 0 
0 0 0 0 1 0 0 0 0 0 
0 0 0 1 0 0 0 0 0 0 
1 0 0 0 0 0 0 0 0 0 
1 0 0 0 0 0 0 0 0 0 
0 1 0 0 0 0 0 0 0 0 
0 0 0 0 0 0 0 0 1 0 

1
7 411
7 411
1 0 0 0 0 0 0 0 0 0 
0 1 0 0 0 0 0 0 0 0 
0 0 1 0 0 0 0 0 0 0 
0 0 0 0 1 0 0 0 0 0 
0 0 0 1 0 0 0 0 0 0 
0 0 1 0 0 0 0 0 0 0 
0 0 1 0 0 0 0 0 0 0 
0 0 0 0 0 0 0 1 0 0 
0 0 0 0 0 0 0 0 1 0 

0
7 412
7 412
-1 0 1 0 0 0 0 1 0 -s-2*m1^2+mm^2-t 
0 -1 1 0 0 0 0 1 0 0 
0 0 0 0 0 0 0 1 0 0 
0 0 0 1 0 0 0 0 0 0 
0 0 0 0 1 0 0 0 0 0 
0 0 1 1 1 -1 -1 1 1 -s-mm^2 
0 0 0 0 0 0 1 0 0 0 
0 0 1 0 0 0 0 0 0 0 
0 0 0 0 0 0 0 0 1 0 

1
7 412
7 412
1 0 0 0 0 0 0 0 0 0 
1 0 0 0 0 0 0 0 0 0 
0 0 1 0 0 0 0 0 0 0 
0 0 0 0 1 0 0 0 0 0 
0 0 0 1 0 0 0 0 0 0 
1 0 0 0 0 0 0 0 0 0 
1 0 0 0 0 0 0 0 0 0 
0 0 0 0 0 0 0 1 0 0 
0 0 0 0 0 0 0 0 1 0 

1
7 412
7 412
1 0 0 0 0 0 0 0 0 0 
1 0 0 0 0 0 0 0 0 0 
0 0 0 0 0 0 0 1 0 0 
0 0 0 0 1 0 0 0 0 0 
0 0 0 1 0 0 0 0 0 0 
1 0 0 0 0 0 0 0 0 0 
1 0 0 0 0 0 0 0 0 0 
0 0 1 0 0 0 0 0 0 0 
0 0 0 0 0 0 0 0 1 0 

1
7 413
7 413
1 0 0 0 0 0 0 0 0 0 
0 1 0 0 0 0 0 0 0 0 
0 0 1 0 0 0 0 0 0 0 
0 0 0 0 1 0 0 0 0 0 
0 0 0 1 0 0 0 0 0 0 
0 1 0 0 0 0 0 0 0 0 
0 1 0 0 0 0 0 0 0 0 
0 0 0 0 0 0 0 1 0 0 
0 0 0 0 0 0 0 0 1 0 

1
7 414
7 414
1 0 0 0 0 0 0 0 0 0 
0 1 0 0 0 0 0 0 0 0 
0 0 1 0 0 0 0 0 0 0 
0 0 0 0 1 0 0 0 0 0 
0 0 0 1 0 0 0 0 0 0 
1 0 0 0 0 0 0 0 0 0 
1 0 0 0 0 0 0 0 0 0 
0 0 0 0 0 0 0 1 0 0 
0 0 0 0 0 0 0 0 1 0 

1
7 415
7 415
1 0 0 0 0 0 0 0 0 0 
0 1 0 0 0 0 0 0 0 0 
0 0 1 0 0 0 0 0 0 0 
0 0 0 0 1 0 0 0 0 0 
0 0 0 1 0 0 0 0 0 0 
0 0 0 0 0 1 0 0 0 0 
0 0 0 0 0 1 0 0 0 0 
0 0 0 0 0 0 0 1 0 0 
0 0 0 0 0 0 0 0 1 0 

0
7 458
7 458
-1 1 0 0 0 0 0 1 0 -2*m1^2+mm^2-t 
0 0 0 0 0 0 0 1 0 0 
0 1 -1 0 0 0 0 1 0 2*s 
0 0 0 1 0 0 0 0 0 0 
0 0 0 0 1 0 0 0 0 0 
0 1 0 2 0 -1 -1 1 1 -mm^2 
0 0 0 0 0 0 1 0 0 0 
0 1 0 0 0 0 0 0 0 0 
0 0 0 0 0 0 0 0 1 0 

0
7 460
7 460
-1 0 1 0 0 0 0 1 0 -s-2*m1^2+mm^2-t 
0 -1 1 0 0 0 0 1 0 0 
0 0 0 0 0 0 0 1 0 0 
0 0 0 1 0 0 0 0 0 0 
0 0 0 0 1 0 0 0 0 0 
0 0 1 1 1 -1 -1 1 1 -s-mm^2 
0 0 0 0 0 0 1 0 0 0 
0 0 1 0 0 0 0 0 0 0 
0 0 0 0 0 0 0 0 1 0 

1
7 473
7 473
1 0 0 0 0 0 0 0 0 0 
0 1 0 0 0 0 0 0 0 0 
0 1 0 0 0 0 0 0 0 0 
0 0 0 0 1 0 0 0 0 0 
0 0 0 1 0 0 0 0 0 0 
0 1 0 0 0 0 0 0 0 0 
0 0 0 0 0 0 1 0 0 0 
0 0 0 0 0 0 0 1 0 0 
0 0 0 0 0 0 0 0 1 0 

0
7 474
7 474
-1 1 0 0 0 0 0 1 0 -2*m1^2+mm^2-t 
0 0 0 0 0 0 0 1 0 0 
0 1 -1 0 0 0 0 1 0 2*s 
0 0 0 1 0 0 0 0 0 0 
0 0 0 0 1 0 0 0 0 0 
0 1 0 2 0 -1 -1 1 1 -mm^2 
0 0 0 0 0 0 1 0 0 0 
0 1 0 0 0 0 0 0 0 0 
0 0 0 0 0 0 0 0 1 0 

1
7 474
7 474
1 0 0 0 0 0 0 0 0 0 
0 1 0 0 0 0 0 0 0 0 
1 0 0 0 0 0 0 0 0 0 
0 0 0 0 1 0 0 0 0 0 
0 0 0 1 0 0 0 0 0 0 
1 0 0 0 0 0 0 0 0 0 
0 0 0 0 0 0 1 0 0 0 
0 0 0 0 0 0 0 1 0 0 
0 0 0 0 0 0 0 0 1 0 

1
7 474
7 474
1 0 0 0 0 0 0 0 0 0 
0 0 0 0 0 0 0 1 0 0 
1 0 0 0 0 0 0 0 0 0 
0 0 0 0 1 0 0 0 0 0 
0 0 0 1 0 0 0 0 0 0 
1 0 0 0 0 0 0 0 0 0 
0 0 0 0 0 0 1 0 0 0 
0 1 0 0 0 0 0 0 0 0 
0 0 0 0 0 0 0 0 1 0 

1
7 475
7 475
1 0 0 0 0 0 0 0 0 0 
0 1 0 0 0 0 0 0 0 0 
0 0 1 0 0 0 0 0 0 0 
0 0 0 0 1 0 0 0 0 0 
0 0 0 1 0 0 0 0 0 0 
0 0 1 0 0 0 0 0 0 0 
0 0 0 0 0 0 1 0 0 0 
0 0 0 0 0 0 0 1 0 0 
0 0 0 0 0 0 0 0 1 0 

0
7 476
7 476
-1 0 1 0 0 0 0 1 0 -s-2*m1^2+mm^2-t 
0 -1 1 0 0 0 0 1 0 0 
0 0 0 0 0 0 0 1 0 0 
0 0 0 1 0 0 0 0 0 0 
0 0 0 0 1 0 0 0 0 0 
0 0 1 1 1 -1 -1 1 1 -s-mm^2 
0 0 0 0 0 0 1 0 0 0 
0 0 1 0 0 0 0 0 0 0 
0 0 0 0 0 0 0 0 1 0 

1
7 476
7 476
1 0 0 0 0 0 0 0 0 0 
1 0 0 0 0 0 0 0 0 0 
0 0 1 0 0 0 0 0 0 0 
0 0 0 0 1 0 0 0 0 0 
0 0 0 1 0 0 0 0 0 0 
1 0 0 0 0 0 0 0 0 0 
0 0 0 0 0 0 1 0 0 0 
0 0 0 0 0 0 0 1 0 0 
0 0 0 0 0 0 0 0 1 0 

1
7 476
7 476
1 0 0 0 0 0 0 0 0 0 
1 0 0 0 0 0 0 0 0 0 
0 0 0 0 0 0 0 1 0 0 
0 0 0 0 1 0 0 0 0 0 
0 0 0 1 0 0 0 0 0 0 
1 0 0 0 0 0 0 0 0 0 
0 0 0 0 0 0 1 0 0 0 
0 0 1 0 0 0 0 0 0 0 
0 0 0 0 0 0 0 0 1 0 

1
7 477
7 477
1 0 0 0 0 0 0 0 0 0 
0 1 0 0 0 0 0 0 0 0 
0 0 1 0 0 0 0 0 0 0 
0 0 0 0 1 0 0 0 0 0 
0 0 0 1 0 0 0 0 0 0 
0 1 0 0 0 0 0 0 0 0 
0 0 0 0 0 0 1 0 0 0 
0 0 0 0 0 0 0 1 0 0 
0 0 0 0 0 0 0 0 1 0 

1
7 478
7 478
1 0 0 0 0 0 0 0 0 0 
0 1 0 0 0 0 0 0 0 0 
0 0 1 0 0 0 0 0 0 0 
0 0 0 0 1 0 0 0 0 0 
0 0 0 1 0 0 0 0 0 0 
1 0 0 0 0 0 0 0 0 0 
0 0 0 0 0 0 1 0 0 0 
0 0 0 0 0 0 0 1 0 0 
0 0 0 0 0 0 0 0 1 0 

1
7 479
7 479
1 0 0 0 0 0 0 0 0 0 
0 1 0 0 0 0 0 0 0 0 
0 0 1 0 0 0 0 0 0 0 
0 0 0 0 1 0 0 0 0 0 
0 0 0 1 0 0 0 0 0 0 
0 0 0 0 0 1 0 0 0 0 
0 0 0 0 0 0 1 0 0 0 
0 0 0 0 0 0 0 1 0 0 
0 0 0 0 0 0 0 0 1 0 

0
7 482
7 482
0 0 0 1 0 0 0 0 0 m2^2-m1^2 
0 0 0 0 0 0 0 0 1 0 
0 0 0 1 -1 0 0 0 1 s 
1 0 0 0 0 0 0 0 0 -m2^2+m1^2 
1 1 -1 0 0 0 0 0 0 -m2^2+s+m1^2 
0 0 0 0 0 1 0 0 0 0 
0 0 0 0 0 0 0 1 0 0 
0 0 0 0 0 0 1 0 0 0 
0 1 0 0 0 0 0 0 0 0 

