0
8 2
1 1
2 -1 0 0 2*m1^2 
1 0 0 0 0 
1 -1 1 0 s+m1^2 
1 -1 0 1 -m2^2+m1^2-t+mm^2 

0
8 3
1 3
0 1 0 0 0 
1 0 0 0 0 
1 1 -1 0 s+m1^2 
1 1 0 -1 -m2^2+m1^2+t+mm^2 

0
8 6
7 6
-1 1 1 0 -s+m1^2 
0 0 1 0 0 
0 1 0 0 0 
0 1 1 -1 -s-2*m2^2+m1^2+2*mm^2 

1
8 7
7 7
1 0 0 0 0 
0 0 1 0 0 
0 1 0 0 0 
0 0 0 1 0 

0
8 8
6 2
1 1 -1 0 m2^2+m1^2+t-mm^2 
1 0 0 0 0 
1 1 0 -1 s+m1^2 
0 1 0 0 0 

0
8 9
7 9
1 0 0 0 0 
0 1 0 0 -m1^2 
0 0 1 0 m1^2 
0 0 0 1 0 

0
8 10
6 3
1 1 -1 0 m2^2+m1^2+t-mm^2 
1 0 0 0 0 
1 1 0 -1 s+m1^2 
0 1 0 0 0 

1
8 11
7 13
1 0 0 0 0 
0 0 1 0 0 
0 1 0 0 0 
0 0 0 1 0 

1
8 12
7 10
1 0 0 0 0 
1 0 0 0 0 
0 1 0 0 0 
0 0 0 1 0 

1
8 13
7 11
1 0 0 0 0 
0 0 1 0 0 
0 1 0 0 0 
0 0 0 1 0 

1
8 14
7 14
1 0 0 0 0 
0 0 1 0 0 
0 1 0 0 0 
0 0 0 1 0 

1
8 15
7 15
1 0 0 0 0 
0 0 1 0 0 
0 1 0 0 0 
0 0 0 1 0 

