B16[0, 0, 1, 1, 1, 1, 0, 0, 0]
B16[0, 1, 1, 0, 1, 1, 0, 0, 0]
B16[1, 0, 0, 1, 1, 1, 0, 0, 0]
B16[1, 0, 1, 1, 1, 0, 0, 0, 0]
B16[1, 0, 1, 1, 1, 1, 0, -1, 0]
B16[1, 0, 1, 1, 1, 1, 0, 0, 0]
B16[1, 1, 0, 0, 1, 1, 0, 0, 0]
B16[1, 1, 1, 0, 1, 0, 0, 0, 0]
B16[1, 1, 1, 0, 1, 1, 0, -1, 0]
B16[1, 1, 1, 0, 1, 1, 0, 0, 0]
B16[0, 0, 1, 1, 1, 1, 0, 0, 0]
B16[0, 1, 1, 0, 1, 1, 0, 0, 0]
B16[1, 0, 0, 1, 1, 1, 0, 0, 0]
B16[1, 0, 1, 1, 1, 0, 0, 0, 0]
B16[1, 0, 1, 1, 1, 1, 0, -1, 0]
B16[1, 0, 1, 1, 1, 1, 0, 0, 0]
B16[1, 1, 0, 0, 1, 1, 0, 0, 0]
B16[1, 1, 1, 0, 1, 0, 0, 0, 0]
B16[1, 1, 1, 0, 1, 1, 0, -1, 0]
B16[1, 1, 1, 0, 1, 1, 0, 0, 0]
B16[0, -1, 1, 1, 1, 1, 0, 0, 0]
B16[0, 0, 0, 1, 1, 1, 0, 0, 0]
B16[0, 0, 1, 1, 0, 1, 0, 0, 0]
B16[0, 0, 1, 1, 1, 0, 0, 0, 0]
B16[0, 1, 0, 0, 1, 1, 0, 0, 0]
B16[0, 1, 1, -1, 1, 1, 0, 0, 0]
B16[0, 1, 1, 0, 0, 1, 0, 0, 0]
B16[0, 1, 1, 0, 1, 0, 0, 0, 0]
B16[1, -1, 0, 1, 1, 1, 0, 0, 0]
B16[1, -1, 1, 1, 1, 0, 0, 0, 0]
B16[1, -1, 1, 1, 1, 1, 0, -1, 0]
B16[1, -1, 1, 1, 1, 1, 0, 0, 0]
B16[1, 0, -1, 1, 1, 1, 0, 0, 0]
B16[1, 0, 0, 1, 0, 1, 0, 0, 0]
B16[1, 0, 0, 1, 1, 0, 0, 0, 0]
B16[1, 0, 0, 1, 1, 1, 0, -1, 0]
B16[1, 0, 1, 1, 0, 0, 0, 0, 0]
B16[1, 0, 1, 1, 0, 1, 0, -1, 0]
B16[1, 0, 1, 1, 0, 1, 0, 0, 0]
B16[1, 0, 1, 1, 1, -1, 0, 0, 0]
B16[1, 0, 1, 1, 1, 0, 0, -1, 0]
B16[1, 1, -1, 0, 1, 1, 0, 0, 0]
B16[1, 1, 0, -1, 1, 1, 0, 0, 0]
B16[1, 1, 0, 0, 0, 1, 0, 0, 0]
B16[1, 1, 0, 0, 1, 0, 0, 0, 0]
B16[1, 1, 0, 0, 1, 1, 0, -1, 0]
B16[1, 1, 1, -1, 1, 0, 0, 0, 0]
B16[1, 1, 1, -1, 1, 1, 0, -1, 0]
B16[1, 1, 1, -1, 1, 1, 0, 0, 0]
B16[1, 1, 1, 0, 0, 0, 0, 0, 0]
B16[1, 1, 1, 0, 0, 1, 0, -1, 0]
B16[1, 1, 1, 0, 0, 1, 0, 0, 0]
B16[1, 1, 1, 0, 1, -1, 0, 0, 0]
B16[1, 1, 1, 0, 1, 0, 0, -1, 0]
B16[0, -1, 1, 1, 1, 1, 0, 0, 0]
B16[0, 0, 0, 1, 1, 1, 0, 0, 0]
B16[0, 0, 1, 1, 0, 1, 0, 0, 0]
B16[0, 0, 1, 1, 1, 0, 0, 0, 0]
B16[0, 1, 0, 0, 1, 1, 0, 0, 0]
B16[0, 1, 1, -1, 1, 1, 0, 0, 0]
B16[0, 1, 1, 0, 0, 1, 0, 0, 0]
B16[0, 1, 1, 0, 1, 0, 0, 0, 0]
B16[1, -1, 0, 1, 1, 1, 0, 0, 0]
B16[1, -1, 1, 1, 1, 0, 0, 0, 0]
B16[1, -1, 1, 1, 1, 1, 0, -1, 0]
B16[1, -1, 1, 1, 1, 1, 0, 0, 0]
B16[1, 0, -1, 1, 1, 1, 0, 0, 0]
B16[1, 0, 0, 1, 0, 1, 0, 0, 0]
B16[1, 0, 0, 1, 1, 0, 0, 0, 0]
B16[1, 0, 0, 1, 1, 1, 0, -1, 0]
B16[1, 0, 1, 1, 0, 0, 0, 0, 0]
B16[1, 0, 1, 1, 0, 1, 0, -1, 0]
B16[1, 0, 1, 1, 0, 1, 0, 0, 0]
B16[1, 0, 1, 1, 1, -1, 0, 0, 0]
B16[1, 0, 1, 1, 1, 0, 0, -1, 0]
B16[1, 1, -1, 0, 1, 1, 0, 0, 0]
B16[1, 1, 0, -1, 1, 1, 0, 0, 0]
B16[1, 1, 0, 0, 0, 1, 0, 0, 0]
B16[1, 1, 0, 0, 1, 0, 0, 0, 0]
B16[1, 1, 0, 0, 1, 1, 0, -1, 0]
B16[1, 1, 1, -1, 1, 0, 0, 0, 0]
B16[1, 1, 1, -1, 1, 1, 0, -1, 0]
B16[1, 1, 1, -1, 1, 1, 0, 0, 0]
B16[1, 1, 1, 0, 0, 0, 0, 0, 0]
B16[1, 1, 1, 0, 0, 1, 0, -1, 0]
B16[1, 1, 1, 0, 0, 1, 0, 0, 0]
B16[1, 1, 1, 0, 1, -1, 0, 0, 0]
B16[1, 1, 1, 0, 1, 0, 0, -1, 0]
B16[0, 0, 1, 0, 1, 1, 0, 0, 0]
B16[1, 0, 0, 0, 1, 1, 0, 0, 0]
B16[1, 0, 0, 1, 1, 1, -1, 0, 0]
B16[1, 0, 1, 0, 1, 0, 0, 0, 0]
B16[1, 0, 1, 0, 1, 1, 0, -1, 0]
B16[1, 0, 1, 0, 1, 1, 0, 0, 0]
B16[1, 0, 1, 1, 1, 0, -1, 0, 0]
B16[1, 0, 1, 1, 1, 1, -1, 0, 0]
B16[1, 1, 0, 0, 1, 1, -1, 0, 0]
B16[1, 1, 1, 0, 1, 0, -1, 0, 0]
B16[1, 1, 1, 0, 1, 1, -1, 0, 0]
B16[-1, 0, 1, 1, 1, 1, 0, 0, 0]
B16[-1, 1, 1, 0, 1, 1, 0, 0, 0]
B16[0, 0, 1, 1, 1, 1, -1, 0, 0]
B16[0, 0, 1, 1, 1, 1, 0, -1, 0]
B16[0, 0, 1, 1, 1, 1, 0, 0, -1]
B16[0, 1, 1, 0, 1, 1, -1, 0, 0]
B16[0, 1, 1, 0, 1, 1, 0, -1, 0]
B16[0, 1, 1, 0, 1, 1, 0, 0, -1]
B16[1, -2, 1, 1, 1, 1, 0, 0, 0]
B16[1, -1, 1, 0, 1, 1, 0, 0, 0]
B16[1, -1, 1, 1, 0, 1, 0, 0, 0]
B16[1, -1, 1, 1, 1, 1, -1, 0, 0]
B16[1, -1, 1, 1, 1, 1, 0, 0, -1]
B16[1, 0, 0, 1, 1, 1, 0, 0, -1]
B16[1, 0, 1, -1, 1, 1, 0, 0, 0]
B16[1, 0, 1, 0, 0, 1, 0, 0, 0]
B16[1, 0, 1, 0, 1, 1, -1, 0, 0]
B16[1, 0, 1, 0, 1, 1, 0, 0, -1]
B16[1, 0, 1, 1, 0, 1, -1, 0, 0]
B16[1, 0, 1, 1, 0, 1, 0, 0, -1]
B16[1, 0, 1, 1, 1, 0, 0, 0, -1]
B16[1, 0, 1, 1, 1, 1, -2, 0, 0]
B16[1, 0, 1, 1, 1, 1, -1, -1, 0]
B16[1, 0, 1, 1, 1, 1, -1, 0, -1]
B16[1, 0, 1, 1, 1, 1, 0, -1, -1]
B16[1, 0, 1, 1, 1, 1, 0, 0, -2]
B16[1, 0, 1, 1, 1, 1, 0, 0, -1]
B16[1, 1, 0, 0, 1, 1, 0, 0, -1]
B16[1, 1, 1, -1, 0, 1, 0, 0, 0]
B16[1, 1, 1, -1, 1, 1, -1, 0, 0]
B16[1, 1, 1, -1, 1, 1, 0, 0, -1]
B16[1, 1, 1, 0, 0, 1, -1, 0, 0]
B16[1, 1, 1, 0, 0, 1, 0, 0, -1]
B16[1, 1, 1, 0, 1, 0, 0, 0, -1]
B16[1, 1, 1, 0, 1, 1, -2, 0, 0]
B16[1, 1, 1, 0, 1, 1, -1, -1, 0]
B16[1, 1, 1, 0, 1, 1, -1, 0, -1]
B16[1, 1, 1, 0, 1, 1, 0, -1, -1]
B16[1, 1, 1, 0, 1, 1, 0, 0, -2]
B16[1, 1, 1, 0, 1, 1, 0, 0, -1]
B16[0, 0, 1, 0, 1, 1, 0, 0, 0]
B16[1, 0, 0, 0, 1, 1, 0, 0, 0]
B16[1, 0, 1, 0, 1, 0, 0, 0, 0]
B16[1, 0, 1, 0, 1, 1, 0, -1, 0]
B16[1, 0, 1, 0, 1, 1, 0, 0, 0]