B63[0, 0, 1, 1, 1, 1, 0]
B63[0, 1, 1, 0, 1, 1, 0]
B63[0, 1, 1, 1, 1, 0, 0]
B63[0, 1, 1, 1, 1, 1, 0]
B63[1, 0, 0, 1, 1, 1, 0]
B63[1, 1, 0, 0, 1, 1, 0]
B63[1, 1, 0, 1, 1, 0, 0]
B63[1, 1, 0, 1, 1, 1, 0]
B63[0, 0, 1, 1, 1, 1, 0]
B63[0, 1, 1, 0, 1, 1, 0]
B63[0, 1, 1, 1, 1, 0, 0]
B63[0, 1, 1, 1, 1, 1, 0]
B63[1, 0, 0, 1, 1, 1, 0]
B63[1, 1, 0, 0, 1, 1, 0]
B63[1, 1, 0, 1, 1, 0, 0]
B63[1, 1, 0, 1, 1, 1, 0]
B63[-1, 0, 1, 1, 1, 1, 0]
B63[-1, 1, 1, 0, 1, 1, 0]
B63[-1, 1, 1, 1, 1, 0, 0]
B63[-1, 1, 1, 1, 1, 1, 0]
B63[0, -1, 1, 1, 1, 1, 0]
B63[0, 0, 1, 0, 1, 1, 0]
B63[0, 0, 1, 1, 0, 1, 0]
B63[0, 0, 1, 1, 1, 0, 0]
B63[0, 1, 1, -1, 1, 1, 0]
B63[0, 1, 1, 0, 0, 1, 0]
B63[0, 1, 1, 0, 1, 0, 0]
B63[0, 1, 1, 1, 0, 0, 0]
B63[0, 1, 1, 1, 0, 1, 0]
B63[1, -1, 0, 1, 1, 1, 0]
B63[1, 0, -1, 1, 1, 1, 0]
B63[1, 0, 0, 0, 1, 1, 0]
B63[1, 0, 0, 1, 0, 1, 0]
B63[1, 0, 0, 1, 1, 0, 0]
B63[1, 1, -1, 0, 1, 1, 0]
B63[1, 1, -1, 1, 1, 0, 0]
B63[1, 1, -1, 1, 1, 1, 0]
B63[1, 1, 0, -1, 1, 1, 0]
B63[1, 1, 0, 0, 0, 1, 0]
B63[1, 1, 0, 0, 1, 0, 0]
B63[1, 1, 0, 1, 0, 0, 0]
B63[1, 1, 0, 1, 0, 1, 0]
B63[-1, 0, 1, 1, 1, 1, 0]
B63[-1, 1, 1, 0, 1, 1, 0]
B63[-1, 1, 1, 1, 1, 0, 0]
B63[-1, 1, 1, 1, 1, 1, 0]
B63[0, -1, 1, 1, 1, 1, 0]
B63[0, 0, 1, 0, 1, 1, 0]
B63[0, 0, 1, 1, 0, 1, 0]
B63[0, 0, 1, 1, 1, 0, 0]
B63[0, 1, 1, -1, 1, 1, 0]
B63[0, 1, 1, 0, 0, 1, 0]
B63[0, 1, 1, 0, 1, 0, 0]
B63[0, 1, 1, 1, 0, 0, 0]
B63[0, 1, 1, 1, 0, 1, 0]
B63[1, -1, 0, 1, 1, 1, 0]
B63[1, 0, -1, 1, 1, 1, 0]
B63[1, 0, 0, 0, 1, 1, 0]
B63[1, 0, 0, 1, 0, 1, 0]
B63[1, 0, 0, 1, 1, 0, 0]
B63[1, 1, -1, 0, 1, 1, 0]
B63[1, 1, -1, 1, 1, 0, 0]
B63[1, 1, -1, 1, 1, 1, 0]
B63[1, 1, 0, -1, 1, 1, 0]
B63[1, 1, 0, 0, 0, 1, 0]
B63[1, 1, 0, 0, 1, 0, 0]
B63[1, 1, 0, 1, 0, 0, 0]
B63[1, 1, 0, 1, 0, 1, 0]
B63[0, 0, 0, 1, 1, 1, 0]
B63[0, 0, 1, 1, 1, 1, -1]
B63[0, 1, 0, 0, 1, 1, 0]
B63[0, 1, 0, 1, 1, 0, 0]
B63[0, 1, 0, 1, 1, 1, 0]
B63[0, 1, 1, 0, 1, 1, -1]
B63[0, 1, 1, 1, 1, 1, -1]
B63[1, 0, 0, 1, 1, 1, -1]
B63[1, 1, 0, 0, 1, 1, -1]
B63[1, 1, 0, 1, 1, 1, -1]
B63[-2, 1, 1, 1, 1, 1, 0]
B63[-1, 1, 0, 1, 1, 1, 0]
B63[-1, 1, 1, 1, 0, 1, 0]
B63[-1, 1, 1, 1, 1, 1, -1]
B63[0, 1, -1, 1, 1, 1, 0]
B63[0, 1, 0, 1, 0, 1, 0]
B63[0, 1, 0, 1, 1, 1, -1]
B63[0, 1, 1, 1, 0, 1, -1]
B63[0, 1, 1, 1, 1, -1, 0]
B63[0, 1, 1, 1, 1, 0, -1]
B63[0, 1, 1, 1, 1, 1, -2]
B63[1, 1, -2, 1, 1, 1, 0]
B63[1, 1, -1, 1, 0, 1, 0]
B63[1, 1, -1, 1, 1, 1, -1]
B63[1, 1, 0, 1, 0, 1, -1]
B63[1, 1, 0, 1, 1, -1, 0]
B63[1, 1, 0, 1, 1, 0, -1]
B63[1, 1, 0, 1, 1, 1, -2]
B63[0, 0, 0, 1, 1, 1, 0]
B63[0, 1, 0, 0, 1, 1, 0]
B63[0, 1, 0, 1, 1, 0, 0]
B63[0, 1, 0, 1, 1, 1, 0]