F41[-3, 1, 2, 1, 1, 0, 0, 0, 0]
F41[-2, 0, 2, 1, 1, 0, 0, 0, 0]
F41[-2, 1, 1, 1, 1, 0, 0, 0, 0]
F41[-2, 1, 2, 0, 1, 0, 0, 0, 0]
F41[-2, 1, 2, 1, 0, 0, 0, 0, 0]
F41[-2, 1, 2, 1, 1, -1, 0, 0, 0]
F41[-2, 1, 2, 1, 1, 0, -1, 0, 0]
F41[-2, 1, 2, 1, 1, 0, 0, -1, 0]
F41[-2, 1, 2, 1, 1, 0, 0, 0, -1]
F41[-2, 1, 2, 1, 1, 0, 0, 0, 0]
F41[-1, 0, 2, 1, 0, 0, 0, 0, 0]
F41[-1, 0, 2, 1, 1, 0, 0, -1, 0]
F41[-1, 0, 2, 1, 1, 0, 0, 0, 0]
F41[-1, 1, 0, 1, 1, 0, 0, 0, 0]
F41[-1, 1, 1, 1, 1, -1, 0, 0, 0]
F41[-1, 1, 1, 1, 1, 0, 0, -1, 0]
F41[-1, 1, 1, 1, 1, 0, 0, 0, -1]
F41[-1, 1, 1, 1, 1, 0, 0, 0, 0]
F41[-1, 1, 2, 0, 0, 0, 0, 0, 0]
F41[-1, 1, 2, 0, 1, 0, 0, -1, 0]
F41[-1, 1, 2, 0, 1, 0, 0, 0, 0]
F41[-1, 1, 2, 1, 0, -1, 0, 0, 0]
F41[-1, 1, 2, 1, 0, 0, -1, 0, 0]
F41[-1, 1, 2, 1, 0, 0, 0, -1, 0]
F41[-1, 1, 2, 1, 0, 0, 0, 0, -1]
F41[-1, 1, 2, 1, 0, 0, 0, 0, 0]
F41[-1, 1, 2, 1, 1, -1, 0, -1, 0]
F41[-1, 1, 2, 1, 1, -1, 0, 0, 0]
F41[-1, 1, 2, 1, 1, 0, -1, -1, 0]
F41[-1, 1, 2, 1, 1, 0, -1, 0, 0]
F41[-1, 1, 2, 1, 1, 0, 0, -2, 0]
F41[-1, 1, 2, 1, 1, 0, 0, -1, -1]
F41[-1, 1, 2, 1, 1, 0, 0, -1, 0]
F41[-1, 1, 2, 1, 1, 0, 0, 0, -1]
F41[-1, 1, 2, 1, 1, 0, 0, 0, 0]
F41[0, -1, 2, 1, 1, 0, 0, 0, 0]
F41[0, 0, 0, 1, 1, 0, 0, 0, 0]
F41[0, 0, 1, 1, 0, 0, 0, 0, 0]
F41[0, 0, 1, 1, 1, 0, 0, -1, 0]
F41[0, 0, 1, 1, 1, 0, 0, 0, 0]
F41[0, 0, 2, 0, 1, 0, 0, 0, 0]
F41[0, 0, 2, 1, -1, 0, 0, 0, 0]
F41[0, 0, 2, 1, 0, 0, 0, -1, 0]
F41[0, 0, 2, 1, 0, 0, 0, 0, 0]
F41[0, 0, 2, 1, 1, -1, 0, 0, 0]
F41[0, 0, 2, 1, 1, 0, -1, 0, 0]
F41[0, 0, 2, 1, 1, 0, 0, -2, 0]
F41[0, 0, 2, 1, 1, 0, 0, -1, 0]
F41[0, 0, 2, 1, 1, 0, 0, 0, -1]
F41[0, 0, 2, 1, 1, 0, 0, 0, 0]
F41[0, 1, -1, 1, 1, 0, 0, 0, 0]
F41[0, 1, 0, 0, 1, 0, 0, 0, 0]
F41[0, 1, 0, 1, 0, 0, 0, 0, 0]
F41[0, 1, 0, 1, 1, -1, 0, 0, 0]
F41[0, 1, 0, 1, 1, 0, -1, 0, 0]
F41[0, 1, 0, 1, 1, 0, 0, -1, 0]
F41[0, 1, 0, 1, 1, 0, 0, 0, -1]
F41[0, 1, 0, 1, 1, 0, 0, 0, 0]
F41[0, 1, 1, 0, 0, 0, 0, 0, 0]
F41[0, 1, 1, 0, 1, 0, 0, -1, 0]
F41[0, 1, 1, 0, 1, 0, 0, 0, 0]
F41[0, 1, 1, 1, 0, -1, 0, 0, 0]
F41[0, 1, 1, 1, 0, 0, -1, 0, 0]
F41[0, 1, 1, 1, 0, 0, 0, 0, -1]
F41[0, 1, 1, 1, 0, 0, 0, 0, 0]
F41[0, 1, 1, 1, 1, -1, 0, -1, 0]
F41[0, 1, 1, 1, 1, -1, 0, 0, 0]
F41[0, 1, 1, 1, 1, 0, -1, -1, 0]
F41[0, 1, 1, 1, 1, 0, -1, 0, 0]
F41[0, 1, 1, 1, 1, 0, 0, -1, -1]
F41[0, 1, 1, 1, 1, 0, 0, -1, 0]
F41[0, 1, 1, 1, 1, 0, 0, 0, -1]
F41[0, 1, 1, 1, 1, 0, 0, 0, 0]
F41[0, 1, 2, 0, 0, 0, 0, -1, 0]
F41[0, 1, 2, 0, 0, 0, 0, 0, 0]
F41[0, 1, 2, 0, 1, -1, 0, 0, 0]
F41[0, 1, 2, 0, 1, 0, -1, 0, 0]
F41[0, 1, 2, 0, 1, 0, 0, -2, 0]
F41[0, 1, 2, 0, 1, 0, 0, -1, 0]
F41[0, 1, 2, 0, 1, 0, 0, 0, -1]
F41[0, 1, 2, 0, 1, 0, 0, 0, 0]
F41[0, 1, 2, 1, -1, 0, 0, 0, -1]
F41[0, 1, 2, 1, -1, 0, 0, 0, 0]
F41[0, 1, 2, 1, 0, -1, 0, -1, 0]
F41[0, 1, 2, 1, 0, -1, 0, 0, 0]
F41[0, 1, 2, 1, 0, 0, -1, -1, 0]
F41[0, 1, 2, 1, 0, 0, -1, 0, 0]
F41[0, 1, 2, 1, 0, 0, 0, -1, -1]
F41[0, 1, 2, 1, 0, 0, 0, -1, 0]
F41[0, 1, 2, 1, 0, 0, 0, 0, -1]
F41[0, 1, 2, 1, 0, 0, 0, 0, 0]
F41[0, 1, 2, 1, 1, -2, 0, 0, 0]
F41[0, 1, 2, 1, 1, -1, -1, 0, 0]
F41[0, 1, 2, 1, 1, -1, 0, -2, 0]
F41[0, 1, 2, 1, 1, -1, 0, -1, 0]
F41[0, 1, 2, 1, 1, -1, 0, 0, -1]
F41[0, 1, 2, 1, 1, -1, 0, 0, 0]
F41[0, 1, 2, 1, 1, 0, -2, 0, 0]
F41[0, 1, 2, 1, 1, 0, -1, -2, 0]
F41[0, 1, 2, 1, 1, 0, -1, -1, 0]
F41[0, 1, 2, 1, 1, 0, -1, 0, 0]
F41[0, 1, 2, 1, 1, 0, 0, -2, 0]
F41[0, 1, 2, 1, 1, 0, 0, -1, -1]
F41[0, 1, 2, 1, 1, 0, 0, -1, 0]
F41[0, 1, 2, 1, 1, 0, 0, 0, -2]
F41[0, 1, 2, 1, 1, 0, 0, 0, -1]
F41[0, 1, 2, 1, 1, 0, 0, 0, 0]
F41[1, -1, 1, 1, 1, 0, 0, 0, 0]
F41[1, -1, 2, 1, 0, 0, 0, 0, 0]
F41[1, -1, 2, 1, 1, 0, 0, -1, 0]
F41[1, -1, 2, 1, 1, 0, 0, 0, 0]
F41[1, 0, 0, 1, 0, 0, 0, 0, 0]
F41[1, 0, 0, 1, 1, 0, 0, -1, 0]
F41[1, 0, 0, 1, 1, 0, 0, 0, 0]
F41[1, 0, 1, 0, 1, 0, 0, 0, 0]
F41[1, 0, 1, 1, -1, 0, 0, 0, 0]
F41[1, 0, 1, 1, 0, 0, 0, -1, 0]
F41[1, 0, 1, 1, 0, 0, 0, 0, 0]
F41[1, 0, 1, 1, 1, -1, 0, 0, 0]
F41[1, 0, 1, 1, 1, 0, -1, 0, 0]
F41[1, 0, 1, 1, 1, 0, 0, -2, 0]
F41[1, 0, 1, 1, 1, 0, 0, -1, 0]
F41[1, 0, 1, 1, 1, 0, 0, 0, -1]
F41[1, 0, 1, 1, 1, 0, 0, 0, 0]
F41[1, 0, 2, 0, 0, 0, 0, 0, 0]
F41[1, 0, 2, 0, 1, 0, 0, -1, 0]
F41[1, 0, 2, 0, 1, 0, 0, 0, 0]
F41[1, 0, 2, 1, -1, 0, 0, 0, 0]
F41[1, 0, 2, 1, 0, -1, 0, 0, 0]
F41[1, 0, 2, 1, 0, 0, -1, 0, 0]
F41[1, 0, 2, 1, 0, 0, 0, -1, 0]
F41[1, 0, 2, 1, 0, 0, 0, 0, -1]
F41[1, 0, 2, 1, 0, 0, 0, 0, 0]
F41[1, 0, 2, 1, 1, -1, 0, -1, 0]
F41[1, 0, 2, 1, 1, -1, 0, 0, 0]
F41[1, 0, 2, 1, 1, 0, -1, -1, 0]
F41[1, 0, 2, 1, 1, 0, -1, 0, 0]
F41[1, 0, 2, 1, 1, 0, 0, -2, 0]
F41[1, 0, 2, 1, 1, 0, 0, -1, -1]
F41[1, 0, 2, 1, 1, 0, 0, -1, 0]
F41[1, 0, 2, 1, 1, 0, 0, 0, -1]
F41[1, 0, 2, 1, 1, 0, 0, 0, 0]
F41[1, 1, -1, 1, 1, 0, 0, -1, 0]
F41[1, 1, -1, 1, 1, 0, 0, 0, 0]
F41[1, 1, 0, 0, 1, 0, 0, -1, 0]
F41[1, 1, 0, 0, 1, 0, 0, 0, 0]
F41[1, 1, 0, 1, 0, 0, 0, -1, 0]
F41[1, 1, 0, 1, 0, 0, 0, 0, -1]
F41[1, 1, 0, 1, 0, 0, 0, 0, 0]
F41[1, 1, 0, 1, 1, -1, 0, -1, 0]
F41[1, 1, 0, 1, 1, -1, 0, 0, 0]
F41[1, 1, 0, 1, 1, 0, -1, -1, 0]
F41[1, 1, 0, 1, 1, 0, -1, 0, 0]
F41[1, 1, 0, 1, 1, 0, 0, -2, 0]
F41[1, 1, 0, 1, 1, 0, 0, -1, 0]
F41[1, 1, 0, 1, 1, 0, 0, 0, -1]
F41[1, 1, 0, 1, 1, 0, 0, 0, 0]
F41[1, 1, 1, -1, 1, 0, 0, 0, 0]
F41[1, 1, 1, 0, 0, 0, 0, -1, 0]
F41[1, 1, 1, 0, 0, 0, 0, 0, 0]
F41[1, 1, 1, 0, 1, -1, 0, 0, 0]
F41[1, 1, 1, 0, 1, 0, -1, 0, 0]
F41[1, 1, 1, 0, 1, 0, 0, -2, 0]
F41[1, 1, 1, 0, 1, 0, 0, -1, 0]
F41[1, 1, 1, 0, 1, 0, 0, 0, -1]
F41[1, 1, 1, 0, 1, 0, 0, 0, 0]
F41[1, 1, 1, 1, -1, 0, 0, 0, -1]
F41[1, 1, 1, 1, -1, 0, 0, 0, 0]
F41[1, 1, 1, 1, 0, -1, 0, -1, 0]
F41[1, 1, 1, 1, 0, -1, 0, 0, 0]
F41[1, 1, 1, 1, 0, 0, -1, -1, 0]
F41[1, 1, 1, 1, 0, 0, -1, 0, 0]
F41[1, 1, 1, 1, 0, 0, 0, -1, -1]
F41[1, 1, 1, 1, 0, 0, 0, -1, 0]
F41[1, 1, 1, 1, 0, 0, 0, 0, -1]
F41[1, 1, 1, 1, 0, 0, 0, 0, 0]
F41[1, 1, 1, 1, 1, -2, 0, 0, 0]
F41[1, 1, 1, 1, 1, -1, -1, 0, 0]
F41[1, 1, 1, 1, 1, -1, 0, -2, 0]
F41[1, 1, 1, 1, 1, -1, 0, -1, 0]
F41[1, 1, 1, 1, 1, -1, 0, 0, -1]
F41[1, 1, 1, 1, 1, -1, 0, 0, 0]
F41[1, 1, 1, 1, 1, 0, -2, 0, 0]
F41[1, 1, 1, 1, 1, 0, -1, -2, 0]
F41[1, 1, 1, 1, 1, 0, -1, -1, 0]
F41[1, 1, 1, 1, 1, 0, -1, 0, -1]
F41[1, 1, 1, 1, 1, 0, -1, 0, 0]
F41[1, 1, 1, 1, 1, 0, 0, -2, 0]
F41[1, 1, 1, 1, 1, 0, 0, -1, -1]
F41[1, 1, 1, 1, 1, 0, 0, -1, 0]
F41[1, 1, 1, 1, 1, 0, 0, 0, -2]
F41[1, 1, 1, 1, 1, 0, 0, 0, -1]
F41[1, 1, 1, 1, 1, 0, 0, 0, 0]
F41[1, 1, 2, -1, 0, 0, 0, 0, 0]
F41[1, 1, 2, 0, -1, 0, 0, 0, 0]
F41[1, 1, 2, 0, 0, -1, 0, 0, 0]
F41[1, 1, 2, 0, 0, 0, -1, 0, 0]
F41[1, 1, 2, 0, 0, 0, 0, -1, 0]
F41[1, 1, 2, 0, 0, 0, 0, 0, -1]
F41[1, 1, 2, 0, 0, 0, 0, 0, 0]
F41[1, 1, 2, 0, 1, -1, 0, -1, 0]
F41[1, 1, 2, 0, 1, -1, 0, 0, 0]
F41[1, 1, 2, 0, 1, 0, -1, -1, 0]
F41[1, 1, 2, 0, 1, 0, -1, 0, 0]
F41[1, 1, 2, 0, 1, 0, 0, -2, 0]
F41[1, 1, 2, 0, 1, 0, 0, -1, -1]
F41[1, 1, 2, 0, 1, 0, 0, -1, 0]
F41[1, 1, 2, 0, 1, 0, 0, 0, 0]
F41[1, 1, 2, 1, -1, 0, -1, 0, 0]
F41[1, 1, 2, 1, -1, 0, 0, 0, -1]
F41[1, 1, 2, 1, -1, 0, 0, 0, 0]
F41[1, 1, 2, 1, 0, -1, -1, 0, 0]
F41[1, 1, 2, 1, 0, -1, 0, -1, 0]
F41[1, 1, 2, 1, 0, -1, 0, 0, 0]
F41[1, 1, 2, 1, 0, 0, -2, 0, 0]
F41[1, 1, 2, 1, 0, 0, -1, -1, 0]
F41[1, 1, 2, 1, 0, 0, -1, 0, -1]
F41[1, 1, 2, 1, 0, 0, -1, 0, 0]
F41[1, 1, 2, 1, 0, 0, 0, -1, -1]
F41[1, 1, 2, 1, 0, 0, 0, -1, 0]
F41[1, 1, 2, 1, 0, 0, 0, 0, -1]
F41[1, 1, 2, 1, 0, 0, 0, 0, 0]
F41[1, 1, 2, 1, 1, -2, 0, 0, 0]
F41[1, 1, 2, 1, 1, -1, -1, -1, 0]
F41[1, 1, 2, 1, 1, -1, -1, 0, 0]
F41[1, 1, 2, 1, 1, -1, 0, -2, 0]
F41[1, 1, 2, 1, 1, -1, 0, -1, 0]
F41[1, 1, 2, 1, 1, -1, 0, 0, -1]
F41[1, 1, 2, 1, 1, -1, 0, 0, 0]
F41[1, 1, 2, 1, 1, 0, -2, -1, 0]
F41[1, 1, 2, 1, 1, 0, -2, 0, 0]
F41[1, 1, 2, 1, 1, 0, -1, -2, 0]
F41[1, 1, 2, 1, 1, 0, -1, -1, 0]
F41[1, 1, 2, 1, 1, 0, -1, 0, -1]
F41[1, 1, 2, 1, 1, 0, -1, 0, 0]
F41[1, 1, 2, 1, 1, 0, 0, -2, 0]
F41[1, 1, 2, 1, 1, 0, 0, -1, -1]
F41[1, 1, 2, 1, 1, 0, 0, -1, 0]
F41[1, 1, 2, 1, 1, 0, 0, 0, -2]
F41[1, 1, 2, 1, 1, 0, 0, 0, -1]
F41[1, 1, 2, 1, 1, 0, 0, 0, 0]
F41[-1, 0, 1, 1, 1, 0, 0, 0, 0]
F41[-1, 1, 1, 0, 1, 0, 0, 0, 0]
F41[-1, 1, 1, 1, 0, 0, 0, 0, 0]
F41[-1, 1, 1, 1, 1, 0, -1, 0, 0]
F41[-1, 1, 2, 1, -1, 0, 0, 0, 0]
F41[0, 1, 1, 1, -1, 0, 0, 0, 0]
F41[0, 1, 1, 1, 0, 0, 0, -1, 0]
F41[0, 1, 1, 1, 1, 0, 0, -2, 0]
F41[0, 1, 2, 0, -1, 0, 0, 0, 0]
F41[0, 1, 2, 1, -1, 0, -1, 0, 0]
F41[0, 1, 2, 1, -1, 0, 0, -1, 0]
F41[0, 1, 2, 1, 0, 0, 0, -2, 0]
F41[1, 0, 2, 1, -1, 0, 0, -1, 0]
F41[1, 0, 2, 1, 0, 0, 0, -2, 0]
F41[1, 1, 1, 1, -1, 0, 0, -1, 0]
F41[1, 1, 1, 1, 0, 0, 0, -2, 0]
F41[1, 1, 2, 0, -1, 0, 0, -1, 0]
F41[1, 1, 2, 0, 0, 0, 0, -2, 0]
F41[1, 1, 2, 1, -1, 0, -1, -1, 0]
F41[1, 1, 2, 1, -1, 0, 0, -1, 0]
F41[1, 1, 2, 1, 0, 0, -1, -2, 0]
F41[1, 1, 2, 1, 0, 0, 0, -2, 0]