0
9 3
7 9
1 0 0 0 0 0 0 0 0 0 
0 0 0 1 0 0 0 0 0 0 
0 1 0 0 0 0 0 0 0 0 
1 1 -1 0 0 0 0 0 0 s 
0 2 0 2 0 -1 0 0 0 0 
0 0 0 0 0 0 1 0 0 0 
1 -1 0 1 0 1 0 0 -1 2*m2^2+m1^2+mm^2 
0 0 0 0 0 0 0 1 0 0 
0 0 0 1 1 0 -1 0 0 2*m2^2-s 

0
9 7
7 11
1 0 0 0 0 0 0 0 0 0 
0 0 0 1 0 0 0 0 0 0 
0 1 0 0 0 0 0 0 0 0 
1 1 -1 0 0 0 0 0 0 s 
0 2 0 2 0 -1 0 0 0 0 
0 0 0 0 0 0 1 0 0 0 
1 -1 0 1 0 1 0 0 -1 2*m2^2+m1^2+mm^2 
0 0 0 0 0 0 0 1 0 0 
0 0 0 1 1 0 -1 0 0 2*m2^2-s 

0
9 10
7 9
1 -1 1 0 0 0 0 0 0 s 
0 0 0 1 0 0 0 0 0 0 
0 0 1 0 0 0 0 0 0 0 
1 0 0 0 0 0 0 0 0 0 
0 1 1 1 1 -1 0 0 0 -s 
0 0 0 0 0 0 1 0 0 0 
1 -2 1 2 -1 1 0 0 -1 2*m2^2+2*s+m1^2+mm^2 
0 -1 1 0 0 0 0 1 0 0 
0 0 0 1 1 0 -1 0 0 2*m2^2-s 

0
9 11
8 35
0 1 0 0 0 0 0 0 0 0 
0 0 0 0 0 1 0 0 0 0 
1 1 -1 0 0 0 0 0 0 -s+2*m1^2+2*mm^2 
1 0 0 0 0 0 0 0 0 0 
1 2 -1 0 -1 1 1 0 0 -s+3*m1^2+mm^2 
-1 0 0 -1 0 1 0 1 1 m2^2-2*m1^2+mm^2-t 
0 0 0 0 1 0 0 0 0 0 
1 1 0 0 0 0 0 -1 0 -s+2*m1^2 
1 1 -1 2 -1 2 -1 -1 -1 2*m2^2+4*m1^2+t 

1
9 14
7 11
0 0 1 0 0 0 0 0 0 0 
0 0 0 1 0 0 0 0 0 0 
0 1 0 0 0 0 0 0 0 0 
1 0 0 0 0 0 0 0 0 0 
0 0 1 0 0 0 0 0 0 0 
0 0 1 0 0 0 0 0 0 0 
0 0 1 0 0 0 0 0 0 0 
0 0 1 0 0 0 0 0 0 0 
0 0 1 0 0 0 0 0 0 0 

0
9 15
8 39
1 0 0 0 0 0 0 0 0 0 
0 0 0 0 0 1 0 0 0 0 
0 0 1 0 0 0 0 0 0 0 
0 1 0 0 0 0 0 0 0 0 
0 0 0 1 0 0 0 0 0 -m2^2+m1^2 
-1 0 0 -1 0 1 0 1 1 m2^2-2*m1^2+mm^2-t 
1 0 1 -1 0 1 1 0 0 m2^2-mm^2 
0 0 0 0 0 0 0 1 0 0 
1 1 -1 2 -1 2 -1 -1 -1 2*m2^2+4*m1^2+t 

0
9 17
7 9
1 0 0 0 0 0 0 0 0 0 
0 2 0 2 0 -1 0 0 0 0 
0 1 0 0 0 0 0 0 0 0 
1 1 -1 0 0 0 0 0 0 s 
0 0 0 1 0 0 0 0 0 0 
-1 2 0 3 0 -1 -1 1 0 2*m2^2-m1^2+mm^2-t 
2 4 0 2 0 -2 0 0 1 2*m1^2-2*mm^2 
0 0 0 0 0 0 0 1 0 0 
1 3 -1 2 -1 -1 1 -1 0 2*s+m1^2-mm^2+t 

0
9 18
7 40
1 -2 0 4 0 2 0 0 -2 6*m2^2+2*mm^2 
0 0 0 1 0 0 0 0 0 0 
0 -1 0 2 0 2 0 0 0 4*m2^2 
1 -1 -1 2 2 2 0 0 -2 6*m2^2-s+2*mm^2 
0 0 0 0 0 1 0 0 0 0 
0 0 0 0 0 0 1 0 0 0 
1 -3 0 9 0 3 0 0 -3 12*m2^2+m1^2+3*mm^2 
0 -2 0 2 0 2 2 1 -2 4*m2^2+2*mm^2 
0 0 0 1 1 0 -1 0 0 2*m2^2-s 

0
9 19
7 41
1 0 0 0 0 0 0 0 0 0 
0 0 0 1 0 0 0 0 0 0 
0 1 0 0 0 0 0 0 0 0 
1 1 -1 0 0 0 0 0 0 s 
0 0 0 0 0 1 0 0 0 0 
0 0 0 2 0 0 -1 0 0 2*m2^2 
1 1 0 1 0 -1 0 0 1 m1^2-mm^2 
0 0 0 0 0 0 0 1 0 0 
0 0 0 1 -1 0 1 0 0 s 

0
9 21
7 11
1 0 0 0 0 0 0 0 0 0 
0 2 0 2 0 -1 0 0 0 0 
0 1 0 0 0 0 0 0 0 0 
1 1 -1 0 0 0 0 0 0 s 
0 0 0 1 0 0 0 0 0 0 
-1 2 0 3 0 -1 -1 1 0 2*m2^2-m1^2+mm^2-t 
2 4 0 2 0 -2 0 0 1 2*m1^2-2*mm^2 
0 0 0 0 0 0 0 1 0 0 
1 3 -1 2 -1 -1 1 -1 0 2*s+m1^2-mm^2+t 

0
9 22
7 42
1 0 0 0 0 0 0 0 0 0 
0 0 0 1 0 0 0 0 0 0 
0 1 0 0 0 0 0 0 0 0 
1 1 -1 0 0 0 0 0 0 s 
0 0 0 0 0 1 0 0 0 0 
0 0 0 2 0 0 -1 0 0 2*m2^2 
1 1 0 1 0 -1 0 0 1 m1^2-mm^2 
0 0 0 0 0 0 0 1 0 0 
0 0 0 1 -1 0 1 0 0 s 

0
9 23
7 43
1 0 0 0 0 0 0 0 0 0 
0 0 0 1 0 0 0 0 0 0 
0 1 0 0 0 0 0 0 0 0 
1 1 -1 0 0 0 0 0 0 s 
0 0 0 0 0 1 0 0 0 0 
0 0 0 2 0 0 -1 0 0 2*m2^2 
1 1 0 1 0 -1 0 0 1 m1^2-mm^2 
0 0 0 0 0 0 0 1 0 0 
0 0 0 1 -1 0 1 0 0 s 

0
9 24
7 9
1 -1 1 0 0 0 0 0 0 s 
0 1 1 1 1 -1 0 0 0 -s 
0 0 1 0 0 0 0 0 0 0 
1 0 0 0 0 0 0 0 0 0 
0 0 0 1 0 0 0 0 0 0 
-1 1 1 2 1 -1 -1 1 0 2*m2^2-2*s-m1^2+mm^2-t 
2 0 4 0 2 -2 0 0 1 2*m1^2-2*mm^2 
0 -1 1 0 0 0 0 1 0 0 
1 2 0 1 0 -1 1 -1 0 m1^2-mm^2+t 

0
9 25
8 35
1 0 0 0 0 0 0 0 0 0 
0 0 0 1 0 0 0 0 0 -m2^2+m1^2 
0 0 1 0 0 0 0 0 0 0 
0 1 0 0 0 0 0 0 0 0 
0 0 0 0 0 1 0 0 0 0 
0 0 0 2 0 0 0 0 -1 2*m1^2 
2 0 0 2 0 0 -1 0 0 4*m1^2 
0 0 0 0 0 0 0 1 0 0 
-1 0 1 -1 1 -1 1 0 1 -m2^2-2*m1^2-mm^2 

1
9 26
7 41
0 1 0 0 0 0 0 0 0 0 
0 0 0 1 0 0 0 0 0 0 
0 1 0 0 0 0 0 0 0 0 
1 0 0 0 0 0 0 0 0 0 
0 0 0 0 0 1 0 0 0 0 
0 1 0 0 0 0 0 0 0 0 
0 1 0 0 0 0 0 0 0 0 
0 1 0 0 0 0 0 0 0 0 
0 1 0 0 0 0 0 0 0 0 

1
9 28
7 11
0 0 1 0 0 0 0 0 0 0 
0 0 1 0 0 0 0 0 0 0 
0 1 0 0 0 0 0 0 0 0 
1 0 0 0 0 0 0 0 0 0 
0 0 0 1 0 0 0 0 0 0 
0 0 1 0 0 0 0 0 0 0 
0 0 1 0 0 0 0 0 0 0 
0 0 1 0 0 0 0 0 0 0 
0 0 1 0 0 0 0 0 0 0 

0
9 29
8 39
1 0 0 0 0 0 0 0 0 0 
0 0 0 1 0 0 0 0 0 -m2^2+m1^2 
0 0 1 0 0 0 0 0 0 0 
0 1 0 0 0 0 0 0 0 0 
0 0 0 0 0 1 0 0 0 0 
0 0 0 2 0 0 0 0 -1 2*m1^2 
2 0 0 2 0 0 -1 0 0 4*m1^2 
0 0 0 0 0 0 0 1 0 0 
-1 0 1 -1 1 -1 1 0 1 -m2^2-2*m1^2-mm^2 

1
9 30
7 43
0 0 1 0 0 0 0 0 0 0 
0 0 0 1 0 0 0 0 0 0 
0 1 0 0 0 0 0 0 0 0 
1 0 0 0 0 0 0 0 0 0 
0 0 0 0 0 1 0 0 0 0 
0 0 1 0 0 0 0 0 0 0 
0 0 1 0 0 0 0 0 0 0 
0 0 1 0 0 0 0 0 0 0 
0 0 1 0 0 0 0 0 0 0 

0
9 35
7 73
1 0 0 0 0 0 0 0 0 0 
0 0 0 1 0 0 0 0 0 0 
0 1 0 0 0 0 0 0 0 0 
1 1 -1 0 0 0 0 0 0 s 
0 2 0 2 0 -1 0 0 0 0 
0 0 0 0 0 0 1 0 0 0 
1 -1 0 1 0 1 0 0 -1 2*m2^2+m1^2+mm^2 
0 0 0 0 0 0 0 1 0 0 
0 0 0 1 1 0 -1 0 0 2*m2^2-s 

0
9 39
7 75
1 0 0 0 0 0 0 0 0 0 
0 0 0 1 0 0 0 0 0 0 
0 1 0 0 0 0 0 0 0 0 
1 1 -1 0 0 0 0 0 0 s 
0 2 0 2 0 -1 0 0 0 0 
0 0 0 0 0 0 1 0 0 0 
1 -1 0 1 0 1 0 0 -1 2*m2^2+m1^2+mm^2 
0 0 0 0 0 0 0 1 0 0 
0 0 0 1 1 0 -1 0 0 2*m2^2-s 

0
9 42
7 73
1 -1 1 0 0 0 0 0 0 s 
0 0 0 1 0 0 0 0 0 0 
0 0 1 0 0 0 0 0 0 0 
1 0 0 0 0 0 0 0 0 0 
0 1 1 1 1 -1 0 0 0 -s 
0 0 0 0 0 0 1 0 0 0 
1 -2 1 2 -1 1 0 0 -1 2*m2^2+2*s+m1^2+mm^2 
0 -1 1 0 0 0 0 1 0 0 
0 0 0 1 1 0 -1 0 0 2*m2^2-s 

1
9 46
7 75
0 0 1 0 0 0 0 0 0 0 
0 0 0 1 0 0 0 0 0 0 
0 1 0 0 0 0 0 0 0 0 
1 0 0 0 0 0 0 0 0 0 
0 0 1 0 0 0 0 0 0 0 
0 0 0 0 0 0 1 0 0 0 
0 0 1 0 0 0 0 0 0 0 
0 0 1 0 0 0 0 0 0 0 
0 0 1 0 0 0 0 0 0 0 

0
9 50
7 104
1 -2 0 4 0 2 0 0 -2 6*m2^2+2*mm^2 
0 0 0 1 0 0 0 0 0 0 
0 -1 0 2 0 2 0 0 0 4*m2^2 
1 -1 -1 2 2 2 0 0 -2 6*m2^2-s+2*mm^2 
0 0 0 0 0 1 0 0 0 0 
0 0 0 0 0 0 1 0 0 0 
1 -3 0 9 0 3 0 0 -3 12*m2^2+m1^2+3*mm^2 
0 -2 0 2 0 2 2 1 -2 4*m2^2+2*mm^2 
0 0 0 1 1 0 -1 0 0 2*m2^2-s 

0
9 52
7 98
-1 2 0 0 0 0 0 0 0 -2*m1^2+2*mm^2 
0 0 0 1 0 0 0 0 0 0 
0 1 0 0 0 0 0 0 0 0 
-1 1 1 0 0 0 0 0 0 -s-2*m1^2+2*mm^2 
0 0 0 0 0 1 0 0 0 0 
0 0 0 0 0 0 1 0 0 0 
-1 3 0 3 0 -1 0 0 -1 2*m2^2-m1^2+3*mm^2 
0 2 0 0 0 0 0 -1 0 2*t 
0 0 0 1 1 0 -1 0 0 2*m2^2-s 

0
9 54
7 106
-1 2 0 0 0 0 0 0 0 -2*m1^2+2*mm^2 
0 0 0 1 0 0 0 0 0 0 
0 1 0 0 0 0 0 0 0 0 
-1 1 1 0 0 0 0 0 0 -s-2*m1^2+2*mm^2 
0 0 0 0 0 1 0 0 0 0 
0 0 0 0 0 0 1 0 0 0 
-1 3 0 3 0 -1 0 0 -1 2*m2^2-m1^2+3*mm^2 
0 2 0 0 0 0 0 -1 0 2*t 
0 0 0 1 1 0 -1 0 0 2*m2^2-s 

0
9 67
7 289
1 0 0 0 0 0 0 0 0 0 
0 0 0 0 0 1 0 0 0 0 
0 1 0 0 0 0 0 0 0 0 
1 1 -1 0 0 0 0 0 0 s 
0 2 0 -1 0 2 0 0 0 0 
1 0 0 1 0 1 -1 -1 0 2*m2^2+m1^2-mm^2+t 
0 0 0 0 0 0 0 0 1 0 
0 0 0 0 0 0 0 1 0 0 
-1 -1 1 0 -1 1 1 1 0 -m1^2+mm^2-t 

0
9 70
7 290
1 0 0 0 0 0 0 0 0 0 
0 0 0 0 0 1 0 0 0 0 
0 1 0 0 0 0 0 0 0 0 
1 1 -1 0 0 0 0 0 0 s 
0 2 0 -1 0 2 0 0 0 0 
1 0 0 1 0 1 -1 -1 0 2*m2^2+m1^2-mm^2+t 
0 0 0 0 0 0 0 0 1 0 
0 0 0 0 0 0 0 1 0 0 
-1 -1 1 0 -1 1 1 1 0 -m1^2+mm^2-t 

0
9 71
7 291
1 0 0 0 0 0 0 0 0 0 
0 0 0 0 0 1 0 0 0 0 
0 1 0 0 0 0 0 0 0 0 
1 1 -1 0 0 0 0 0 0 s 
0 2 0 -1 0 2 0 0 0 0 
1 0 0 1 0 1 -1 -1 0 2*m2^2+m1^2-mm^2+t 
0 0 0 0 0 0 0 0 1 0 
0 0 0 0 0 0 0 1 0 0 
-1 -1 1 0 -1 1 1 1 0 -m1^2+mm^2-t 

0
9 74
8 49
0 1 0 0 0 0 0 0 0 0 
0 0 0 0 0 1 0 0 0 0 
1 1 -1 0 0 0 0 0 0 -s+2*m1^2+2*mm^2 
1 0 0 0 0 0 0 0 0 0 
1 2 -1 0 -1 1 1 0 0 -s+3*m1^2+mm^2 
-1 0 0 -1 0 1 0 1 1 m2^2-2*m1^2+mm^2-t 
0 0 0 0 1 0 0 0 0 0 
1 1 0 0 0 0 0 -1 0 -s+2*m1^2 
1 1 -1 2 -1 2 -1 -1 -1 2*m2^2+4*m1^2+t 

0
9 75
8 51
0 1 0 0 0 0 0 0 0 0 
0 0 0 0 0 1 0 0 0 0 
1 1 -1 0 0 0 0 0 0 -s+2*m1^2+2*mm^2 
1 0 0 0 0 0 0 0 0 0 
1 2 -1 0 -1 1 1 0 0 -s+3*m1^2+mm^2 
-1 0 0 -1 0 1 0 1 1 m2^2-2*m1^2+mm^2-t 
0 0 0 0 1 0 0 0 0 0 
1 1 0 0 0 0 0 -1 0 -s+2*m1^2 
1 1 -1 2 -1 2 -1 -1 -1 2*m2^2+4*m1^2+t 

1
9 78
8 53
0 1 0 0 0 0 0 0 0 0 
0 0 0 0 0 1 0 0 0 0 
0 0 1 0 0 0 0 0 0 0 
1 0 0 0 0 0 0 0 0 0 
0 1 0 0 0 0 0 0 0 0 
0 1 0 0 0 0 0 0 0 0 
0 0 0 0 1 0 0 0 0 0 
0 1 0 0 0 0 0 0 0 0 
0 1 0 0 0 0 0 0 0 0 

1
9 79
8 55
0 1 0 0 0 0 0 0 0 0 
0 0 0 0 0 1 0 0 0 0 
0 0 1 0 0 0 0 0 0 0 
1 0 0 0 0 0 0 0 0 0 
0 0 0 1 0 0 0 0 0 0 
0 0 0 1 0 0 0 0 0 0 
0 0 0 0 1 0 0 0 0 0 
0 0 0 1 0 0 0 0 0 0 
0 0 0 1 0 0 0 0 0 0 

0
9 97
0 14
0 0 1 0 0 0 0 0 0 0 
0 2 0 0 -1 0 0 0 0 -m2^2 
1 -1 1 0 0 0 0 -1 1 3*m1^2+mm^2 
1 0 1 0 0 -1 -1 0 1 2*s+m1^2 
1 2 2 -1 -2 0 0 -1 2 -m2^2+5*m1^2+mm^2-t 
0 1 0 0 0 0 0 0 0 0 
0 0 0 1 0 0 0 0 0 0 
1 1 1 -1 -1 0 0 0 0 2*m1^2 
0 3 0 0 -2 0 1 0 -1 -s 

1
9 100
5 145
0 1 0 0 0 0 0 0 0 0 
0 1 0 0 0 0 0 0 0 0 
1 0 0 0 0 0 0 0 0 0 
0 1 0 0 0 0 0 0 0 0 
0 1 0 0 0 0 0 0 0 0 
0 0 0 0 1 0 0 0 0 0 
0 0 0 0 0 0 0 1 0 0 
0 1 0 0 0 0 0 0 0 0 
0 1 0 0 0 0 0 0 0 0 

1
9 101
5 153
0 0 0 1 0 0 0 0 0 0 
0 1 0 0 0 0 0 0 0 0 
1 0 0 0 0 0 0 0 0 0 
0 1 0 0 0 0 0 0 0 0 
0 1 0 0 0 0 0 0 0 0 
0 0 0 0 1 0 0 0 0 0 
0 0 0 0 0 0 0 1 0 0 
0 1 0 0 0 0 0 0 0 0 
0 1 0 0 0 0 0 0 0 0 

0
9 104
0 52
-1 0 1 0 0 1 1 0 -1 -m1^2 
0 1 0 0 0 0 0 0 0 -m2^2 
0 -1 1 0 0 1 1 -1 0 -s+2*m1^2+mm^2 
0 0 1 0 0 0 0 0 0 0 
-1 0 2 0 0 1 2 -1 0 -m2^2-s+3*m1^2 
0 0 0 0 1 0 0 0 0 0 
0 0 0 0 0 1 0 0 0 0 
0 1 1 -1 -1 1 1 0 -1 -s+m1^2 
0 2 0 0 -1 0 1 0 -1 0 

1
9 105
4 284
0 0 1 0 0 0 0 0 0 0 
1 0 0 0 0 0 0 0 0 0 
1 0 0 0 0 0 0 0 0 0 
0 0 0 1 0 0 0 0 0 0 
1 0 0 0 0 0 0 0 0 0 
0 0 0 0 1 0 0 0 0 0 
0 0 0 0 0 0 0 0 1 0 
1 0 0 0 0 0 0 0 0 0 
1 0 0 0 0 0 0 0 0 0 

1
9 108
5 149
0 1 0 0 0 0 0 0 0 0 
0 1 0 0 0 0 0 0 0 0 
1 0 0 0 0 0 0 0 0 0 
0 0 1 0 0 0 0 0 0 0 
0 1 0 0 0 0 0 0 0 0 
0 0 0 0 1 0 0 0 0 0 
0 0 0 0 0 0 0 1 0 0 
0 1 0 0 0 0 0 0 0 0 
0 1 0 0 0 0 0 0 0 0 

1
9 109
5 157
0 0 0 1 0 0 0 0 0 0 
0 1 0 0 0 0 0 0 0 0 
1 0 0 0 0 0 0 0 0 0 
0 0 1 0 0 0 0 0 0 0 
0 1 0 0 0 0 0 0 0 0 
0 0 0 0 1 0 0 0 0 0 
0 0 0 0 0 0 0 1 0 0 
0 1 0 0 0 0 0 0 0 0 
0 1 0 0 0 0 0 0 0 0 

0
9 131
7 137
1 0 0 0 0 0 0 0 0 0 
0 0 0 1 0 0 0 0 0 0 
0 1 0 0 0 0 0 0 0 0 
1 1 -1 0 0 0 0 0 0 s 
0 2 0 2 0 -1 0 0 0 0 
0 0 0 0 0 0 1 0 0 0 
1 -1 0 1 0 1 0 0 -1 2*m2^2+m1^2+mm^2 
0 0 0 0 0 0 0 1 0 0 
0 0 0 1 1 0 -1 0 0 2*m2^2-s 

0
9 134
7 138
1 0 0 0 0 0 0 0 0 0 
0 0 0 1 0 0 0 0 0 0 
0 1 0 0 0 0 0 0 0 0 
1 1 -1 0 0 0 0 0 0 s 
0 2 0 2 0 -1 0 0 0 0 
0 0 0 0 0 0 1 0 0 0 
1 -1 0 1 0 1 0 0 -1 2*m2^2+m1^2+mm^2 
0 0 0 0 0 0 0 1 0 0 
0 0 0 1 1 0 -1 0 0 2*m2^2-s 

0
9 135
7 139
1 0 0 0 0 0 0 0 0 0 
0 0 0 1 0 0 0 0 0 0 
0 1 0 0 0 0 0 0 0 0 
1 1 -1 0 0 0 0 0 0 s 
0 2 0 2 0 -1 0 0 0 0 
0 0 0 0 0 0 1 0 0 0 
1 -1 0 1 0 1 0 0 -1 2*m2^2+m1^2+mm^2 
0 0 0 0 0 0 0 1 0 0 
0 0 0 1 1 0 -1 0 0 2*m2^2-s 

1
9 138
7 137
0 1 0 0 0 0 0 0 0 0 
0 0 0 1 0 0 0 0 0 0 
0 1 0 0 0 0 0 0 0 0 
1 0 0 0 0 0 0 0 0 0 
0 1 0 0 0 0 0 0 0 0 
0 1 0 0 0 0 0 0 0 0 
0 1 0 0 0 0 0 0 0 0 
0 0 0 0 0 0 0 1 0 0 
0 1 0 0 0 0 0 0 0 0 

0
9 139
8 163
1 0 0 0 0 0 0 0 0 0 
0 0 0 0 0 1 0 0 0 0 
0 0 1 0 0 0 0 0 0 0 
0 1 0 0 0 0 0 0 0 0 
0 0 0 1 0 0 0 0 0 -m2^2+m1^2 
-1 0 0 -1 0 1 0 1 1 m2^2-2*m1^2+mm^2-t 
1 0 1 -1 0 1 1 0 0 m2^2-mm^2 
0 0 0 0 0 0 0 1 0 0 
1 1 -1 2 -1 2 -1 -1 -1 2*m2^2+4*m1^2+t 

1
9 142
7 139
0 0 1 0 0 0 0 0 0 0 
0 0 0 1 0 0 0 0 0 0 
0 1 0 0 0 0 0 0 0 0 
1 0 0 0 0 0 0 0 0 0 
0 0 1 0 0 0 0 0 0 0 
0 0 1 0 0 0 0 0 0 0 
0 0 1 0 0 0 0 0 0 0 
0 0 0 0 0 0 0 1 0 0 
0 0 1 0 0 0 0 0 0 0 

0
9 143
8 167
1 0 0 0 0 0 0 0 0 0 
0 0 0 0 0 1 0 0 0 0 
0 0 1 0 0 0 0 0 0 0 
0 1 0 0 0 0 0 0 0 0 
0 0 0 1 0 0 0 0 0 -m2^2+m1^2 
-1 0 0 -1 0 1 0 1 1 m2^2-2*m1^2+mm^2-t 
1 0 1 -1 0 1 1 0 0 m2^2-mm^2 
0 0 0 0 0 0 0 1 0 0 
1 1 -1 2 -1 2 -1 -1 -1 2*m2^2+4*m1^2+t 

0
9 145
7 137
1 0 0 0 0 0 0 0 0 0 
0 2 0 2 0 -1 0 0 0 0 
0 1 0 0 0 0 0 0 0 0 
1 1 -1 0 0 0 0 0 0 s 
0 0 0 1 0 0 0 0 0 0 
-1 2 0 3 0 -1 -1 1 0 2*m2^2-m1^2+mm^2-t 
2 4 0 2 0 -2 0 0 1 2*m1^2-2*mm^2 
0 0 0 0 0 0 0 1 0 0 
1 3 -1 2 -1 -1 1 -1 0 2*s+m1^2-mm^2+t 

0
9 146
7 168
1 0 0 0 0 0 0 0 0 0 
0 0 0 1 0 0 0 0 0 0 
0 1 0 0 0 0 0 0 0 0 
1 1 -1 0 0 0 0 0 0 s 
0 0 0 0 0 1 0 0 0 0 
0 0 0 2 0 0 -1 0 0 2*m2^2 
1 1 0 1 0 -1 0 0 1 m1^2-mm^2 
0 0 0 0 0 0 0 1 0 0 
0 0 0 1 -1 0 1 0 0 s 

0
9 147
7 169
1 0 0 0 0 0 0 0 0 0 
0 0 0 1 0 0 0 0 0 0 
0 1 0 0 0 0 0 0 0 0 
1 1 -1 0 0 0 0 0 0 s 
0 0 0 0 0 1 0 0 0 0 
0 0 0 2 0 0 -1 0 0 2*m2^2 
1 1 0 1 0 -1 0 0 1 m1^2-mm^2 
0 0 0 0 0 0 0 1 0 0 
0 0 0 1 -1 0 1 0 0 s 

0
9 148
7 138
1 0 0 0 0 0 0 0 0 0 
0 2 0 2 0 -1 0 0 0 0 
0 1 0 0 0 0 0 0 0 0 
1 1 -1 0 0 0 0 0 0 s 
0 0 0 1 0 0 0 0 0 0 
-1 2 0 3 0 -1 -1 1 0 2*m2^2-m1^2+mm^2-t 
2 4 0 2 0 -2 0 0 1 2*m1^2-2*mm^2 
0 0 0 0 0 0 0 1 0 0 
1 3 -1 2 -1 -1 1 -1 0 2*s+m1^2-mm^2+t 

0
9 149
7 139
1 0 0 0 0 0 0 0 0 0 
0 2 0 2 0 -1 0 0 0 0 
0 1 0 0 0 0 0 0 0 0 
1 1 -1 0 0 0 0 0 0 s 
0 0 0 1 0 0 0 0 0 0 
-1 2 0 3 0 -1 -1 1 0 2*m2^2-m1^2+mm^2-t 
2 4 0 2 0 -2 0 0 1 2*m1^2-2*mm^2 
0 0 0 0 0 0 0 1 0 0 
1 3 -1 2 -1 -1 1 -1 0 2*s+m1^2-mm^2+t 

0
9 150
7 170
1 0 0 0 0 0 0 0 0 0 
0 0 0 1 0 0 0 0 0 0 
0 1 0 0 0 0 0 0 0 0 
1 1 -1 0 0 0 0 0 0 s 
0 0 0 0 0 1 0 0 0 0 
0 0 0 2 0 0 -1 0 0 2*m2^2 
1 1 0 1 0 -1 0 0 1 m1^2-mm^2 
0 0 0 0 0 0 0 1 0 0 
0 0 0 1 -1 0 1 0 0 s 

0
9 151
7 171
1 0 0 0 0 0 0 0 0 0 
0 0 0 1 0 0 0 0 0 0 
0 1 0 0 0 0 0 0 0 0 
1 1 -1 0 0 0 0 0 0 s 
0 0 0 0 0 1 0 0 0 0 
0 0 0 2 0 0 -1 0 0 2*m2^2 
1 1 0 1 0 -1 0 0 1 m1^2-mm^2 
0 0 0 0 0 0 0 1 0 0 
0 0 0 1 -1 0 1 0 0 s 

1
9 152
7 137
0 1 0 0 0 0 0 0 0 0 
0 1 0 0 0 0 0 0 0 0 
0 1 0 0 0 0 0 0 0 0 
1 0 0 0 0 0 0 0 0 0 
0 0 0 1 0 0 0 0 0 0 
0 1 0 0 0 0 0 0 0 0 
0 1 0 0 0 0 0 0 0 0 
0 0 0 0 0 0 0 1 0 0 
0 1 0 0 0 0 0 0 0 0 

0
9 153
8 163
1 0 0 0 0 0 0 0 0 0 
0 0 0 1 0 0 0 0 0 -m2^2+m1^2 
0 0 1 0 0 0 0 0 0 0 
0 1 0 0 0 0 0 0 0 0 
0 0 0 0 0 1 0 0 0 0 
0 0 0 2 0 0 0 0 -1 2*m1^2 
2 0 0 2 0 0 -1 0 0 4*m1^2 
0 0 0 0 0 0 0 1 0 0 
-1 0 1 -1 1 -1 1 0 1 -m2^2-2*m1^2-mm^2 

1
9 154
7 169
0 1 0 0 0 0 0 0 0 0 
0 0 0 1 0 0 0 0 0 0 
0 1 0 0 0 0 0 0 0 0 
1 0 0 0 0 0 0 0 0 0 
0 0 0 0 0 1 0 0 0 0 
0 1 0 0 0 0 0 0 0 0 
0 1 0 0 0 0 0 0 0 0 
0 0 0 0 0 0 0 1 0 0 
0 1 0 0 0 0 0 0 0 0 

1
9 156
7 139
0 0 1 0 0 0 0 0 0 0 
0 0 1 0 0 0 0 0 0 0 
0 1 0 0 0 0 0 0 0 0 
1 0 0 0 0 0 0 0 0 0 
0 0 0 1 0 0 0 0 0 0 
0 0 1 0 0 0 0 0 0 0 
0 0 1 0 0 0 0 0 0 0 
0 0 0 0 0 0 0 1 0 0 
0 0 1 0 0 0 0 0 0 0 

0
9 157
8 167
1 0 0 0 0 0 0 0 0 0 
0 0 0 1 0 0 0 0 0 -m2^2+m1^2 
0 0 1 0 0 0 0 0 0 0 
0 1 0 0 0 0 0 0 0 0 
0 0 0 0 0 1 0 0 0 0 
0 0 0 2 0 0 0 0 -1 2*m1^2 
2 0 0 2 0 0 -1 0 0 4*m1^2 
0 0 0 0 0 0 0 1 0 0 
-1 0 1 -1 1 -1 1 0 1 -m2^2-2*m1^2-mm^2 

1
9 158
7 171
0 0 1 0 0 0 0 0 0 0 
0 0 0 1 0 0 0 0 0 0 
0 1 0 0 0 0 0 0 0 0 
1 0 0 0 0 0 0 0 0 0 
0 0 0 0 0 1 0 0 0 0 
0 0 1 0 0 0 0 0 0 0 
0 0 1 0 0 0 0 0 0 0 
0 0 0 0 0 0 0 1 0 0 
0 0 1 0 0 0 0 0 0 0 

0
9 163
7 201
1 0 0 0 0 0 0 0 0 0 
0 0 0 1 0 0 0 0 0 0 
0 1 0 0 0 0 0 0 0 0 
1 1 -1 0 0 0 0 0 0 s 
0 2 0 2 0 -1 0 0 0 0 
0 0 0 0 0 0 1 0 0 0 
1 -1 0 1 0 1 0 0 -1 2*m2^2+m1^2+mm^2 
0 0 0 0 0 0 0 1 0 0 
0 0 0 1 1 0 -1 0 0 2*m2^2-s 

0
9 166
7 202
1 0 0 0 0 0 0 0 0 0 
0 0 0 1 0 0 0 0 0 0 
0 1 0 0 0 0 0 0 0 0 
1 1 -1 0 0 0 0 0 0 s 
0 2 0 2 0 -1 0 0 0 0 
0 0 0 0 0 0 1 0 0 0 
1 -1 0 1 0 1 0 0 -1 2*m2^2+m1^2+mm^2 
0 0 0 0 0 0 0 1 0 0 
0 0 0 1 1 0 -1 0 0 2*m2^2-s 

0
9 167
7 203
1 0 0 0 0 0 0 0 0 0 
0 0 0 1 0 0 0 0 0 0 
0 1 0 0 0 0 0 0 0 0 
1 1 -1 0 0 0 0 0 0 s 
0 2 0 2 0 -1 0 0 0 0 
0 0 0 0 0 0 1 0 0 0 
1 -1 0 1 0 1 0 0 -1 2*m2^2+m1^2+mm^2 
0 0 0 0 0 0 0 1 0 0 
0 0 0 1 1 0 -1 0 0 2*m2^2-s 

1
9 170
7 201
0 1 0 0 0 0 0 0 0 0 
0 0 0 1 0 0 0 0 0 0 
0 1 0 0 0 0 0 0 0 0 
1 0 0 0 0 0 0 0 0 0 
0 1 0 0 0 0 0 0 0 0 
0 0 0 0 0 0 1 0 0 0 
0 1 0 0 0 0 0 0 0 0 
0 0 0 0 0 0 0 1 0 0 
0 1 0 0 0 0 0 0 0 0 

1
9 174
7 203
0 0 1 0 0 0 0 0 0 0 
0 0 0 1 0 0 0 0 0 0 
0 1 0 0 0 0 0 0 0 0 
1 0 0 0 0 0 0 0 0 0 
0 0 1 0 0 0 0 0 0 0 
0 0 0 0 0 0 1 0 0 0 
0 0 1 0 0 0 0 0 0 0 
0 0 0 0 0 0 0 1 0 0 
0 0 1 0 0 0 0 0 0 0 

0
9 176
7 290
0 0 0 -1 0 0 1 0 1 -m2^2-m1^2+mm^2-t 
1 1 0 0 0 0 0 -1 0 -m2^2+m1^2-mm^2+t 
0 0 0 0 0 0 1 0 0 0 
0 0 0 0 -1 0 1 0 1 -m2^2-m1^2+mm^2-t 
0 0 0 0 0 1 0 0 0 0 
0 1 0 0 0 0 0 0 0 0 
3 1 0 -1 0 -1 2 -2 1 -2*m2^2+3*m1^2-mm^2 
0 0 0 0 0 0 0 0 1 0 
2 2 -1 0 0 0 0 -2 0 2*m1^2-2*mm^2+2*t 

0
9 180
7 354
0 0 0 -1 0 0 1 0 1 -m2^2-m1^2+mm^2-t 
1 1 0 0 0 0 0 -1 0 -m2^2+m1^2-mm^2+t 
0 0 0 0 0 0 1 0 0 0 
0 0 0 0 -1 0 1 0 1 -m2^2-m1^2+mm^2-t 
0 0 0 0 0 1 0 0 0 0 
0 1 0 0 0 0 0 0 0 0 
3 1 0 -1 0 -1 2 -2 1 -2*m2^2+3*m1^2-mm^2 
0 0 0 0 0 0 0 0 1 0 
2 2 -1 0 0 0 0 -2 0 2*m1^2-2*mm^2+2*t 

0
9 194
7 98
0 0 0 1 0 0 0 0 0 m2^2-m1^2 
0 0 0 0 0 1 0 0 0 0 
0 0 0 0 0 0 0 0 1 0 
0 0 0 0 1 0 0 0 0 m2^2-m1^2 
-1 0 0 0 0 2 0 0 2 m2^2-m1^2 
1 0 0 1 0 1 -1 -1 0 2*m2^2+m1^2-mm^2+t 
0 1 0 0 0 0 0 0 0 0 
0 0 0 0 0 0 1 0 0 0 
-1 -1 1 0 -1 1 1 1 0 -m1^2+mm^2-t 

0
9 195
7 417
1 0 0 0 0 0 0 0 0 0 
0 0 0 0 0 1 0 0 0 0 
0 1 0 0 0 0 0 0 0 0 
1 1 -1 0 0 0 0 0 0 s 
0 2 0 -1 0 2 0 0 0 0 
1 0 0 1 0 1 -1 -1 0 2*m2^2+m1^2-mm^2+t 
0 0 0 0 0 0 0 0 1 0 
0 0 0 0 0 0 0 1 0 0 
-1 -1 1 0 -1 1 1 1 0 -m1^2+mm^2-t 

0
9 198
7 354
0 0 0 1 0 0 0 0 0 m2^2-m1^2 
0 0 0 0 0 1 0 0 0 0 
0 0 0 0 0 0 0 0 1 0 
0 0 0 0 1 0 0 0 0 m2^2-m1^2 
-1 0 0 0 0 2 0 0 2 m2^2-m1^2 
1 0 0 1 0 1 -1 -1 0 2*m2^2+m1^2-mm^2+t 
0 1 0 0 0 0 0 0 0 0 
0 0 0 0 0 0 1 0 0 0 
-1 -1 1 0 -1 1 1 1 0 -m1^2+mm^2-t 

0
9 199
7 419
1 0 0 0 0 0 0 0 0 0 
0 0 0 0 0 1 0 0 0 0 
0 1 0 0 0 0 0 0 0 0 
1 1 -1 0 0 0 0 0 0 s 
0 2 0 -1 0 2 0 0 0 0 
1 0 0 1 0 1 -1 -1 0 2*m2^2+m1^2-mm^2+t 
0 0 0 0 0 0 0 0 1 0 
0 0 0 0 0 0 0 1 0 0 
-1 -1 1 0 -1 1 1 1 0 -m1^2+mm^2-t 

1
9 202
8 177
0 1 0 0 0 0 0 0 0 0 
0 0 0 0 0 1 0 0 0 0 
0 1 0 0 0 0 0 0 0 0 
1 0 0 0 0 0 0 0 0 0 
0 1 0 0 0 0 0 0 0 0 
0 1 0 0 0 0 0 0 0 0 
0 0 0 0 1 0 0 0 0 0 
0 0 0 0 0 0 0 1 0 0 
0 1 0 0 0 0 0 0 0 0 

1
9 203
8 179
0 1 0 0 0 0 0 0 0 0 
0 0 0 0 0 1 0 0 0 0 
0 0 1 0 0 0 0 0 0 0 
1 0 0 0 0 0 0 0 0 0 
0 0 1 0 0 0 0 0 0 0 
0 0 1 0 0 0 0 0 0 0 
0 0 0 0 1 0 0 0 0 0 
0 0 0 0 0 0 0 1 0 0 
0 0 1 0 0 0 0 0 0 0 

1
9 206
8 181
0 1 0 0 0 0 0 0 0 0 
0 0 0 0 0 1 0 0 0 0 
0 0 1 0 0 0 0 0 0 0 
1 0 0 0 0 0 0 0 0 0 
0 1 0 0 0 0 0 0 0 0 
0 1 0 0 0 0 0 0 0 0 
0 0 0 0 1 0 0 0 0 0 
0 0 0 0 0 0 0 1 0 0 
0 1 0 0 0 0 0 0 0 0 

1
9 207
8 183
0 1 0 0 0 0 0 0 0 0 
0 0 0 0 0 1 0 0 0 0 
0 0 1 0 0 0 0 0 0 0 
1 0 0 0 0 0 0 0 0 0 
0 0 0 1 0 0 0 0 0 0 
0 0 0 1 0 0 0 0 0 0 
0 0 0 0 1 0 0 0 0 0 
0 0 0 0 0 0 0 1 0 0 
0 0 0 1 0 0 0 0 0 0 

1
9 225
4 323
0 1 0 0 0 0 0 0 0 0 
0 0 1 0 0 0 0 0 0 0 
0 0 1 0 0 0 0 0 0 0 
0 0 1 0 0 0 0 0 0 0 
0 0 1 0 0 0 0 0 0 0 
1 0 0 0 0 0 0 0 0 0 
0 0 0 0 0 0 1 0 0 0 
0 0 0 0 0 0 0 0 1 0 
0 0 1 0 0 0 0 0 0 0 

0
9 228
6 228
1 0 0 0 0 0 0 0 0 0 
0 1 0 0 0 0 0 0 0 -m2^2+m1^2 
0 0 1 0 0 0 0 0 0 0 
0 0 0 1 0 0 0 0 0 0 
0 0 0 0 1 0 0 0 0 -m2^2+m1^2 
0 0 0 0 0 1 0 0 0 0 
0 0 0 0 0 0 1 0 0 0 
0 0 0 0 0 0 0 1 0 0 
0 0 0 0 0 0 0 0 1 0 

0
9 229
6 229
1 0 0 0 0 0 0 0 0 0 
0 1 0 0 0 0 0 0 0 -m2^2+m1^2 
0 0 1 0 0 0 0 0 0 0 
0 0 0 1 0 0 0 0 0 0 
0 0 0 0 1 0 0 0 0 -m2^2+m1^2 
0 0 0 0 0 1 0 0 0 0 
0 0 0 0 0 0 1 0 0 0 
0 0 0 0 0 0 0 1 0 0 
0 0 0 0 0 0 0 0 1 0 

0
9 232
6 232
1 0 0 0 0 0 0 0 0 0 
0 1 0 0 0 0 0 0 0 -m2^2+m1^2 
0 0 1 0 0 0 0 0 0 0 
0 0 0 1 0 0 0 0 0 0 
0 0 0 0 1 0 0 0 0 -m2^2+m1^2 
0 0 0 0 0 1 0 0 0 0 
0 0 0 0 0 0 1 0 0 0 
0 0 0 0 0 0 0 1 0 0 
0 0 0 0 0 0 0 0 1 0 

0
9 233
6 233
1 0 0 0 0 0 0 0 0 0 
0 1 0 0 0 0 0 0 0 -m2^2+m1^2 
0 0 1 0 0 0 0 0 0 0 
0 0 0 1 0 0 0 0 0 0 
0 0 0 0 1 0 0 0 0 -m2^2+m1^2 
0 0 0 0 0 1 0 0 0 0 
0 0 0 0 0 0 1 0 0 0 
0 0 0 0 0 0 0 1 0 0 
0 0 0 0 0 0 0 0 1 0 

0
9 236
6 236
1 0 0 0 0 0 0 0 0 0 
0 1 0 0 0 0 0 0 0 -m2^2+m1^2 
0 0 1 0 0 0 0 0 0 0 
0 0 0 1 0 0 0 0 0 0 
0 0 0 0 1 0 0 0 0 -m2^2+m1^2 
0 0 0 0 0 1 0 0 0 0 
0 0 0 0 0 0 1 0 0 0 
0 0 0 0 0 0 0 1 0 0 
0 0 0 0 0 0 0 0 1 0 

0
9 237
6 237
1 0 0 0 0 0 0 0 0 0 
0 1 0 0 0 0 0 0 0 -m2^2+m1^2 
0 0 1 0 0 0 0 0 0 0 
0 0 0 1 0 0 0 0 0 0 
0 0 0 0 1 0 0 0 0 -m2^2+m1^2 
0 0 0 0 0 1 0 0 0 0 
0 0 0 0 0 0 1 0 0 0 
0 0 0 0 0 0 0 1 0 0 
0 0 0 0 0 0 0 0 1 0 

1
9 259
7 73
1 0 0 0 0 0 0 0 0 0 
0 0 0 1 0 0 0 0 0 0 
0 1 0 0 0 0 0 0 0 0 
0 1 0 0 0 0 0 0 0 0 
0 1 0 0 0 0 0 0 0 0 
0 1 0 0 0 0 0 0 0 0 
0 1 0 0 0 0 0 0 0 0 
0 1 0 0 0 0 0 0 0 0 
0 0 0 0 0 0 1 0 0 0 

1
9 263
7 75
1 0 0 0 0 0 0 0 0 0 
0 0 0 1 0 0 0 0 0 0 
0 1 0 0 0 0 0 0 0 0 
0 0 1 0 0 0 0 0 0 0 
0 0 1 0 0 0 0 0 0 0 
0 0 1 0 0 0 0 0 0 0 
0 0 1 0 0 0 0 0 0 0 
0 0 1 0 0 0 0 0 0 0 
0 0 0 0 0 0 1 0 0 0 

1
9 266
7 73
0 1 0 0 0 0 0 0 0 0 
0 0 0 1 0 0 0 0 0 0 
0 1 0 0 0 0 0 0 0 0 
1 0 0 0 0 0 0 0 0 0 
0 1 0 0 0 0 0 0 0 0 
0 1 0 0 0 0 0 0 0 0 
0 1 0 0 0 0 0 0 0 0 
0 1 0 0 0 0 0 0 0 0 
0 0 0 0 0 0 1 0 0 0 

1
9 267
9 43
1 0 0 0 0 0 0 0 0 0 
0 1 0 0 0 0 0 0 0 0 
0 0 1 0 0 0 0 0 0 0 
0 0 0 1 0 0 0 0 0 0 
0 0 1 0 0 0 0 0 0 0 
0 0 1 0 0 0 0 0 0 0 
0 0 1 0 0 0 0 0 0 0 
0 0 1 0 0 0 0 0 0 0 
0 0 0 0 0 1 0 0 0 0 

1
9 270
7 75
0 0 1 0 0 0 0 0 0 0 
0 0 0 1 0 0 0 0 0 0 
0 1 0 0 0 0 0 0 0 0 
1 0 0 0 0 0 0 0 0 0 
0 0 1 0 0 0 0 0 0 0 
0 0 1 0 0 0 0 0 0 0 
0 0 1 0 0 0 0 0 0 0 
0 0 1 0 0 0 0 0 0 0 
0 0 0 0 0 0 1 0 0 0 

1
9 271
9 47
1 0 0 0 0 0 0 0 0 0 
0 1 0 0 0 0 0 0 0 0 
0 0 1 0 0 0 0 0 0 0 
0 0 0 1 0 0 0 0 0 0 
0 0 0 0 1 0 0 0 0 0 
0 0 0 0 1 0 0 0 0 0 
0 0 0 0 1 0 0 0 0 0 
0 0 0 0 1 0 0 0 0 0 
0 0 0 0 0 1 0 0 0 0 

1
9 273
8 290
0 1 0 0 0 0 0 0 0 0 
1 0 0 0 0 0 0 0 0 0 
1 0 0 0 0 0 0 0 0 0 
1 0 0 0 0 0 0 0 0 0 
0 0 0 0 0 1 0 0 0 0 
1 0 0 0 0 0 0 0 0 0 
1 0 0 0 0 0 0 0 0 0 
1 0 0 0 0 0 0 0 0 0 
0 0 0 0 0 0 0 0 1 0 

1
9 274
7 104
1 0 0 0 0 0 0 0 0 0 
0 0 0 1 0 0 0 0 0 0 
1 0 0 0 0 0 0 0 0 0 
1 0 0 0 0 0 0 0 0 0 
0 0 0 0 0 1 0 0 0 0 
1 0 0 0 0 0 0 0 0 0 
1 0 0 0 0 0 0 0 0 0 
1 0 0 0 0 0 0 0 0 0 
0 0 0 0 0 0 1 0 0 0 

1
9 276
7 98
1 0 0 0 0 0 0 0 0 0 
1 0 0 0 0 0 0 0 0 0 
0 1 0 0 0 0 0 0 0 0 
1 0 0 0 0 0 0 0 0 0 
0 0 0 0 0 1 0 0 0 0 
1 0 0 0 0 0 0 0 0 0 
1 0 0 0 0 0 0 0 0 0 
1 0 0 0 0 0 0 0 0 0 
0 0 0 0 0 0 1 0 0 0 

1
9 277
8 294
0 1 0 0 0 0 0 0 0 0 
1 0 0 0 0 0 0 0 0 0 
0 0 1 0 0 0 0 0 0 0 
1 0 0 0 0 0 0 0 0 0 
0 0 0 0 0 1 0 0 0 0 
1 0 0 0 0 0 0 0 0 0 
1 0 0 0 0 0 0 0 0 0 
1 0 0 0 0 0 0 0 0 0 
0 0 0 0 0 0 0 0 1 0 

1
9 278
7 106
1 0 0 0 0 0 0 0 0 0 
0 0 0 1 0 0 0 0 0 0 
0 1 0 0 0 0 0 0 0 0 
1 0 0 0 0 0 0 0 0 0 
0 0 0 0 0 1 0 0 0 0 
1 0 0 0 0 0 0 0 0 0 
1 0 0 0 0 0 0 0 0 0 
1 0 0 0 0 0 0 0 0 0 
0 0 0 0 0 0 1 0 0 0 

0
9 280
7 97
1 -1 1 0 0 0 0 0 0 s 
0 0 0 0 1 0 0 0 0 0 
0 0 1 0 0 0 0 0 0 0 
1 0 0 0 0 0 0 0 0 0 
0 0 0 0 0 1 0 0 0 0 
0 0 0 1 1 0 -1 0 0 2*m2^2-s 
1 -1 2 -1 2 -1 0 0 1 2*s+m1^2-mm^2 
0 -1 1 0 0 0 0 1 0 0 
0 0 0 0 0 0 1 0 0 0 

1
9 281
8 291
0 1 0 0 0 0 0 0 0 0 
0 0 1 0 0 0 0 0 0 0 
0 0 1 0 0 0 0 0 0 0 
1 0 0 0 0 0 0 0 0 0 
0 0 0 0 0 1 0 0 0 0 
0 0 1 0 0 0 0 0 0 0 
0 0 1 0 0 0 0 0 0 0 
0 0 1 0 0 0 0 0 0 0 
0 0 0 0 0 0 0 0 1 0 

1
9 282
7 105
0 1 0 0 0 0 0 0 0 0 
0 0 0 1 0 0 0 0 0 0 
0 1 0 0 0 0 0 0 0 0 
1 0 0 0 0 0 0 0 0 0 
0 0 0 0 0 1 0 0 0 0 
0 1 0 0 0 0 0 0 0 0 
0 1 0 0 0 0 0 0 0 0 
0 1 0 0 0 0 0 0 0 0 
0 0 0 0 0 0 1 0 0 0 

1
9 284
7 99
0 0 1 0 0 0 0 0 0 0 
0 0 1 0 0 0 0 0 0 0 
0 1 0 0 0 0 0 0 0 0 
1 0 0 0 0 0 0 0 0 0 
0 0 0 0 0 1 0 0 0 0 
0 0 1 0 0 0 0 0 0 0 
0 0 1 0 0 0 0 0 0 0 
0 0 1 0 0 0 0 0 0 0 
0 0 0 0 0 0 1 0 0 0 

1
9 285
8 295
0 1 0 0 0 0 0 0 0 0 
0 0 0 1 0 0 0 0 0 0 
0 0 1 0 0 0 0 0 0 0 
1 0 0 0 0 0 0 0 0 0 
0 0 0 0 0 1 0 0 0 0 
0 0 0 1 0 0 0 0 0 0 
0 0 0 1 0 0 0 0 0 0 
0 0 0 1 0 0 0 0 0 0 
0 0 0 0 0 0 0 0 1 0 

1
9 286
7 107
0 0 1 0 0 0 0 0 0 0 
0 0 0 1 0 0 0 0 0 0 
0 1 0 0 0 0 0 0 0 0 
1 0 0 0 0 0 0 0 0 0 
0 0 0 0 0 1 0 0 0 0 
0 0 1 0 0 0 0 0 0 0 
0 0 1 0 0 0 0 0 0 0 
0 0 1 0 0 0 0 0 0 0 
0 0 0 0 0 0 1 0 0 0 

0
9 289
5 196
0 0 1 0 0 0 0 0 0 0 
0 1 0 0 0 0 0 0 0 -m2^2+m1^2 
-1 0 2 0 0 0 0 0 0 2*m1^2+2*mm^2 
0 0 2 -1 0 0 0 0 0 2*s 
-2 6 2 2 -2 1 -2 -2 0 -m2^2+10*m1^2+2*mm^2 
0 0 0 0 0 0 1 0 0 0 
0 -2 1 -1 1 0 1 1 0 -2*m1^2 
1 0 2 -1 0 0 0 0 -1 m1^2+mm^2-t 
0 0 0 0 0 0 0 1 0 0 

0
9 293
5 197
0 0 1 0 0 0 0 0 0 0 
0 1 0 0 0 0 0 0 0 -m2^2+m1^2 
1 0 0 0 0 0 0 0 0 0 
0 0 0 1 0 0 0 0 0 0 
0 0 0 0 0 1 0 0 0 -m2^2 
0 0 0 0 0 0 1 0 0 0 
0 4 1 1 -1 0 -1 -1 0 6*m1^2 
-1 0 0 1 0 0 0 0 1 m1^2-mm^2+t 
0 0 0 0 0 0 0 1 0 0 

0
9 296
5 196
0 0 0 1 0 0 0 0 0 0 
0 1 0 0 0 0 0 0 0 -m2^2+m1^2 
-1 0 1 1 0 0 0 0 0 -s+2*m1^2+2*mm^2 
0 0 1 0 0 0 0 0 0 0 
-2 4 1 3 -2 1 -1 -1 0 -m2^2-s+8*m1^2+2*mm^2 
0 0 0 0 0 0 1 0 0 0 
0 0 0 0 1 0 0 0 0 0 
1 0 1 0 0 0 0 0 -1 -s+m1^2+mm^2-t 
0 0 0 0 0 0 0 1 0 0 

0
9 297
5 204
0 0 1 0 0 0 0 0 0 0 
0 1 0 0 0 0 0 0 0 -m2^2+m1^2 
1 0 0 0 0 0 0 0 0 0 
0 0 0 1 0 0 0 0 0 0 
0 0 0 0 0 1 0 0 0 -m2^2 
0 0 0 0 0 0 1 0 0 0 
0 4 1 1 -1 0 -1 -1 0 6*m1^2 
-1 0 0 1 0 0 0 0 1 m1^2-mm^2+t 
0 0 0 0 0 0 0 1 0 0 

0
9 298
9 291
2 0 0 -1 0 0 0 0 0 2*s 
0 1 0 0 0 0 0 0 0 0 
1 0 1 -1 0 0 0 0 0 s 
1 0 0 0 0 0 0 0 0 0 
1 -2 0 -1 1 1 0 0 1 -2*m2^2+s 
0 0 0 0 0 1 0 0 0 0 
1 2 0 -1 0 -1 1 0 -1 2*m2^2+2*s 
1 0 0 -1 0 0 0 1 0 s 
0 0 0 0 0 0 0 0 1 0 

1
9 300
5 197
0 1 0 0 0 0 0 0 0 0 
0 1 0 0 0 0 0 0 0 0 
1 0 0 0 0 0 0 0 0 0 
0 0 1 0 0 0 0 0 0 0 
0 1 0 0 0 0 0 0 0 0 
0 0 0 0 0 0 1 0 0 0 
0 1 0 0 0 0 0 0 0 0 
0 1 0 0 0 0 0 0 0 0 
0 0 0 0 0 0 0 1 0 0 

0
9 301
5 205
0 0 1 0 0 0 0 0 0 0 
0 1 0 0 0 0 0 0 0 -m2^2+m1^2 
1 0 0 0 0 0 0 0 0 0 
0 0 0 1 0 0 0 0 0 0 
0 0 0 0 0 1 0 0 0 -m2^2 
0 0 0 0 0 0 1 0 0 0 
0 4 1 1 -1 0 -1 -1 0 6*m1^2 
-1 0 0 1 0 0 0 0 1 m1^2-mm^2+t 
0 0 0 0 0 0 0 1 0 0 

1
9 302
9 295
0 0 0 1 0 0 0 0 0 0 
0 1 0 0 0 0 0 0 0 0 
0 0 1 0 0 0 0 0 0 0 
1 0 0 0 0 0 0 0 0 0 
0 0 0 1 0 0 0 0 0 0 
0 0 0 0 0 1 0 0 0 0 
0 0 0 1 0 0 0 0 0 0 
0 0 0 1 0 0 0 0 0 0 
0 0 0 0 0 0 0 0 1 0 

1
9 321
0 14
0 0 1 0 0 0 0 0 0 0 
1 0 0 0 0 0 0 0 0 0 
1 0 0 0 0 0 0 0 0 0 
1 0 0 0 0 0 0 0 0 0 
1 0 0 0 0 0 0 0 0 0 
1 0 0 0 0 0 0 0 0 0 
0 1 0 0 0 0 0 0 0 0 
1 0 0 0 0 0 0 0 0 0 
0 0 0 1 0 0 0 0 0 0 

1
9 323
9 99
1 0 0 0 0 0 0 0 0 0 
0 1 0 0 0 0 0 0 0 0 
0 0 1 0 0 0 0 0 0 0 
0 0 1 0 0 0 0 0 0 0 
0 0 1 0 0 0 0 0 0 0 
0 0 1 0 0 0 0 0 0 0 
0 0 0 0 0 0 1 0 0 0 
0 0 1 0 0 0 0 0 0 0 
0 0 0 0 0 1 0 0 0 0 

0
9 324
4 273
0 0 1 0 0 0 0 0 0 0 
0 1 0 0 0 0 0 0 0 -m2^2+m1^2 
1 0 0 0 0 0 0 0 0 0 
0 0 0 1 0 0 0 0 0 0 
0 0 0 0 0 0 1 0 0 -m2^2 
0 2 -1 1 0 -1 1 0 -1 s+2*m1^2 
0 0 0 0 1 0 0 0 0 0 
1 0 1 0 0 0 0 -1 0 m1^2-mm^2+t 
0 0 0 0 0 0 0 0 1 0 

0
9 325
4 277
0 0 1 0 0 0 0 0 0 0 
0 1 0 0 0 0 0 0 0 -m2^2+m1^2 
1 0 0 0 0 0 0 0 0 0 
0 0 0 1 0 0 0 0 0 0 
0 0 0 0 0 0 1 0 0 -m2^2 
0 2 -1 1 0 -1 1 0 -1 s+2*m1^2 
0 0 0 0 1 0 0 0 0 0 
1 0 1 0 0 0 0 -1 0 m1^2-mm^2+t 
0 0 0 0 0 0 0 0 1 0 

1
9 328
0 52
1 0 0 0 0 0 0 0 0 0 
1 0 0 0 0 0 0 0 0 0 
1 0 0 0 0 0 0 0 0 0 
0 0 1 0 0 0 0 0 0 0 
1 0 0 0 0 0 0 0 0 0 
1 0 0 0 0 0 0 0 0 0 
0 0 0 0 1 0 0 0 0 0 
1 0 0 0 0 0 0 0 0 0 
0 0 0 0 0 1 0 0 0 0 

0
9 329
4 284
0 0 1 0 0 0 0 0 0 0 
0 1 0 0 0 0 0 0 0 -m2^2+m1^2 
1 0 0 0 0 0 0 0 0 0 
0 0 0 1 0 0 0 0 0 0 
0 0 0 0 0 0 1 0 0 -m2^2 
0 2 -1 1 0 -1 1 0 -1 s+2*m1^2 
0 0 0 0 1 0 0 0 0 0 
1 0 1 0 0 0 0 -1 0 m1^2-mm^2+t 
0 0 0 0 0 0 0 0 1 0 

1
9 330
9 106
1 0 0 0 0 0 0 0 0 0 
0 1 0 0 0 0 0 0 0 0 
1 0 0 0 0 0 0 0 0 0 
0 0 0 1 0 0 0 0 0 0 
1 0 0 0 0 0 0 0 0 0 
1 0 0 0 0 0 0 0 0 0 
0 0 0 0 0 0 1 0 0 0 
1 0 0 0 0 0 0 0 0 0 
0 0 0 0 0 1 0 0 0 0 

1
9 331
9 107
1 0 0 0 0 0 0 0 0 0 
0 1 0 0 0 0 0 0 0 0 
0 0 1 0 0 0 0 0 0 0 
0 0 0 1 0 0 0 0 0 0 
0 0 1 0 0 0 0 0 0 0 
0 0 1 0 0 0 0 0 0 0 
0 0 0 0 0 0 1 0 0 0 
0 0 1 0 0 0 0 0 0 0 
0 0 0 0 0 1 0 0 0 0 

0
9 332
4 281
0 0 1 0 0 0 0 0 0 0 
0 1 0 0 0 0 0 0 0 -m2^2+m1^2 
1 0 0 0 0 0 0 0 0 0 
0 0 0 1 0 0 0 0 0 0 
0 0 0 0 0 0 1 0 0 -m2^2 
0 2 -1 1 0 -1 1 0 -1 s+2*m1^2 
0 0 0 0 1 0 0 0 0 0 
1 0 1 0 0 0 0 -1 0 m1^2-mm^2+t 
0 0 0 0 0 0 0 0 1 0 

0
9 333
4 285
0 0 1 0 0 0 0 0 0 0 
0 1 0 0 0 0 0 0 0 -m2^2+m1^2 
1 0 0 0 0 0 0 0 0 0 
0 0 0 1 0 0 0 0 0 0 
0 0 0 0 0 0 1 0 0 -m2^2 
0 2 -1 1 0 -1 1 0 -1 s+2*m1^2 
0 0 0 0 1 0 0 0 0 0 
1 0 1 0 0 0 0 -1 0 m1^2-mm^2+t 
0 0 0 0 0 0 0 0 1 0 

0
9 353
5 216
0 0 0 1 0 0 0 0 0 0 
0 1 0 0 0 0 0 0 0 -m2^2+m1^2 
-1 0 1 1 0 0 0 0 0 -s+2*m1^2+2*mm^2 
0 0 1 0 0 0 0 0 0 0 
-2 4 1 3 -2 1 -1 -1 0 -m2^2-s+8*m1^2+2*mm^2 
0 0 0 0 0 0 1 0 0 0 
0 0 0 0 1 0 0 0 0 0 
1 0 1 0 0 0 0 0 -1 -s+m1^2+mm^2-t 
0 0 0 0 0 0 0 1 0 0 

1
9 356
5 209
0 1 0 0 0 0 0 0 0 0 
0 1 0 0 0 0 0 0 0 0 
1 0 0 0 0 0 0 0 0 0 
0 1 0 0 0 0 0 0 0 0 
0 1 0 0 0 0 0 0 0 0 
0 0 0 0 0 0 0 1 0 0 
0 0 0 0 1 0 0 0 0 0 
0 1 0 0 0 0 0 0 0 0 
0 0 0 0 0 0 1 0 0 0 

1
9 357
5 217
0 0 0 1 0 0 0 0 0 0 
0 1 0 0 0 0 0 0 0 0 
1 0 0 0 0 0 0 0 0 0 
0 1 0 0 0 0 0 0 0 0 
0 1 0 0 0 0 0 0 0 0 
0 0 0 0 0 0 0 1 0 0 
0 0 0 0 1 0 0 0 0 0 
0 1 0 0 0 0 0 0 0 0 
0 0 0 0 0 0 1 0 0 0 

0
9 360
5 212
0 0 0 1 0 0 0 0 0 0 
0 1 0 0 0 0 0 0 0 -m2^2+m1^2 
-1 0 1 1 0 0 0 0 0 -s+2*m1^2+2*mm^2 
0 0 1 0 0 0 0 0 0 0 
-2 4 1 3 -2 1 -1 -1 0 -m2^2-s+8*m1^2+2*mm^2 
0 0 0 0 0 0 1 0 0 0 
0 0 0 0 1 0 0 0 0 0 
1 0 1 0 0 0 0 0 -1 -s+m1^2+mm^2-t 
0 0 0 0 0 0 0 1 0 0 

0
9 361
5 220
0 0 0 1 0 0 0 0 0 0 
0 1 0 0 0 0 0 0 0 -m2^2+m1^2 
-1 0 1 1 0 0 0 0 0 -s+2*m1^2+2*mm^2 
0 0 1 0 0 0 0 0 0 0 
-2 4 1 3 -2 1 -1 -1 0 -m2^2-s+8*m1^2+2*mm^2 
0 0 0 0 0 0 1 0 0 0 
0 0 0 0 1 0 0 0 0 0 
1 0 1 0 0 0 0 0 -1 -s+m1^2+mm^2-t 
0 0 0 0 0 0 0 1 0 0 

1
9 364
5 213
0 1 0 0 0 0 0 0 0 0 
0 1 0 0 0 0 0 0 0 0 
1 0 0 0 0 0 0 0 0 0 
0 0 1 0 0 0 0 0 0 0 
0 1 0 0 0 0 0 0 0 0 
0 0 0 0 0 0 0 1 0 0 
0 0 0 0 1 0 0 0 0 0 
0 1 0 0 0 0 0 0 0 0 
0 0 0 0 0 0 1 0 0 0 

1
9 365
5 221
0 0 0 1 0 0 0 0 0 0 
0 1 0 0 0 0 0 0 0 0 
1 0 0 0 0 0 0 0 0 0 
0 0 1 0 0 0 0 0 0 0 
0 1 0 0 0 0 0 0 0 0 
0 0 0 0 0 0 0 1 0 0 
0 0 0 0 1 0 0 0 0 0 
0 1 0 0 0 0 0 0 0 0 
0 0 0 0 0 0 1 0 0 0 

1
9 387
7 201
1 0 0 0 0 0 0 0 0 0 
0 0 0 1 0 0 0 0 0 0 
0 1 0 0 0 0 0 0 0 0 
0 1 0 0 0 0 0 0 0 0 
0 1 0 0 0 0 0 0 0 0 
0 1 0 0 0 0 0 0 0 0 
0 1 0 0 0 0 0 0 0 0 
0 0 0 0 0 0 0 1 0 0 
0 0 0 0 0 0 1 0 0 0 

1
9 390
7 202
1 0 0 0 0 0 0 0 0 0 
0 0 0 1 0 0 0 0 0 0 
0 0 0 0 0 0 0 1 0 0 
1 0 0 0 0 0 0 0 0 0 
1 0 0 0 0 0 0 0 0 0 
1 0 0 0 0 0 0 0 0 0 
1 0 0 0 0 0 0 0 0 0 
0 1 0 0 0 0 0 0 0 0 
0 0 0 0 0 0 1 0 0 0 

1
9 391
7 203
1 0 0 0 0 0 0 0 0 0 
0 0 0 1 0 0 0 0 0 0 
0 1 0 0 0 0 0 0 0 0 
0 0 1 0 0 0 0 0 0 0 
0 0 1 0 0 0 0 0 0 0 
0 0 1 0 0 0 0 0 0 0 
0 0 1 0 0 0 0 0 0 0 
0 0 0 0 0 0 0 1 0 0 
0 0 0 0 0 0 1 0 0 0 

1
9 394
7 201
0 1 0 0 0 0 0 0 0 0 
0 0 0 1 0 0 0 0 0 0 
0 1 0 0 0 0 0 0 0 0 
1 0 0 0 0 0 0 0 0 0 
0 1 0 0 0 0 0 0 0 0 
0 1 0 0 0 0 0 0 0 0 
0 1 0 0 0 0 0 0 0 0 
0 0 0 0 0 0 0 1 0 0 
0 0 0 0 0 0 1 0 0 0 

1
9 395
9 171
1 0 0 0 0 0 0 0 0 0 
0 1 0 0 0 0 0 0 0 0 
0 0 1 0 0 0 0 0 0 0 
0 0 0 1 0 0 0 0 0 0 
0 0 1 0 0 0 0 0 0 0 
0 0 1 0 0 0 0 0 0 0 
0 0 1 0 0 0 0 0 0 0 
0 0 0 0 0 0 0 1 0 0 
0 0 0 0 0 1 0 0 0 0 

1
9 398
7 203
0 0 1 0 0 0 0 0 0 0 
0 0 0 1 0 0 0 0 0 0 
0 1 0 0 0 0 0 0 0 0 
1 0 0 0 0 0 0 0 0 0 
0 0 1 0 0 0 0 0 0 0 
0 0 1 0 0 0 0 0 0 0 
0 0 1 0 0 0 0 0 0 0 
0 0 0 0 0 0 0 1 0 0 
0 0 0 0 0 0 1 0 0 0 

1
9 399
9 175
1 0 0 0 0 0 0 0 0 0 
0 1 0 0 0 0 0 0 0 0 
0 0 1 0 0 0 0 0 0 0 
0 0 0 1 0 0 0 0 0 0 
0 0 0 0 1 0 0 0 0 0 
0 0 0 0 1 0 0 0 0 0 
0 0 0 0 1 0 0 0 0 0 
0 0 0 0 0 0 0 1 0 0 
0 0 0 0 0 1 0 0 0 0 

1
9 400
7 224
1 0 0 0 0 0 0 0 0 0 
1 0 0 0 0 0 0 0 0 0 
1 0 0 0 0 0 0 0 0 0 
1 0 0 0 0 0 0 0 0 0 
0 0 0 0 0 1 0 0 0 0 
1 0 0 0 0 0 0 0 0 0 
1 0 0 0 0 0 0 0 0 0 
0 0 0 0 0 0 1 0 0 0 
0 0 0 0 0 0 0 1 0 0 

1
9 401
8 418
0 1 0 0 0 0 0 0 0 0 
1 0 0 0 0 0 0 0 0 0 
1 0 0 0 0 0 0 0 0 0 
1 0 0 0 0 0 0 0 0 0 
0 0 0 0 0 1 0 0 0 0 
1 0 0 0 0 0 0 0 0 0 
1 0 0 0 0 0 0 0 0 0 
0 0 0 0 0 0 0 1 0 0 
0 0 0 0 0 0 0 0 1 0 

1
9 402
7 232
1 0 0 0 0 0 0 0 0 0 
0 0 0 1 0 0 0 0 0 0 
1 0 0 0 0 0 0 0 0 0 
1 0 0 0 0 0 0 0 0 0 
0 0 0 0 0 1 0 0 0 0 
1 0 0 0 0 0 0 0 0 0 
1 0 0 0 0 0 0 0 0 0 
0 0 0 0 0 0 0 1 0 0 
0 0 0 0 0 0 1 0 0 0 

1
9 404
7 226
1 0 0 0 0 0 0 0 0 0 
1 0 0 0 0 0 0 0 0 0 
0 1 0 0 0 0 0 0 0 0 
1 0 0 0 0 0 0 0 0 0 
0 0 0 0 0 1 0 0 0 0 
1 0 0 0 0 0 0 0 0 0 
1 0 0 0 0 0 0 0 0 0 
0 0 0 0 0 0 0 1 0 0 
0 0 0 0 0 0 1 0 0 0 

1
9 405
8 422
0 1 0 0 0 0 0 0 0 0 
1 0 0 0 0 0 0 0 0 0 
0 0 1 0 0 0 0 0 0 0 
1 0 0 0 0 0 0 0 0 0 
0 0 0 0 0 1 0 0 0 0 
1 0 0 0 0 0 0 0 0 0 
1 0 0 0 0 0 0 0 0 0 
0 0 0 0 0 0 0 1 0 0 
0 0 0 0 0 0 0 0 1 0 

1
9 406
7 234
1 0 0 0 0 0 0 0 0 0 
0 0 0 1 0 0 0 0 0 0 
0 1 0 0 0 0 0 0 0 0 
1 0 0 0 0 0 0 0 0 0 
0 0 0 0 0 1 0 0 0 0 
1 0 0 0 0 0 0 0 0 0 
1 0 0 0 0 0 0 0 0 0 
0 0 0 0 0 0 0 1 0 0 
0 0 0 0 0 0 1 0 0 0 

1
9 408
7 225
0 1 0 0 0 0 0 0 0 0 
0 1 0 0 0 0 0 0 0 0 
0 1 0 0 0 0 0 0 0 0 
1 0 0 0 0 0 0 0 0 0 
0 0 0 0 0 1 0 0 0 0 
0 1 0 0 0 0 0 0 0 0 
0 1 0 0 0 0 0 0 0 0 
0 0 0 0 0 0 0 1 0 0 
0 0 0 0 0 0 1 0 0 0 

1
9 409
8 419
0 1 0 0 0 0 0 0 0 0 
0 0 1 0 0 0 0 0 0 0 
0 0 1 0 0 0 0 0 0 0 
1 0 0 0 0 0 0 0 0 0 
0 0 0 0 0 1 0 0 0 0 
0 0 1 0 0 0 0 0 0 0 
0 0 1 0 0 0 0 0 0 0 
0 0 0 0 0 0 0 1 0 0 
0 0 0 0 0 0 0 0 1 0 

1
9 410
7 233
0 1 0 0 0 0 0 0 0 0 
0 0 0 1 0 0 0 0 0 0 
0 1 0 0 0 0 0 0 0 0 
1 0 0 0 0 0 0 0 0 0 
0 0 0 0 0 1 0 0 0 0 
0 1 0 0 0 0 0 0 0 0 
0 1 0 0 0 0 0 0 0 0 
0 0 0 0 0 0 0 1 0 0 
0 0 0 0 0 0 1 0 0 0 

1
9 412
7 227
0 0 1 0 0 0 0 0 0 0 
0 0 1 0 0 0 0 0 0 0 
0 1 0 0 0 0 0 0 0 0 
1 0 0 0 0 0 0 0 0 0 
0 0 0 0 0 1 0 0 0 0 
0 0 1 0 0 0 0 0 0 0 
0 0 1 0 0 0 0 0 0 0 
0 0 0 0 0 0 0 1 0 0 
0 0 0 0 0 0 1 0 0 0 

1
9 413
8 423
0 1 0 0 0 0 0 0 0 0 
0 0 0 1 0 0 0 0 0 0 
0 0 1 0 0 0 0 0 0 0 
1 0 0 0 0 0 0 0 0 0 
0 0 0 0 0 1 0 0 0 0 
0 0 0 1 0 0 0 0 0 0 
0 0 0 1 0 0 0 0 0 0 
0 0 0 0 0 0 0 1 0 0 
0 0 0 0 0 0 0 0 1 0 

1
9 414
7 235
0 0 1 0 0 0 0 0 0 0 
0 0 0 1 0 0 0 0 0 0 
0 1 0 0 0 0 0 0 0 0 
1 0 0 0 0 0 0 0 0 0 
0 0 0 0 0 1 0 0 0 0 
0 0 1 0 0 0 0 0 0 0 
0 0 1 0 0 0 0 0 0 0 
0 0 0 0 0 0 0 1 0 0 
0 0 0 0 0 0 1 0 0 0 

0
9 417
6 417
1 0 0 0 0 0 0 0 0 0 
0 1 0 0 0 0 0 0 0 -m2^2+m1^2 
0 0 1 0 0 0 0 0 0 0 
0 0 0 1 0 0 0 0 0 0 
0 0 0 0 1 0 0 0 0 -m2^2+m1^2 
0 0 0 0 0 1 0 0 0 0 
0 0 0 0 0 0 1 0 0 0 
0 0 0 0 0 0 0 1 0 0 
0 0 0 0 0 0 0 0 1 0 

0
9 420
6 420
1 0 0 0 0 0 0 0 0 0 
0 1 0 0 0 0 0 0 0 -m2^2+m1^2 
0 0 1 0 0 0 0 0 0 0 
0 0 0 1 0 0 0 0 0 0 
0 0 0 0 1 0 0 0 0 -m2^2+m1^2 
0 0 0 0 0 1 0 0 0 0 
0 0 0 0 0 0 1 0 0 0 
0 0 0 0 0 0 0 1 0 0 
0 0 0 0 0 0 0 0 1 0 

0
9 421
6 421
1 0 0 0 0 0 0 0 0 0 
0 1 0 0 0 0 0 0 0 -m2^2+m1^2 
0 0 1 0 0 0 0 0 0 0 
0 0 0 1 0 0 0 0 0 0 
0 0 0 0 1 0 0 0 0 -m2^2+m1^2 
0 0 0 0 0 1 0 0 0 0 
0 0 0 0 0 0 1 0 0 0 
0 0 0 0 0 0 0 1 0 0 
0 0 0 0 0 0 0 0 1 0 

1
9 424
6 417
0 1 0 0 0 0 0 0 0 0 
0 1 0 0 0 0 0 0 0 0 
0 1 0 0 0 0 0 0 0 0 
1 0 0 0 0 0 0 0 0 0 
0 1 0 0 0 0 0 0 0 0 
0 0 0 0 0 1 0 0 0 0 
0 1 0 0 0 0 0 0 0 0 
0 0 0 0 0 0 0 1 0 0 
0 0 0 0 0 0 0 0 1 0 

0
9 425
6 425
1 0 0 0 0 0 0 0 0 0 
0 1 0 0 0 0 0 0 0 -m2^2+m1^2 
0 0 1 0 0 0 0 0 0 0 
0 0 0 1 0 0 0 0 0 0 
0 0 0 0 1 0 0 0 0 -m2^2+m1^2 
0 0 0 0 0 1 0 0 0 0 
0 0 0 0 0 0 1 0 0 0 
0 0 0 0 0 0 0 1 0 0 
0 0 0 0 0 0 0 0 1 0 

1
9 426
9 419
0 0 1 0 0 0 0 0 0 0 
0 1 0 0 0 0 0 0 0 0 
0 0 1 0 0 0 0 0 0 0 
1 0 0 0 0 0 0 0 0 0 
0 0 1 0 0 0 0 0 0 0 
0 0 0 0 0 1 0 0 0 0 
0 0 1 0 0 0 0 0 0 0 
0 0 0 0 0 0 0 1 0 0 
0 0 0 0 0 0 0 0 1 0 

1
9 428
6 421
0 1 0 0 0 0 0 0 0 0 
0 1 0 0 0 0 0 0 0 0 
0 0 1 0 0 0 0 0 0 0 
1 0 0 0 0 0 0 0 0 0 
0 1 0 0 0 0 0 0 0 0 
0 0 0 0 0 1 0 0 0 0 
0 1 0 0 0 0 0 0 0 0 
0 0 0 0 0 0 0 1 0 0 
0 0 0 0 0 0 0 0 1 0 

0
9 429
6 429
1 0 0 0 0 0 0 0 0 0 
0 1 0 0 0 0 0 0 0 -m2^2+m1^2 
0 0 1 0 0 0 0 0 0 0 
0 0 0 1 0 0 0 0 0 0 
0 0 0 0 1 0 0 0 0 -m2^2+m1^2 
0 0 0 0 0 1 0 0 0 0 
0 0 0 0 0 0 1 0 0 0 
0 0 0 0 0 0 0 1 0 0 
0 0 0 0 0 0 0 0 1 0 

1
9 430
9 423
0 0 0 1 0 0 0 0 0 0 
0 1 0 0 0 0 0 0 0 0 
0 0 1 0 0 0 0 0 0 0 
1 0 0 0 0 0 0 0 0 0 
0 0 0 1 0 0 0 0 0 0 
0 0 0 0 0 1 0 0 0 0 
0 0 0 1 0 0 0 0 0 0 
0 0 0 0 0 0 0 1 0 0 
0 0 0 0 0 0 0 0 1 0 

0
9 448
4 448
1 0 0 0 0 0 0 0 0 -m1^2 
0 1 0 0 0 0 0 0 0 -m2^2+m1^2 
0 0 1 0 0 0 0 0 0 m1^2 
1 0 1 -1 0 0 0 0 0 s-m1^2 
0 0 0 0 1 0 0 0 0 -m2^2 
0 2 -1 1 0 -1 1 0 -1 s+2*m1^2 
0 0 0 0 0 0 1 0 0 0 
0 0 0 0 0 0 0 1 0 0 
0 0 0 0 0 0 0 0 1 0 

1
9 449
4 450
0 1 0 0 0 0 0 0 0 0 
1 0 0 0 0 0 0 0 0 0 
1 0 0 0 0 0 0 0 0 0 
1 0 0 0 0 0 0 0 0 0 
1 0 0 0 0 0 0 0 0 0 
1 0 0 0 0 0 0 0 0 0 
0 0 0 0 0 0 1 0 0 0 
0 0 0 0 0 0 0 0 1 0 
0 0 0 0 0 0 0 1 0 0 

0
9 452
6 452
1 0 0 0 0 0 0 0 0 0 
0 1 0 0 0 0 0 0 0 -m2^2+m1^2 
0 0 1 0 0 0 0 0 0 0 
0 0 0 1 0 0 0 0 0 0 
0 0 0 0 1 0 0 0 0 -m2^2+m1^2 
0 0 0 0 0 1 0 0 0 0 
0 0 0 0 0 0 1 0 0 0 
0 0 0 0 0 0 0 1 0 0 
0 0 0 0 0 0 0 0 1 0 

0
9 453
6 453
1 0 0 0 0 0 0 0 0 0 
0 1 0 0 0 0 0 0 0 -m2^2+m1^2 
0 0 1 0 0 0 0 0 0 0 
0 0 0 1 0 0 0 0 0 0 
0 0 0 0 1 0 0 0 0 -m2^2+m1^2 
0 0 0 0 0 1 0 0 0 0 
0 0 0 0 0 0 1 0 0 0 
0 0 0 0 0 0 0 1 0 0 
0 0 0 0 0 0 0 0 1 0 

0
9 456
6 456
1 0 0 0 0 0 0 0 0 0 
0 1 0 0 0 0 0 0 0 -m2^2+m1^2 
0 0 1 0 0 0 0 0 0 0 
0 0 0 1 0 0 0 0 0 0 
0 0 0 0 1 0 0 0 0 -m2^2+m1^2 
0 0 0 0 0 1 0 0 0 0 
0 0 0 0 0 0 1 0 0 0 
0 0 0 0 0 0 0 1 0 0 
0 0 0 0 0 0 0 0 1 0 

0
9 457
6 457
1 0 0 0 0 0 0 0 0 0 
0 1 0 0 0 0 0 0 0 -m2^2+m1^2 
0 0 1 0 0 0 0 0 0 0 
0 0 0 1 0 0 0 0 0 0 
0 0 0 0 1 0 0 0 0 -m2^2+m1^2 
0 0 0 0 0 1 0 0 0 0 
0 0 0 0 0 0 1 0 0 0 
0 0 0 0 0 0 0 1 0 0 
0 0 0 0 0 0 0 0 1 0 

0
9 460
6 460
1 0 0 0 0 0 0 0 0 0 
0 1 0 0 0 0 0 0 0 -m2^2+m1^2 
0 0 1 0 0 0 0 0 0 0 
0 0 0 1 0 0 0 0 0 0 
0 0 0 0 1 0 0 0 0 -m2^2+m1^2 
0 0 0 0 0 1 0 0 0 0 
0 0 0 0 0 0 1 0 0 0 
0 0 0 0 0 0 0 1 0 0 
0 0 0 0 0 0 0 0 1 0 

0
9 461
6 461
1 0 0 0 0 0 0 0 0 0 
0 1 0 0 0 0 0 0 0 -m2^2+m1^2 
0 0 1 0 0 0 0 0 0 0 
0 0 0 1 0 0 0 0 0 0 
0 0 0 0 1 0 0 0 0 -m2^2+m1^2 
0 0 0 0 0 1 0 0 0 0 
0 0 0 0 0 0 1 0 0 0 
0 0 0 0 0 0 0 1 0 0 
0 0 0 0 0 0 0 0 1 0 

1
9 480
5 480
1 0 0 0 0 0 0 0 0 0 
1 0 0 0 0 0 0 0 0 0 
1 0 0 0 0 0 0 0 0 0 
1 0 0 0 0 0 0 0 0 0 
1 0 0 0 0 0 0 0 0 0 
0 0 0 0 0 0 0 1 0 0 
0 0 0 0 0 1 0 0 0 0 
0 0 0 0 0 0 0 0 1 0 
0 0 0 0 0 0 1 0 0 0 

0
9 481
6 481
1 0 0 0 0 0 0 0 0 0 
0 1 0 0 0 0 0 0 0 -m2^2+m1^2 
0 0 1 0 0 0 0 0 0 0 
0 0 0 1 0 0 0 0 0 0 
0 0 0 0 1 0 0 0 0 -m2^2+m1^2 
0 0 0 0 0 1 0 0 0 0 
0 0 0 0 0 0 1 0 0 0 
0 0 0 0 0 0 0 1 0 0 
0 0 0 0 0 0 0 0 1 0 

0
9 484
6 484
1 0 0 0 0 0 0 0 0 0 
0 1 0 0 0 0 0 0 0 -m2^2+m1^2 
0 0 1 0 0 0 0 0 0 0 
0 0 0 1 0 0 0 0 0 0 
0 0 0 0 1 0 0 0 0 -m2^2+m1^2 
0 0 0 0 0 1 0 0 0 0 
0 0 0 0 0 0 1 0 0 0 
0 0 0 0 0 0 0 1 0 0 
0 0 0 0 0 0 0 0 1 0 

0
9 485
6 485
1 0 0 0 0 0 0 0 0 0 
0 1 0 0 0 0 0 0 0 -m2^2+m1^2 
0 0 1 0 0 0 0 0 0 0 
0 0 0 1 0 0 0 0 0 0 
0 0 0 0 1 0 0 0 0 -m2^2+m1^2 
0 0 0 0 0 1 0 0 0 0 
0 0 0 0 0 0 1 0 0 0 
0 0 0 0 0 0 0 1 0 0 
0 0 0 0 0 0 0 0 1 0 

0
9 488
6 488
1 0 0 0 0 0 0 0 0 0 
0 1 0 0 0 0 0 0 0 -m2^2+m1^2 
0 0 1 0 0 0 0 0 0 0 
0 0 0 1 0 0 0 0 0 0 
0 0 0 0 1 0 0 0 0 -m2^2+m1^2 
0 0 0 0 0 1 0 0 0 0 
0 0 0 0 0 0 1 0 0 0 
0 0 0 0 0 0 0 1 0 0 
0 0 0 0 0 0 0 0 1 0 

0
9 489
6 489
1 0 0 0 0 0 0 0 0 0 
0 1 0 0 0 0 0 0 0 -m2^2+m1^2 
0 0 1 0 0 0 0 0 0 0 
0 0 0 1 0 0 0 0 0 0 
0 0 0 0 1 0 0 0 0 -m2^2+m1^2 
0 0 0 0 0 1 0 0 0 0 
0 0 0 0 0 0 1 0 0 0 
0 0 0 0 0 0 0 1 0 0 
0 0 0 0 0 0 0 0 1 0 

0
9 492
6 492
1 0 0 0 0 0 0 0 0 0 
0 1 0 0 0 0 0 0 0 -m2^2+m1^2 
0 0 1 0 0 0 0 0 0 0 
0 0 0 1 0 0 0 0 0 0 
0 0 0 0 1 0 0 0 0 -m2^2+m1^2 
0 0 0 0 0 1 0 0 0 0 
0 0 0 0 0 0 1 0 0 0 
0 0 0 0 0 0 0 1 0 0 
0 0 0 0 0 0 0 0 1 0 

0
9 493
6 493
1 0 0 0 0 0 0 0 0 0 
0 1 0 0 0 0 0 0 0 -m2^2+m1^2 
0 0 1 0 0 0 0 0 0 0 
0 0 0 1 0 0 0 0 0 0 
0 0 0 0 1 0 0 0 0 -m2^2+m1^2 
0 0 0 0 0 1 0 0 0 0 
0 0 0 0 0 0 1 0 0 0 
0 0 0 0 0 0 0 1 0 0 
0 0 0 0 0 0 0 0 1 0 

