A7[-2, 1, 1, 0]
A7[-2, 1, 1, 1]
A7[-1, 0, 1, 0]
A7[-1, 0, 1, 1]
A7[-1, 1, 0, 0]
A7[-1, 1, 0, 1]
A7[-1, 1, 1, -1]
A7[-1, 1, 1, 0]
A7[-1, 1, 1, 1]
A7[0, -1, 1, 0]
A7[0, -1, 1, 1]
A7[0, 0, 0, 0]
A7[0, 0, 0, 1]
A7[0, 0, 1, -1]
A7[0, 0, 1, 0]
A7[0, 0, 1, 1]
A7[0, 1, -1, 0]
A7[0, 1, -1, 1]
A7[0, 1, 0, -1]
A7[0, 1, 0, 0]
A7[0, 1, 0, 1]
A7[0, 1, 1, -2]
A7[0, 1, 1, -1]
A7[0, 1, 1, 0]
A7[0, 1, 1, 1]
A7[-2, 1, 1, 0]
A7[-2, 1, 1, 1]
A7[-1, 0, 1, 0]
A7[-1, 0, 1, 1]
A7[-1, 1, 0, 0]
A7[-1, 1, 0, 1]
A7[-1, 1, 1, -1]
A7[-1, 1, 1, 0]
A7[-1, 1, 1, 1]
A7[0, -1, 1, 0]
A7[0, -1, 1, 1]
A7[0, 0, 0, 0]
A7[0, 0, 0, 1]
A7[0, 0, 1, -1]
A7[0, 0, 1, 0]
A7[0, 0, 1, 1]
A7[0, 1, -1, 0]
A7[0, 1, -1, 1]
A7[0, 1, 0, -1]
A7[0, 1, 0, 0]
A7[0, 1, 0, 1]
A7[0, 1, 1, -2]
A7[0, 1, 1, -1]
A7[0, 1, 1, 0]
A7[0, 1, 1, 1]
A7[-2, 0, 1, 0]
A7[-2, 0, 1, 1]
A7[-2, 1, 0, 0]
A7[-2, 1, 0, 1]
A7[-1, -1, 1, 0]
A7[-1, -1, 1, 1]
A7[-1, 0, 0, 0]
A7[-1, 0, 0, 1]
A7[-1, 0, 1, -1]
A7[-1, 1, -1, 0]
A7[-1, 1, -1, 1]
A7[-1, 1, 0, -1]
A7[0, -2, 1, 0]
A7[0, -2, 1, 1]
A7[0, -1, 0, 0]
A7[0, -1, 0, 1]
A7[0, -1, 1, -1]
A7[0, 0, -1, 0]
A7[0, 0, -1, 1]
A7[0, 0, 0, -1]
A7[0, 0, 1, -2]
A7[0, 1, -2, 0]
A7[0, 1, -2, 1]
A7[0, 1, -1, -1]
A7[0, 1, 0, -2]
A7[-2, 0, 1, 0]
A7[-2, 0, 1, 1]
A7[-2, 1, 0, 0]
A7[-2, 1, 0, 1]
A7[-1, -1, 1, 0]
A7[-1, -1, 1, 1]
A7[-1, 0, 0, 0]
A7[-1, 0, 0, 1]
A7[-1, 0, 1, -1]
A7[-1, 1, -1, 0]
A7[-1, 1, -1, 1]
A7[-1, 1, 0, -1]
A7[0, -2, 1, 0]
A7[0, -2, 1, 1]
A7[0, -1, 0, 0]
A7[0, -1, 0, 1]
A7[0, -1, 1, -1]
A7[0, 0, -1, 0]
A7[0, 0, -1, 1]
A7[0, 0, 0, -1]
A7[0, 0, 1, -2]
A7[0, 1, -2, 0]
A7[0, 1, -2, 1]
A7[0, 1, -1, -1]
A7[0, 1, 0, -2]
A7[-1, 0, 1, 0]
A7[-1, 1, 0, 0]
A7[-1, 1, 1, 0]
A7[0, -1, 1, 0]
A7[0, 0, 0, 0]
A7[0, 0, 1, -1]
A7[0, 0, 1, 0]
A7[0, 1, -1, 0]
A7[0, 1, 0, -1]
A7[0, 1, 0, 0]
A7[0, 1, 1, -1]
A7[0, 1, 1, 0]
A7[-1, 0, 1, 0]
A7[-1, 1, 0, 0]
A7[-1, 1, 1, 0]
A7[0, -1, 1, 0]
A7[0, 0, 0, 0]
A7[0, 0, 1, -1]
A7[0, 0, 1, 0]
A7[0, 1, -1, 0]
A7[0, 1, 0, -1]
A7[0, 1, 0, 0]
A7[0, 1, 1, -1]
A7[0, 1, 1, 0]
A7[-2, 1, 1, 0]
A7[-1, 0, 1, 0]
A7[-1, 1, 0, 0]
A7[-1, 1, 1, -1]
A7[-1, 1, 1, 0]
A7[0, -1, 1, 0]
A7[0, 0, 0, 0]
A7[0, 0, 1, -1]
A7[0, 0, 1, 0]
A7[0, 1, -1, 0]
A7[0, 1, 0, -1]
A7[0, 1, 0, 0]
A7[0, 1, 1, -2]
A7[0, 1, 1, -1]
A7[0, 1, 1, 0]
A7[-2, 1, 1, 0]
A7[-1, 0, 1, 0]
A7[-1, 1, 0, 0]
A7[-1, 1, 1, -1]
A7[-1, 1, 1, 0]
A7[0, -1, 1, 0]
A7[0, 0, 0, 0]
A7[0, 0, 1, -1]
A7[0, 0, 1, 0]
A7[0, 1, -1, 0]
A7[0, 1, 0, -1]
A7[0, 1, 0, 0]
A7[0, 1, 1, -2]
A7[0, 1, 1, -1]
A7[0, 1, 1, 0]
A7[-2, -1, 1, 0]
A7[-2, 0, 0, 0]
A7[-2, 1, -1, 0]
A7[-1, -2, 1, 0]
A7[-1, -1, 0, 0]
A7[-1, -1, 1, -1]
A7[-1, 0, -1, 0]
A7[-1, 0, 0, -1]
A7[-1, 1, -2, 0]
A7[-1, 1, -1, -1]
A7[0, -3, 1, 0]
A7[0, -2, 0, 0]
A7[0, -2, 1, -1]
A7[0, -1, -1, 0]
A7[0, -1, 0, -1]
A7[0, -1, 1, -2]
A7[0, 0, -2, 0]
A7[0, 0, -1, -1]
A7[0, 0, 0, -2]
A7[0, 1, -3, 0]
A7[0, 1, -2, -1]
A7[0, 1, -1, -2]