0
8 6
0 6
1 0 0 0 0 
0 1 0 0 0 
0 0 1 0 0 
0 0 0 1 -m1^2 

0
8 7
0 7
1 0 0 0 0 
0 1 0 0 0 
0 0 1 0 0 
0 0 0 1 -m1^2 

0
8 8
2 1
2 0 0 -1 2*m1^2+2*t 
1 1 0 -1 m1^2+t 
1 0 1 -1 m1^2+t 
1 0 0 0 0 

0
8 9
2 9
0 0 0 1 0 
1 -1 0 1 m1^2-t 
1 0 -1 1 m1^2-t 
1 0 0 0 0 

1
8 10
2 3
0 0 1 0 0 
0 1 0 0 0 
0 0 1 0 0 
1 0 0 0 0 

1
8 11
2 11
0 0 0 1 0 
0 1 0 0 0 
0 0 1 0 0 
1 0 0 0 0 

1
8 12
2 3
0 0 1 0 0 
0 0 1 0 0 
0 1 0 0 0 
1 0 0 0 0 

1
8 13
2 11
0 0 0 1 0 
0 0 1 0 0 
0 1 0 0 0 
1 0 0 0 0 

1
8 14
2 7
0 0 0 1 0 
0 0 1 0 0 
0 1 0 0 0 
1 0 0 0 0 

1
8 15
2 15
0 0 0 1 0 
0 1 0 0 0 
0 0 1 0 0 
1 0 0 0 0 

